0 0.062750 0.496422 0.050891 0.806424
0 0.102833 0.492675 0.050891 0.806424
0 0.099233 0.298433 0.050891 0.806424
0 0.129167 0.481601 0.050891 0.806424
0 0.206167 0.396252 0.050891 0.806424
0 0.263833 0.304429 0.050891 0.806424
0 0.316667 0.298978 0.050891 0.806424
0 0.376000 0.296934 0.050891 0.806424
0 0.432833 0.295400 0.050891 0.806424
0 0.484333 0.293867 0.050891 0.806424
0 0.541500 0.433049 0.050891 0.806424
0 0.598833 0.428109 0.050891 0.806424
0 0.653833 0.468825 0.050891 0.806424
0 0.713000 0.463373 0.050891 0.806424
0 0.766167 0.469847 0.050891 0.806424
0 0.826667 0.471039 0.050891 0.806424
0 0.872500 0.471550 0.050891 0.806424
0 0.938167 0.473083 0.050891 0.806424