0 0.428700 0.329086 0.131836 0.119792
0 0.719750 0.618850 0.131836 0.119792
0 0.122006 0.086437 0.131836 0.119792
0 0.281831 0.088058 0.131836 0.119792
0 0.437337 0.084807 0.131836 0.119792
0 0.585287 0.091320 0.131836 0.119792
0 0.740794 0.084807 0.131836 0.119792
0 0.886581 0.081546 0.131836 0.119792
0 0.116606 0.218341 0.131836 0.119792
0 0.279669 0.219972 0.131836 0.119792
0 0.430856 0.215090 0.131836 0.119792
0 0.582044 0.213459 0.131836 0.119792
0 0.736475 0.215090 0.131836 0.119792
0 0.877944 0.206946 0.131836 0.119792
0 0.120925 0.345372 0.131836 0.119792
0 0.288313 0.346993 0.131836 0.119792
0 0.580969 0.338850 0.131836 0.119792
0 0.725675 0.353516 0.131836 0.119792
0 0.879025 0.348624 0.131836 0.119792
0 0.122006 0.482168 0.131836 0.119792
0 0.290469 0.483789 0.131836 0.119792
0 0.433019 0.482168 0.131836 0.119792
0 0.578806 0.485419 0.131836 0.119792
0 0.726756 0.478907 0.131836 0.119792
0 0.880100 0.467512 0.131836 0.119792
0 0.130644 0.612451 0.131836 0.119792
0 0.292631 0.605928 0.131836 0.119792
0 0.420063 0.605928 0.131836 0.119792
0 0.584206 0.607559 0.131836 0.119792
0 0.882262 0.605928 0.131836 0.119792
0 0.127400 0.732959 0.131836 0.119792
0 0.299106 0.729698 0.131836 0.119792
0 0.430856 0.724816 0.131836 0.119792
0 0.584206 0.721555 0.131836 0.119792
0 0.724594 0.732959 0.131836 0.119792
0 0.877944 0.728068 0.131836 0.119792
0 0.134963 0.858351 0.131836 0.119792
0 0.276431 0.850207 0.131836 0.119792
0 0.434100 0.853468 0.131836 0.119792
0 0.577725 0.856720 0.131836 0.119792
0 0.734313 0.856720 0.131836 0.119792
0 0.879025 0.850207 0.131836 0.119792