0 0.138134 0.094146 0.223851 0.184896
0 0.145376 0.266250 0.223851 0.184896
0 0.141033 0.451208 0.223851 0.184896
0 0.143920 0.620750 0.223851 0.184896
0 0.143920 0.805708 0.223851 0.184896
0 0.141033 0.988104 0.223851 0.184896
0 0.429026 0.071021 0.223851 0.184896
0 0.430481 0.248271 0.223851 0.184896
0 0.421796 0.433229 0.223851 0.184896
0 0.424683 0.633604 0.223851 0.184896
0 0.426138 0.787729 0.223851 0.184896
0 0.420340 0.977833 0.223851 0.184896
0 0.721373 0.091563 0.223851 0.184896
0 0.724261 0.268813 0.223851 0.184896
0 0.718474 0.456354 0.223851 0.184896
0 0.717031 0.649021 0.223851 0.184896
0 0.712688 0.823688 0.223851 0.184896
0 0.708345 0.985521 0.223851 0.184896
0 0.992007 0.099271 0.223851 0.184896
0 0.981878 0.006792 0.223851 0.184896
0 0.997793 0.273958 0.223851 0.184896
0 0.994894 0.456354 0.223851 0.184896
0 0.987664 0.643875 0.223851 0.184896
0 0.987664 0.808271 0.223851 0.184896
0 0.984765 0.990667 0.223851 0.184896