0 0.072100 0.081831 0.139208 0.187500
0 0.192438 0.077291 0.139208 0.187500
0 0.301631 0.098494 0.139208 0.187500
0 0.064300 0.206077 0.139208 0.187500
0 0.219177 0.209100 0.139208 0.187500
0 0.179062 0.337897 0.139208 0.187500
0 0.048700 0.477291 0.139208 0.187500
0 0.187977 0.586381 0.139208 0.187500
0 0.134500 0.801527 0.139208 0.187500
0 0.086585 0.666684 0.139208 0.187500
0 0.428654 0.695471 0.139208 0.187500
0 0.359569 0.406077 0.139208 0.187500
0 0.561246 0.486381 0.139208 0.187500
0 0.309431 0.231831 0.139208 0.187500
0 0.392992 0.256077 0.139208 0.187500
0 0.411938 0.154561 0.139208 0.187500
0 0.492162 0.028797 0.139208 0.187500
0 0.349538 0.022741 0.139208 0.187500
0 0.535615 0.157594 0.139208 0.187500
0 0.475446 0.271224 0.139208 0.187500
0 0.582415 0.296987 0.139208 0.187500
0 0.576838 0.072741 0.139208 0.187500
0 0.690492 0.068201 0.139208 0.187500
0 0.655954 0.237897 0.139208 0.187500
0 0.769600 0.251527 0.139208 0.187500
0 0.689377 0.180314 0.139208 0.187500
0 0.800800 0.115167 0.139208 0.187500
0 0.836454 0.021224 0.139208 0.187500
0 0.924477 0.113651 0.139208 0.187500
0 0.892169 0.339404 0.139208 0.187500
0 0.868769 0.222741 0.139208 0.187500
0 0.976846 0.240921 0.139208 0.187500
0 0.962362 0.580314 0.139208 0.187500
0 0.832000 0.604561 0.139208 0.187500
0 0.836454 0.477291 0.139208 0.187500
0 0.755115 0.380314 0.139208 0.187500
0 0.693831 0.451527 0.139208 0.187500
0 0.843138 0.804561 0.139208 0.187500
0 0.973500 0.843954 0.139208 0.187500
0 0.947877 0.712134 0.139208 0.187500
0 0.691608 0.801527 0.139208 0.187500
0 0.682692 0.645471 0.139208 0.187500
0 0.593554 0.853044 0.139208 0.187500
0 0.541185 0.763651 0.139208 0.187500
0 0.601354 0.728797 0.139208 0.187500
0 0.466531 0.875774 0.139208 0.187500
0 0.010815 0.646987 0.139208 0.187500