0 0.038262 0.207869 0.149380 0.197049
0 0.155654 0.136967 0.149380 0.197049
0 0.249846 0.158781 0.149380 0.197049
0 0.330377 0.104242 0.149380 0.197049
0 0.402723 0.173330 0.149380 0.197049
0 0.466885 0.082418 0.149380 0.197049
0 0.569262 0.156967 0.149380 0.197049
0 0.679831 0.082418 0.149380 0.197049
0 0.789031 0.136967 0.149380 0.197049
0 0.855915 0.064242 0.149380 0.197049
0 0.903692 0.149693 0.149380 0.197049
0 0.920077 0.327869 0.149380 0.197049
0 0.780838 0.262418 0.149380 0.197049
0 0.743985 0.400605 0.149380 0.197049
0 0.656623 0.266055 0.149380 0.197049
0 0.543323 0.273330 0.149380 0.197049
0 0.364508 0.344242 0.149380 0.197049
0 0.303077 0.271506 0.149380 0.197049
0 0.193877 0.329693 0.149380 0.197049
0 0.102415 0.322418 0.149380 0.197049
0 0.027338 0.382418 0.149380 0.197049
0 0.046454 0.495143 0.149380 0.197049
0 0.157023 0.464242 0.149380 0.197049
0 0.252569 0.522418 0.149380 0.197049
0 0.128354 0.616967 0.149380 0.197049
0 0.005500 0.658781 0.149380 0.197049
0 0.009600 0.882418 0.149380 0.197049
0 0.143369 0.984242 0.149380 0.197049
0 0.152923 0.822418 0.149380 0.197049
0 0.258031 0.704242 0.149380 0.197049
0 0.268954 0.867869 0.149380 0.197049
0 0.383615 0.844242 0.149380 0.197049
0 0.289431 0.971506 0.149380 0.197049
0 0.380885 0.662418 0.149380 0.197049
0 0.382254 0.491506 0.149380 0.197049
0 0.293523 0.426055 0.149380 0.197049
0 0.458692 0.586055 0.149380 0.197049
0 0.483262 0.444242 0.149380 0.197049
0 0.451869 0.302418 0.149380 0.197049
0 0.480531 0.233330 0.149380 0.197049
0 0.809508 0.493330 0.149380 0.197049
0 0.649800 0.480605 0.149380 0.197049
0 0.588369 0.396967 0.149380 0.197049
0 0.582908 0.629693 0.149380 0.197049
0 0.506469 0.793330 0.149380 0.197049
0 0.622500 0.864242 0.149380 0.197049
0 0.505108 0.971506 0.149380 0.197049
0 0.709862 0.989693 0.149380 0.197049
0 0.784938 0.886055 0.149380 0.197049
0 0.873662 0.966055 0.149380 0.197049
0 0.873662 0.966055 0.149380 0.197049
0 0.939185 0.871506 0.149380 0.197049
0 0.860015 0.656967 0.149380 0.197049
0 0.992423 0.662418 0.149380 0.197049
0 0.930992 0.515143 0.149380 0.197049
0 0.712592 0.691506 0.149380 0.197049
0 0.701669 0.791506 0.149380 0.197049
0 0.809508 0.771506 0.149380 0.197049
0 0.603385 0.756967 0.149380 0.197049
0 0.703031 0.569693 0.149380 0.197049
0 0.775385 0.595143 0.149380 0.197049
0 0.989692 0.416967 0.149380 0.197049
0 0.986962 0.222418 0.149380 0.197049
0 0.686654 0.942418 0.149380 0.197049
0 0.914615 0.991506 0.149380 0.197049
0 0.858646 0.247869 0.149380 0.197049