0 0.062222 0.065906 0.271605 0.156250
0 0.260822 0.065906 0.271605 0.156250
0 0.512156 0.065906 0.271605 0.156250
0 0.757467 0.068094 0.271605 0.156250
0 0.962111 0.072438 0.271605 0.156250
0 0.910911 0.223000 0.271605 0.156250
0 0.670422 0.209906 0.271605 0.156250
0 0.375778 0.212094 0.271605 0.156250
0 0.101178 0.218625 0.271605 0.156250
0 0.042067 0.371344 0.271605 0.156250
0 0.237556 0.353906 0.271605 0.156250
0 0.496800 0.351719 0.271605 0.156250
0 0.772978 0.358281 0.271605 0.156250
0 0.949844 0.364812 0.271605 0.156250
0 0.883133 0.495719 0.271605 0.156250
0 0.617667 0.515344 0.271605 0.156250
0 0.364778 0.504437 0.271605 0.156250
0 0.122889 0.497906 0.271605 0.156250
0 0.049978 0.641906 0.271605 0.156250
0 0.228400 0.644094 0.271605 0.156250
0 0.485800 0.650625 0.271605 0.156250
0 0.771422 0.652813 0.271605 0.156250
0 0.943489 0.652813 0.271605 0.156250
0 0.875378 0.788094 0.271605 0.156250
0 0.959156 0.908094 0.271605 0.156250
0 0.793000 0.919000 0.271605 0.156250
0 0.591289 0.812094 0.271605 0.156250
0 0.394244 0.803344 0.271605 0.156250
0 0.501467 0.910281 0.271605 0.156250
0 0.267022 0.921187 0.271605 0.156250
0 0.091711 0.799000 0.271605 0.156250
0 0.059133 0.910281 0.271605 0.156250