0 0.168044 0.075456 0.353205 0.167535
0 0.520599 0.075456 0.353205 0.167535
0 0.840957 0.071096 0.353205 0.167535
0 0.950428 0.265277 0.353205 0.167535
0 0.728269 0.263094 0.353205 0.167535
0 0.296830 0.241276 0.353205 0.167535
0 0.071455 0.234729 0.353205 0.167535
0 0.166433 0.420185 0.353205 0.167535
0 0.491622 0.424549 0.353205 0.167535
0 0.837740 0.409278 0.353205 0.167535
0 0.950428 0.577275 0.353205 0.167535
0 0.694461 0.581639 0.353205 0.167535
0 0.362835 0.592551 0.353205 0.167535
0 0.066624 0.596911 0.353205 0.167535
0 0.156776 0.743094 0.353205 0.167535
0 0.488401 0.747459 0.353205 0.167535
0 0.866717 0.725640 0.353205 0.167535
0 0.969747 0.919821 0.353205 0.167535
0 0.710560 0.930733 0.353205 0.167535
0 0.349957 0.924186 0.353205 0.167535
0 0.040867 0.917638 0.353205 0.167535