0 0.045400 0.243750 0.441840 0.101562
0 0.243950 0.245950 0.441840 0.101562
0 0.257050 0.163000 0.441840 0.101562
0 0.562500 0.163000 0.441840 0.101562
0 0.662850 0.261200 0.441840 0.101562
0 0.857050 0.132450 0.441840 0.101562
0 0.651950 0.341950 0.441840 0.101562
0 0.241800 0.355000 0.441840 0.101562
0 0.060700 0.461950 0.441840 0.101562
0 0.289800 0.444450 0.441840 0.101562
0 0.689050 0.470650 0.441840 0.101562
0 0.937800 0.337550 0.441840 0.101562
0 0.878850 0.542650 0.441840 0.101562
0 0.610500 0.549200 0.441840 0.101562
0 0.211250 0.553550 0.441840 0.101562
0 0.036700 0.649550 0.441840 0.101562
0 0.054150 0.730300 0.441840 0.101562
0 0.283250 0.627750 0.441840 0.101562
0 0.084700 0.819750 0.441840 0.101562
0 0.348700 0.828450 0.441840 0.101562
0 0.501400 0.734650 0.441840 0.101562
0 0.739250 0.627750 0.441840 0.101562
0 0.863600 0.712850 0.441840 0.101562
0 0.778500 0.815400 0.441840 0.101562
0 0.984050 0.816250 0.441840 0.101562