0 0.076646 0.062043 0.330903 0.250868
0 0.333671 0.080915 0.330903 0.250868
0 0.684634 0.102530 0.330903 0.250868
0 0.935183 0.102530 0.330903 0.250868
0 0.849866 0.340122 0.330903 0.250868
0 0.494573 0.334695 0.330903 0.250868
0 0.169524 0.299604 0.330903 0.250868
0 0.064768 0.531799 0.330903 0.250868
0 0.318549 0.539878 0.330903 0.250868
0 0.666280 0.556098 0.330903 0.250868
0 0.928695 0.569604 0.330903 0.250868
0 0.832585 0.809878 0.330903 0.250868
0 0.988098 0.809878 0.330903 0.250868
0 0.504293 0.807165 0.330903 0.250868
0 0.249439 0.780183 0.330903 0.250868
0 0.057207 0.755884 0.330903 0.250868