0 0.630140 0.221495 0.104023 0.226562
0 0.504770 0.133671 0.104023 0.226562
0 0.025070 0.463036 0.104023 0.226562
0 0.050510 0.701828 0.104023 0.226562
0 0.232210 0.655166 0.104023 0.226562
0 0.264920 0.836329 0.104023 0.226562
0 0.406650 0.814366 0.104023 0.226562
0 0.470240 0.885725 0.104023 0.226562
0 0.484780 0.965332 0.104023 0.226562
0 0.668300 0.984547 0.104023 0.226562
0 0.908150 0.715559 0.104023 0.226562
0 0.889980 0.611254 0.104023 0.226562
0 0.884530 0.408142 0.104023 0.226562
0 0.833650 0.624985 0.104023 0.226562
0 0.797310 0.402659 0.104023 0.226562
0 0.688290 0.432840 0.104023 0.226562
0 0.701010 0.279139 0.104023 0.226562
0 0.671940 0.893958 0.104023 0.226562
0 0.631960 0.873384 0.104023 0.226562
0 0.760240 0.916193 0.104023 0.226562