0 0.762650 0.723404 0.101361 0.170139
0 0.662950 0.685234 0.101361 0.170139
0 0.392350 0.814319 0.101361 0.170139
0 0.198650 0.781596 0.101361 0.170139
0 0.034867 0.754319 0.101361 0.170139
0 0.014917 0.470681 0.101361 0.170139
0 0.124583 0.376149 0.101361 0.170139
0 0.019200 0.254319 0.101361 0.170139
0 0.217167 0.254319 0.101361 0.170139
0 0.336800 0.288872 0.101361 0.170139
0 0.292650 0.263404 0.101361 0.170139
0 0.319717 0.265234 0.101361 0.170139
0 0.289800 0.323404 0.101361 0.170139
0 0.317433 0.411043 0.101361 0.170139
0 0.337233 0.435043 0.101361 0.170139
0 0.273000 0.511957 0.101361 0.170139
0 0.365850 0.472872 0.101361 0.170139
0 0.429233 0.435043 0.101361 0.170139
0 0.376817 0.575234 0.101361 0.170139
0 0.497450 0.605404 0.101361 0.170139
0 0.540033 0.438872 0.101361 0.170139
0 0.612250 0.429957 0.101361 0.170139
0 0.663667 0.474149 0.101361 0.170139
0 0.812917 0.491766 0.101361 0.170139
0 0.885133 0.472872 0.101361 0.170139
0 0.815917 0.387043 0.101361 0.170139
0 0.892117 0.342872 0.101361 0.170139
0 0.906917 0.296149 0.101361 0.170139
0 0.833717 0.288511 0.101361 0.170139
0 0.783300 0.280872 0.101361 0.170139
0 0.798117 0.326319 0.101361 0.170139
0 0.764500 0.355404 0.101361 0.170139
0 0.704117 0.393404 0.101361 0.170139
0 0.701267 0.332681 0.101361 0.170139
0 0.659683 0.320149 0.101361 0.170139
0 0.606267 0.294872 0.101361 0.170139
0 0.606267 0.328872 0.101361 0.170139
0 0.578500 0.345404 0.101361 0.170139
0 0.550867 0.320149 0.101361 0.170139
0 0.495467 0.345404 0.101361 0.170139
0 0.491467 0.315043 0.101361 0.170139
0 0.446033 0.313766 0.101361 0.170139
0 0.416417 0.345404 0.101361 0.170139
0 0.989533 0.466511 0.101361 0.170139
0 0.988100 0.393766 0.101361 0.170139
0 1.000000 0.288319 0.101361 0.170139
0 0.995233 0.797404 0.101361 0.170139