0 0.962000 0.857867 0.411458 0.195312
0 0.415454 0.820769 0.411458 0.195312
0 0.718177 0.393138 0.411458 0.195312
0 0.988177 0.401867 0.411458 0.195312
0 0.973454 0.266595 0.411458 0.195312
0 0.850723 0.146595 0.411458 0.195312
0 0.657631 0.198954 0.411458 0.195312
0 0.584000 0.096410 0.411458 0.195312
0 0.433454 0.174954 0.411458 0.195312
0 0.384362 0.061497 0.411458 0.195312
0 0.217454 0.081138 0.411458 0.195312
0 0.066908 0.192410 0.411458 0.195312
0 0.021085 0.107313 0.411458 0.195312
0 0.246908 0.318954 0.411458 0.195312