0 0.017423 0.093365 0.120051 0.138021
0 0.133423 0.040334 0.120051 0.138021
0 0.113346 0.102456 0.120051 0.138021
0 0.169115 0.199425 0.120051 0.138021
0 0.053115 0.196395 0.120051 0.138021
0 0.043077 0.281243 0.120051 0.138021
0 0.110000 0.399425 0.120051 0.138021
0 0.168000 0.320637 0.120051 0.138021
0 0.275077 0.331243 0.120051 0.138021
0 0.183615 0.491850 0.120051 0.138021
0 0.066500 0.505486 0.120051 0.138021
0 0.078769 0.584274 0.120051 0.138021
0 0.164654 0.663062 0.120051 0.138021
0 0.101077 0.723668 0.120051 0.138021
0 0.019654 0.723668 0.120051 0.138021
0 0.025231 0.802456 0.120051 0.138021
0 0.099962 0.876698 0.120051 0.138021
0 0.227115 0.796395 0.120051 0.138021
0 0.234923 0.887304 0.120051 0.138021
0 0.371000 0.864577 0.120051 0.138021
0 0.304077 0.741850 0.120051 0.138021
0 0.294038 0.557001 0.120051 0.138021
0 0.422308 0.640334 0.120051 0.138021
0 0.383269 0.535789 0.120051 0.138021
0 0.286231 0.447910 0.120051 0.138021
0 0.365423 0.410031 0.120051 0.138021
0 0.358731 0.263062 0.120051 0.138021
0 0.330846 0.190334 0.120051 0.138021
0 0.281769 0.147910 0.120051 0.138021
0 0.249423 0.093365 0.120051 0.138021
0 0.396654 0.117607 0.120051 0.138021
0 0.440154 0.081243 0.120051 0.138021
0 0.365423 0.014577 0.120051 0.138021
0 0.500385 0.026698 0.120051 0.138021
0 0.579577 0.058516 0.120051 0.138021
0 0.580692 0.013062 0.120051 0.138021
0 0.517115 0.137304 0.120051 0.138021
0 0.588500 0.147910 0.120051 0.138021
0 0.501500 0.213062 0.120051 0.138021
0 0.507077 0.294880 0.120051 0.138021
0 0.434577 0.311546 0.120051 0.138021
0 0.510423 0.405486 0.120051 0.138021
0 0.606346 0.337304 0.120051 0.138021
0 0.628654 0.244880 0.120051 0.138021
0 0.693346 0.317607 0.120051 0.138021
0 0.659885 0.431243 0.120051 0.138021
0 0.518231 0.488819 0.120051 0.138021
0 0.513769 0.557001 0.120051 0.138021
0 0.611923 0.682759 0.120051 0.138021
0 0.653192 0.567607 0.120051 0.138021
0 0.478077 0.713062 0.120051 0.138021
0 0.545000 0.814577 0.120051 0.138021
0 0.499269 0.881243 0.120051 0.138021
0 0.574000 0.888819 0.120051 0.138021
0 0.720115 0.810031 0.120051 0.138021
0 0.760269 0.888819 0.120051 0.138021
0 0.850615 0.838819 0.120051 0.138021
0 0.987808 0.855486 0.120051 0.138021
0 0.910846 0.760031 0.120051 0.138021
0 0.986692 0.663062 0.120051 0.138021
0 0.840577 0.655486 0.120051 0.138021
0 0.715654 0.699425 0.120051 0.138021
0 0.774769 0.560031 0.120051 0.138021
0 0.869577 0.522153 0.120051 0.138021
0 0.958808 0.546395 0.120051 0.138021
0 0.749115 0.488819 0.120051 0.138021
0 0.755808 0.366092 0.120051 0.138021
0 0.853962 0.375183 0.120051 0.138021
0 0.954346 0.420637 0.120051 0.138021
0 0.968846 0.347910 0.120051 0.138021
0 0.932038 0.294880 0.120051 0.138021
0 0.942077 0.225183 0.120051 0.138021
0 0.829423 0.228213 0.120051 0.138021
0 0.784808 0.264577 0.120051 0.138021
0 0.669923 0.172153 0.120051 0.138021
0 0.674385 0.099425 0.120051 0.138021
0 0.701154 0.031243 0.120051 0.138021
0 0.771423 0.064577 0.120051 0.138021
0 0.842808 0.087304 0.120051 0.138021
0 0.945423 0.052456 0.120051 0.138021
0 0.927577 0.138819 0.120051 0.138021
0 0.781462 0.153971 0.120051 0.138021
0 0.860654 0.017607 0.120051 0.138021