0 0.034311 0.843375 0.151852 0.211806
0 0.224644 0.851250 0.151852 0.211806
0 0.403800 0.848625 0.151852 0.211806
0 0.584800 0.859125 0.151852 0.211806
0 0.765822 0.848625 0.151852 0.211806
0 0.948689 0.853875 0.151852 0.211806
0 0.041022 0.073313 0.151852 0.211806
0 0.212711 0.070281 0.151852 0.211806
0 0.403867 0.071813 0.151852 0.211806
0 0.584200 0.076344 0.151852 0.211806
0 0.766711 0.074844 0.151852 0.211806
0 0.949222 0.082437 0.151852 0.211806
0 0.958933 0.333000 0.151852 0.211806
0 0.774267 0.334531 0.151852 0.211806
0 0.590689 0.336031 0.151852 0.211806
0 0.402778 0.331469 0.151852 0.211806
0 0.219200 0.326937 0.151852 0.211806
0 0.044244 0.333000 0.151852 0.211806
0 0.033444 0.586625 0.151852 0.211806
0 0.214889 0.591156 0.151852 0.211806
0 0.402778 0.595719 0.151852 0.211806
0 0.590689 0.592687 0.151852 0.211806
0 0.774267 0.585094 0.151852 0.211806
0 0.957867 0.589656 0.151852 0.211806