0 0.074423 0.116276 0.151341 0.190972
0 0.235231 0.112510 0.151341 0.190972
0 0.376623 0.146444 0.151341 0.190972
0 0.229685 0.466904 0.151341 0.190972
0 0.074423 0.316098 0.151341 0.190972
0 0.074423 0.481987 0.151341 0.190972
0 0.066100 0.655418 0.151341 0.190972
0 0.082738 0.840157 0.151341 0.190972
0 0.229685 0.843923 0.151341 0.190972
0 0.229685 0.655418 0.151341 0.190972
0 0.224138 0.278400 0.151341 0.190972
0 0.393262 0.301015 0.151341 0.190972
0 0.384946 0.474446 0.151341 0.190972
0 0.401577 0.640335 0.151341 0.190972
0 0.387715 0.828849 0.151341 0.190972
0 0.534662 0.813766 0.151341 0.190972
0 0.534662 0.632793 0.151341 0.190972
0 0.554069 0.500837 0.151341 0.190972
0 0.551300 0.316098 0.151341 0.190972
0 0.556838 0.157751 0.151341 0.190972
0 0.701015 0.150209 0.151341 0.190972
0 0.714877 0.338724 0.151341 0.190972
0 0.703785 0.455596 0.151341 0.190972
0 0.701015 0.632793 0.151341 0.190972
0 0.676062 0.809990 0.151341 0.190972
0 0.839638 0.809990 0.151341 0.190972
0 0.856277 0.617720 0.151341 0.190972
0 0.850731 0.481987 0.151341 0.190972
0 0.850731 0.323640 0.151341 0.190972
0 0.969946 0.828849 0.151341 0.190972
0 0.981038 0.662960 0.151341 0.190972
0 0.989354 0.500837 0.151341 0.190972
0 0.981038 0.334948 0.151341 0.190972
0 0.978269 0.184142 0.151341 0.190972
0 0.845185 0.157751 0.151341 0.190972