0 0.048025 0.336298 0.083016 0.273438
0 0.116537 0.337815 0.083016 0.273438
0 0.186163 0.334781 0.083016 0.273438
0 0.253575 0.333265 0.083016 0.273438
0 0.318775 0.330240 0.083016 0.273438
0 0.388400 0.331748 0.083016 0.273438
0 0.450288 0.333265 0.083016 0.273438
0 0.516594 0.331748 0.083016 0.273438
0 0.586213 0.331748 0.083016 0.273438
0 0.653625 0.336298 0.083016 0.273438
0 0.725456 0.327207 0.083016 0.273438
0 0.788450 0.327207 0.083016 0.273438
0 0.858069 0.327207 0.083016 0.273438
0 0.928800 0.327207 0.083016 0.273438