0 0.100861 0.432284 0.149065 0.130208
0 0.180783 0.281049 0.149065 0.130208
0 0.140822 0.085679 0.149065 0.130208
0 0.252720 0.091975 0.149065 0.130208
0 0.358611 0.079352 0.149065 0.130208
0 0.427534 0.062037 0.149065 0.130208
0 0.452524 0.132932 0.149065 0.130208
0 0.482485 0.177037 0.149065 0.130208
0 0.530431 0.240062 0.149065 0.130208
0 0.579393 0.047840 0.149065 0.130208
0 0.674305 0.167593 0.149065 0.130208
0 0.743229 0.123488 0.149065 0.130208
0 0.953014 0.388179 0.149065 0.130208
0 0.875088 0.490586 0.149065 0.130208
0 0.977984 0.659167 0.149065 0.130208
0 0.775186 0.630802 0.149065 0.130208
0 0.654325 0.799414 0.149065 0.130208
0 0.541429 0.581975 0.149065 0.130208
0 0.618356 0.468519 0.149065 0.130208
0 0.368611 0.462222 0.149065 0.130208
0 0.393581 0.632407 0.149065 0.130208
0 0.297671 0.815154 0.149065 0.130208
0 0.213757 0.610340 0.149065 0.130208
0 0.121840 0.580401 0.149065 0.130208
0 0.174364 0.934259 0.149065 0.130208
0 0.192779 0.673364 0.149065 0.130208
0 0.529432 0.726914 0.149065 0.130208
0 0.275401 0.958056 0.149065 0.130208
0 0.120841 0.263549 0.149065 0.130208
0 0.785186 0.274568 0.149065 0.130208