0 0.469348 0.197187 0.620098 0.103299
0 0.467554 0.242437 0.620098 0.103299
0 0.473043 0.293969 0.620098 0.103299
0 0.460217 0.346594 0.620098 0.103299
0 0.462065 0.399625 0.620098 0.103299
0 0.473207 0.800937 0.620098 0.103299
0 0.462228 0.747250 0.620098 0.103299
0 0.471359 0.698875 0.620098 0.103299
0 0.465870 0.650469 0.620098 0.103299
0 0.454891 0.599969 0.620098 0.103299
0 0.460380 0.547344 0.620098 0.103299
0 0.476848 0.503156 0.620098 0.103299
0 0.473750 0.451188 0.620098 0.103299
0 0.487120 0.848375 0.620098 0.103299