0 0.473725 0.629159 0.724673 0.031250
0 0.469510 0.647659 0.724673 0.031250
0 0.467255 0.168000 0.724673 0.031250
0 0.465980 0.200432 0.724673 0.031250
0 0.465980 0.239023 0.724673 0.031250
0 0.463464 0.269705 0.724673 0.031250
0 0.467255 0.307409 0.724673 0.031250
0 0.471046 0.337227 0.724673 0.031250
0 0.473562 0.371432 0.724673 0.031250
0 0.474804 0.404750 0.724673 0.031250
0 0.472288 0.438932 0.724673 0.031250
0 0.476078 0.474000 0.724673 0.031250
0 0.473562 0.510841 0.724673 0.031250
0 0.474804 0.545023 0.724673 0.031250
0 0.471046 0.573977 0.724673 0.031250
0 0.473562 0.612545 0.724673 0.031250