0 0.189575 0.159283 0.174713 0.239583
0 0.170475 0.345396 0.174713 0.239583
0 0.144425 0.544623 0.174713 0.239583
0 0.128800 0.804151 0.174713 0.239583
0 0.312887 0.785792 0.174713 0.239583
0 0.314625 0.547245 0.174713 0.239583
0 0.330250 0.345396 0.174713 0.239583
0 0.337200 0.140925 0.174713 0.239583
0 0.474400 0.138302 0.174713 0.239583
0 0.469188 0.340151 0.174713 0.239583
0 0.472662 0.539377 0.174713 0.239583
0 0.488287 0.770075 0.174713 0.239583
0 0.670637 0.722887 0.174713 0.239583
0 0.627225 0.523660 0.174713 0.239583
0 0.642850 0.329679 0.174713 0.239583
0 0.635900 0.151415 0.174713 0.239583
0 0.776575 0.135679 0.174713 0.239583
0 0.792212 0.313943 0.174713 0.239583
0 0.839100 0.515792 0.174713 0.239583
0 0.851250 0.751717 0.174713 0.239583