0 0.190912 0.218183 0.184896 0.237847
0 0.354550 0.213633 0.184896 0.237847
0 0.504550 0.216667 0.184896 0.237847
0 0.650000 0.184850 0.184896 0.237847
0 0.747725 0.277267 0.184896 0.237847
0 0.825000 0.165150 0.184896 0.237847
0 0.161363 0.431817 0.184896 0.237847
0 0.345450 0.377267 0.184896 0.237847
0 0.511362 0.403033 0.184896 0.237847
0 0.693187 0.443933 0.184896 0.237847
0 0.861363 0.425750 0.184896 0.237847
0 0.913637 0.668183 0.184896 0.237847
0 0.717050 0.689400 0.184896 0.237847
0 0.515912 0.668183 0.184896 0.237847
0 0.314775 0.666667 0.184896 0.237847
0 0.093187 0.666667 0.184896 0.237847