0 0.157963 0.219750 0.144250 0.191840
0 0.151150 0.425810 0.144250 0.191840
0 0.307712 0.357629 0.144250 0.191840
0 0.313375 0.192471 0.144250 0.191840
0 0.479012 0.166728 0.144250 0.191840
0 0.627625 0.175810 0.144250 0.191840
0 0.792125 0.181870 0.144250 0.191840
0 0.812550 0.427329 0.144250 0.191840
0 0.683213 0.587930 0.144250 0.191840
0 0.818225 0.609149 0.144250 0.191840
0 0.600400 0.393990 0.144250 0.191840
0 0.444975 0.400050 0.144250 0.191840
0 0.347413 0.536411 0.144250 0.191840
0 0.179513 0.607629 0.144250 0.191840
0 0.144350 0.795509 0.144250 0.191840
0 0.297500 0.800050 0.144250 0.191840
0 0.469938 0.804608 0.144250 0.191840
0 0.620825 0.787930 0.144250 0.191840
0 0.778512 0.797028 0.144250 0.191840
0 0.506238 0.589449 0.144250 0.191840