0 0.184230 0.200263 0.142940 0.179688
0 0.060926 0.216923 0.142940 0.179688
0 0.104380 0.519962 0.142940 0.179688
0 0.222641 0.574503 0.142940 0.179688
0 0.345945 0.500263 0.142940 0.179688
0 0.467234 0.415422 0.142940 0.179688
0 0.490488 0.569962 0.142940 0.179688
0 0.651189 0.571482 0.142940 0.179688
0 0.741139 0.488143 0.142940 0.179688
0 0.744180 0.336623 0.142940 0.179688
0 0.649174 0.230563 0.142940 0.179688
0 0.531927 0.139662 0.142940 0.179688
0 0.415695 0.085122 0.142940 0.179688
0 0.303492 0.112383 0.142940 0.179688
0 0.765407 0.186623 0.142940 0.179688
0 0.807847 0.354803 0.142940 0.179688
0 0.636033 0.407842 0.142940 0.179688
0 0.576395 0.426023 0.142940 0.179688
0 0.173116 0.450263 0.142940 0.179688
0 0.094280 0.406323 0.142940 0.179688
0 0.058899 0.342683 0.142940 0.179688
0 0.021502 0.456323 0.142940 0.179688
0 0.269136 0.463902 0.142940 0.179688
0 0.265094 0.353302 0.142940 0.179688
0 0.189287 0.335122 0.142940 0.179688
0 0.333817 0.247242 0.142940 0.179688
0 0.461176 0.318443 0.142940 0.179688
0 0.560225 0.315422 0.142940 0.179688
0 0.460163 0.241182 0.142940 0.179688
0 0.385369 0.203302 0.142940 0.179688
0 0.663317 0.115422 0.142940 0.179688
0 0.693642 0.026023 0.142940 0.179688
0 0.494531 0.029043 0.142940 0.179688
0 0.307534 0.022983 0.142940 0.179688
0 0.176145 0.074503 0.142940 0.179688
0 0.356058 0.350263 0.142940 0.179688