0 0.221588 0.527267 0.159505 0.191840
0 0.395450 0.543933 0.159505 0.191840
0 0.381812 0.730300 0.159505 0.191840
0 0.638638 0.810600 0.159505 0.191840
0 0.602275 0.590917 0.159505 0.191840
0 0.819313 0.634850 0.159505 0.191840
0 0.929550 0.434850 0.159505 0.191840
0 0.770450 0.404550 0.159505 0.191840
0 0.895450 0.298483 0.159505 0.191840
0 0.665913 0.303033 0.159505 0.191840
0 0.560225 0.210600 0.159505 0.191840
0 0.481812 0.290917 0.159505 0.191840
0 0.527275 0.431817 0.159505 0.191840
0 0.378413 0.403033 0.159505 0.191840
0 0.253412 0.337883 0.159505 0.191840
0 0.154550 0.248483 0.159505 0.191840
0 0.306812 0.216667 0.159505 0.191840
0 0.272725 0.104550 0.159505 0.191840
0 0.401138 0.078783 0.159505 0.191840
0 0.437500 0.180300 0.159505 0.191840
0 0.620450 0.119700 0.159505 0.191840
0 0.570450 0.024250 0.159505 0.191840
0 0.714775 0.071217 0.159505 0.191840
0 0.946250 0.056967 0.159505 0.191840
0 0.843975 0.082733 0.159505 0.191840
0 0.936025 0.152417 0.159505 0.191840
0 0.751937 0.199400 0.159505 0.191840
0 0.788300 0.020600 0.159505 0.191840
0 0.976137 0.593633 0.159505 0.191840
0 0.389438 0.959400 0.159505 0.191840
0 0.634888 0.977583 0.159505 0.191840
0 0.078250 0.466333 0.159505 0.191840
0 0.023062 0.306567 0.159505 0.191840
0 0.057750 0.190950 0.159505 0.191840