0 0.095501 0.215098 0.396242 0.125000
0 0.195530 0.089346 0.396242 0.125000
0 0.408926 0.078740 0.396242 0.125000
0 0.637865 0.089346 0.396242 0.125000
0 0.880158 0.095400 0.396242 0.125000
0 0.962393 0.199951 0.396242 0.125000
0 0.953510 0.333281 0.396242 0.125000
0 0.882378 0.428740 0.396242 0.125000
0 0.617865 0.325703 0.396242 0.125000
0 0.642307 0.206006 0.396242 0.125000
0 0.306676 0.243887 0.396242 0.125000
0 0.131074 0.328740 0.396242 0.125000
0 0.079943 0.448437 0.396242 0.125000
0 0.108840 0.559043 0.396242 0.125000
0 0.159971 0.652979 0.396242 0.125000
0 0.093281 0.772676 0.396242 0.125000
0 0.337794 0.857520 0.396242 0.125000
0 0.504499 0.736309 0.396242 0.125000
0 0.753453 0.834795 0.396242 0.125000
0 0.984628 0.721162 0.396242 0.125000
0 0.982407 0.545400 0.396242 0.125000
0 0.620086 0.604492 0.396242 0.125000
0 0.673438 0.510557 0.396242 0.125000
0 0.435587 0.442373 0.396242 0.125000