0 0.167297 0.696952 0.094329 0.177951
0 0.254133 0.701501 0.094329 0.177951
0 0.362172 0.703013 0.094329 0.177951
0 0.437898 0.643927 0.094329 0.177951
0 0.606523 0.668171 0.094329 0.177951
0 0.747883 0.739379 0.094329 0.177951
0 0.817547 0.718171 0.094329 0.177951
0 0.853898 0.577257 0.094329 0.177951
0 0.792305 0.427257 0.094329 0.177951
0 0.703453 0.495440 0.094329 0.177951
0 0.606523 0.439379 0.094329 0.177951
0 0.548969 0.512110 0.094329 0.177951
0 0.444969 0.468171 0.094329 0.177951
0 0.325820 0.377257 0.094329 0.177951
0 0.161242 0.493927 0.094329 0.177951
0 0.190523 0.277257 0.094329 0.177951
0 0.273320 0.189379 0.094329 0.177951
0 0.370250 0.236342 0.094329 0.177951
0 0.465164 0.225744 0.094329 0.177951
0 0.641859 0.295440 0.094329 0.177951
0 0.779180 0.281805 0.094329 0.177951
0 0.818555 0.154525 0.094329 0.177951