0 0.014029 0.105231 0.138889 0.328993
0 0.093538 0.112507 0.138889 0.328993
0 0.170774 0.101593 0.138889 0.328993
0 0.259361 0.105231 0.138889 0.328993
0 0.359312 0.099774 0.138889 0.328993
0 0.450184 0.101593 0.138889 0.328993
0 0.525147 0.110688 0.138889 0.328993
0 0.609189 0.110688 0.138889 0.328993
0 0.693243 0.112507 0.138889 0.328993
0 0.781843 0.112507 0.138889 0.328993
0 0.865885 0.112507 0.138889 0.328993
0 0.945393 0.117955 0.138889 0.328993
0 0.934029 0.390688 0.138889 0.328993
0 0.800012 0.394326 0.138889 0.328993
0 0.681892 0.387050 0.138889 0.328993
0 0.538771 0.396146 0.138889 0.328993
0 0.386572 0.399774 0.138889 0.328993
0 0.248010 0.399774 0.138889 0.328993
0 0.102629 0.414326 0.138889 0.328993
0 0.004951 0.403412 0.138889 0.328993
0 0.007224 0.727050 0.138889 0.328993
0 0.107174 0.734326 0.138889 0.328993
0 0.259361 0.732507 0.138889 0.328993
0 0.402482 0.730688 0.138889 0.328993
0 0.579668 0.723412 0.138889 0.328993
0 0.722776 0.716146 0.138889 0.328993
0 0.859066 0.721593 0.138889 0.328993
0 0.984005 0.725231 0.138889 0.328993