0 0.232238 0.388681 0.130019 0.188368
0 0.309338 0.463654 0.130019 0.188368
0 0.296631 0.540932 0.130019 0.188368
0 0.382208 0.306785 0.130019 0.188368
0 0.355092 0.395602 0.130019 0.188368
0 0.492362 0.340241 0.130019 0.188368
0 0.610131 0.253728 0.130019 0.188368
0 0.454231 0.136084 0.130019 0.188368
0 0.537262 0.471728 0.130019 0.188368
0 0.486423 0.447508 0.130019 0.188368
0 0.627931 0.502869 0.130019 0.188368
0 0.769431 0.558230 0.130019 0.188368
0 0.544046 0.630890 0.130019 0.188368
0 0.444908 0.673571 0.130019 0.188368