0 0.887781 0.972920 0.159646 0.193576
0 0.914219 0.887275 0.159646 0.193576
0 0.772711 0.926206 0.159646 0.193576
0 0.758711 0.812021 0.159646 0.193576
0 0.694953 0.715997 0.159646 0.193576
0 0.618758 0.843155 0.159646 0.193576
0 0.513008 0.863924 0.159646 0.193576
0 0.610984 0.988488 0.159646 0.193576
0 0.567438 0.677066 0.159646 0.193576
0 0.816250 0.619974 0.159646 0.193576
0 0.956211 0.614785 0.159646 0.193576
0 0.946875 0.744537 0.159646 0.193576
0 0.959320 0.472047 0.159646 0.193576
0 0.940656 0.365645 0.159646 0.193576
0 0.810031 0.451291 0.159646 0.193576
0 0.715172 0.495411 0.159646 0.193576
0 0.607875 0.456480 0.159646 0.193576
0 0.491242 0.549909 0.159646 0.193576
0 0.376164 0.664094 0.159646 0.193576
0 0.349727 0.819804 0.159646 0.193576
0 0.391719 0.941773 0.159646 0.193576
0 0.259531 0.941773 0.159646 0.193576
0 0.147570 0.952151 0.159646 0.193576
0 0.057375 0.949557 0.159646 0.193576
0 0.032492 0.837966 0.159646 0.193576
0 0.118023 0.791252 0.159646 0.193576
0 0.205109 0.728970 0.159646 0.193576
0 0.205109 0.573259 0.159646 0.193576
0 0.055820 0.547314 0.159646 0.193576
0 0.012273 0.679661 0.159646 0.193576
0 0.276641 0.482425 0.159646 0.193576
0 0.399492 0.381213 0.159646 0.193576
0 0.304633 0.313742 0.159646 0.193576
0 0.156898 0.365645 0.159646 0.193576
0 0.083812 0.277405 0.159646 0.193576
0 0.010719 0.246271 0.159646 0.193576
0 0.016945 0.132086 0.159646 0.193576
0 0.194219 0.139870 0.159646 0.193576
0 0.528562 0.311147 0.159646 0.193576
0 0.694953 0.272216 0.159646 0.193576
0 0.856680 0.238488 0.159646 0.193576
0 0.954656 0.142464 0.159646 0.193576
0 0.908000 0.036063 0.159646 0.193576
0 0.834914 0.033468 0.159646 0.193576
0 0.769602 0.106128 0.159646 0.193576
0 0.677852 0.069791 0.159646 0.193576
0 0.576773 0.106128 0.159646 0.193576
0 0.606312 0.010104 0.159646 0.193576
0 0.436812 0.186584 0.159646 0.193576
0 0.402602 0.074993 0.159646 0.193576
0 0.289078 0.116506 0.159646 0.193576
0 0.054266 0.017888 0.159646 0.193576
0 0.206664 0.023090 0.159646 0.193576