0 0.497103 0.976462 0.731209 0.059896
0 0.509270 0.857846 0.731209 0.059896
0 0.492932 0.743923 0.731209 0.059896
0 0.483082 0.263000 0.731209 0.059896
0 0.488528 0.324923 0.731209 0.059896
0 0.477520 0.387308 0.731209 0.059896
0 0.477868 0.458231 0.731209 0.059896
0 0.484832 0.540846 0.731209 0.059896
0 0.484832 0.625554 0.731209 0.059896
0 0.482039 0.210308 0.731209 0.059896
0 0.480417 0.175231 0.731209 0.059896
0 0.485284 0.142077 0.731209 0.059896
0 0.482503 0.112154 0.731209 0.059896
0 0.477520 0.086308 0.731209 0.059896
0 0.479027 0.058308 0.731209 0.059896
0 0.477173 0.033615 0.731209 0.059896
0 0.487370 0.005769 0.731209 0.059896