0 0.306561 0.002126 0.181344 0.224826
0 0.011912 0.284790 0.181344 0.224826
0 0.537404 0.978575 0.181344 0.224826
0 0.006667 0.664486 0.181344 0.224826
0 0.543211 0.248435 0.181344 0.224826
0 0.672895 0.377220 0.181344 0.224826
0 0.816246 0.516612 0.181344 0.224826
0 0.963018 0.627220 0.181344 0.224826
0 0.957316 0.412056 0.181344 0.224826
0 0.843561 0.275701 0.181344 0.224826
0 0.725228 0.110537 0.181344 0.224826
0 0.609193 0.528738 0.181344 0.224826
0 0.461298 0.402967 0.181344 0.224826
0 0.333860 0.271145 0.181344 0.224826
0 0.200754 0.134790 0.181344 0.224826
0 0.419193 0.104486 0.181344 0.224826
0 0.108596 0.380234 0.181344 0.224826
0 0.256509 0.477220 0.181344 0.224826
0 0.398719 0.590841 0.181344 0.224826
0 0.545474 0.719626 0.181344 0.224826
0 0.658684 0.837664 0.181344 0.224826
0 0.730018 0.669182 0.181344 0.224826
0 0.869491 0.803131 0.181344 0.224826
0 0.963579 0.945701 0.181344 0.224826
0 0.798158 0.975841 0.181344 0.224826
0 0.415333 0.954346 0.181344 0.224826
0 0.246719 0.854930 0.181344 0.224826
0 0.103947 0.764182 0.181344 0.224826
0 0.081298 0.025537 0.181344 0.224826
0 0.606684 0.021308 0.181344 0.224826