0 0.113508 0.686093 0.147651 0.194444
0 0.184362 0.533967 0.147651 0.194444
0 0.184362 0.378590 0.147651 0.194444
0 0.328162 0.462748 0.147651 0.194444
0 0.307315 0.621362 0.147651 0.194444
0 0.278146 0.809092 0.147651 0.194444
0 0.438615 0.721697 0.147651 0.194444
0 0.455285 0.566332 0.147651 0.194444
0 0.467792 0.391541 0.147651 0.194444
0 0.465708 0.223226 0.147651 0.194444
0 0.349000 0.317097 0.147651 0.194444
0 0.594915 0.469223 0.147651 0.194444
0 0.582408 0.627826 0.147651 0.194444
0 0.565738 0.822043 0.147651 0.194444
0 0.707454 0.734648 0.147651 0.194444
0 0.722038 0.585747 0.147651 0.194444
0 0.705369 0.391541 0.147651 0.194444
0 0.707454 0.229701 0.147651 0.194444
0 0.582408 0.313859 0.147651 0.194444
0 0.847077 0.323572 0.147651 0.194444
0 0.874169 0.462748 0.147651 0.194444
0 0.865838 0.634301 0.147651 0.194444
0 0.840831 0.822043 0.147651 0.194444