0 0.404231 0.313628 0.136915 0.198785
0 0.306500 0.368167 0.136915 0.198785
0 0.190625 0.368167 0.136915 0.198785
0 0.137225 0.234840 0.136915 0.198785
0 0.055612 0.368167 0.136915 0.198785
0 0.048556 0.549991 0.136915 0.198785
0 0.184581 0.534840 0.136915 0.198785
0 0.084831 0.689380 0.136915 0.198785
0 0.233950 0.710592 0.136915 0.198785
0 0.115056 0.831805 0.136915 0.198785
0 0.230931 0.957566 0.136915 0.198785
0 0.330681 0.822716 0.136915 0.198785
0 0.467713 0.816654 0.136915 0.198785
0 0.546300 0.962115 0.136915 0.198785
0 0.576525 0.749991 0.136915 0.198785
0 0.702475 0.719690 0.136915 0.198785
0 0.755875 0.574229 0.136915 0.198785
0 0.883838 0.665141 0.136915 0.198785
0 0.826406 0.810592 0.136915 0.198785
0 0.757894 0.936353 0.136915 0.198785
0 0.879806 0.525752 0.136915 0.198785
0 0.807262 0.410592 0.136915 0.198785
0 0.688369 0.380291 0.136915 0.198785
0 0.730687 0.245442 0.136915 0.198785
0 0.590631 0.183327 0.136915 0.198785
0 0.490881 0.234840 0.136915 0.198785
0 0.406044 0.973017 0.136915 0.198785