0 0.078660 0.203383 0.155942 0.232639
0 0.247740 0.063683 0.155942 0.232639
0 0.230180 0.444042 0.155942 0.232639
0 0.081440 0.600329 0.155942 0.232639
0 0.072200 0.965479 0.155942 0.232639
0 0.256980 0.823024 0.155942 0.232639
0 0.462100 0.925359 0.155942 0.232639
0 0.467640 0.604491 0.155942 0.232639
0 0.441760 0.264222 0.155942 0.232639
0 0.633020 0.059521 0.155942 0.232639
0 0.687520 0.366587 0.155942 0.232639
0 0.863080 0.101018 0.155942 0.232639
0 0.918520 0.413593 0.155942 0.232639
0 0.695840 0.677784 0.155942 0.232639
0 0.707860 0.988982 0.155942 0.232639
0 0.906500 0.778743 0.155942 0.232639