0 0.044444 0.580368 0.235871 0.214410
0 0.053511 0.284916 0.235871 0.214410
0 0.211556 0.157659 0.235871 0.214410
0 0.435067 0.209164 0.235871 0.214410
0 0.283044 0.375819 0.235871 0.214410
0 0.255867 0.769766 0.235871 0.214410
0 0.539756 0.469766 0.235871 0.214410
0 0.698822 0.298562 0.235871 0.214410
0 0.915267 0.704314 0.235871 0.214410
0 0.970333 0.414013 0.235871 0.214410
0 0.990378 0.244314 0.235871 0.214410
0 0.895244 0.097358 0.235871 0.214410
0 0.940333 0.021906 0.235871 0.214410
0 0.812578 0.180234 0.235871 0.214410
0 0.684822 0.029465 0.235871 0.214410
0 0.612133 0.135084 0.235871 0.214410
0 0.496867 0.025686 0.235871 0.214410
0 0.399222 0.082207 0.235871 0.214410