0 0.067758 0.690174 0.129929 0.118924
0 0.072052 0.742184 0.129929 0.118924
0 0.169822 0.704516 0.129929 0.118924
0 0.218707 0.645310 0.129929 0.118924
0 0.148375 0.508983 0.129929 0.118924
0 0.354211 0.724243 0.129929 0.118924
0 0.385089 0.674020 0.129929 0.118924
0 0.533452 0.638139 0.129929 0.118924
0 0.508588 0.787047 0.129929 0.118924
0 0.583203 0.774491 0.129929 0.118924
0 0.685255 0.758337 0.129929 0.118924
0 0.799324 0.724243 0.129929 0.118924
0 0.869644 0.351092 0.129929 0.118924
0 0.770166 0.087395 0.129929 0.118924
0 0.686975 0.273970 0.129929 0.118924
0 0.736714 0.342134 0.129929 0.118924
0 0.619217 0.494615 0.129929 0.118924
0 0.659526 0.537667 0.129929 0.118924
0 0.702408 0.562804 0.129929 0.118924
0 0.539454 0.430050 0.129929 0.118924
0 0.498292 0.313424 0.129929 0.118924