0 0.041067 0.277905 0.137219 0.146701
0 0.292700 0.345786 0.137219 0.146701
0 0.199817 0.544786 0.137219 0.146701
0 0.357483 0.550952 0.137219 0.146701
0 0.425517 0.595690 0.137219 0.146701
0 0.449283 0.470738 0.137219 0.146701
0 0.493550 0.395143 0.137219 0.146701
0 0.549717 0.523190 0.137219 0.146701
0 0.741933 0.424452 0.137219 0.146701
0 0.875850 0.424452 0.137219 0.146701
0 0.903917 0.748429 0.137219 0.146701
0 0.957917 0.276357 0.137219 0.146701
0 0.765333 0.182143 0.137219 0.146701
0 0.778650 0.051119 0.137219 0.146701