0 0.021800 0.145141 0.158057 0.218750
0 0.064756 0.023918 0.158057 0.218750
0 0.171089 0.030000 0.158057 0.218750
0 0.210844 0.181505 0.158057 0.218750
0 0.105578 0.189091 0.158057 0.218750
0 0.098044 0.375455 0.158057 0.218750
0 0.218356 0.366364 0.158057 0.218750
0 0.330044 0.414828 0.158057 0.218750
0 0.480422 0.342100 0.158057 0.218750
0 0.376244 0.248182 0.158057 0.218750
0 0.385911 0.067868 0.158057 0.218750
0 0.519311 0.111818 0.158057 0.218750
0 0.639178 0.044545 0.158057 0.218750
0 0.634022 0.237273 0.158057 0.218750
0 0.743578 0.162727 0.158057 0.218750
0 0.846689 0.050000 0.158057 0.218750
0 0.974289 0.037273 0.158057 0.218750
0 0.858289 0.266364 0.158057 0.218750
0 0.991044 0.197273 0.158057 0.218750
0 0.978156 0.375455 0.158057 0.218750
0 0.886644 0.451818 0.158057 0.218750
0 0.980733 0.693636 0.158057 0.218750
0 0.832511 0.611818 0.158057 0.218750
0 0.756467 0.379091 0.158057 0.218750
0 0.658511 0.479091 0.158057 0.218750
0 0.550244 0.491818 0.158057 0.218750
0 0.431667 0.493636 0.158057 0.218750
0 0.302778 0.579091 0.158057 0.218750
0 0.108156 0.542727 0.158057 0.218750
0 0.172600 0.675455 0.158057 0.218750
0 0.024378 0.855455 0.158057 0.218750
0 0.439400 0.673636 0.158057 0.218750
0 0.484511 0.870000 0.158057 0.218750
0 0.621133 0.708182 0.158057 0.218750
0 0.356911 0.762727 0.158057 0.218750
0 0.747444 0.844545 0.158057 0.218750
0 0.605667 0.839091 0.158057 0.218750
0 0.708778 0.635455 0.158057 0.218750
0 0.900822 0.839091 0.158057 0.218750
0 0.019222 0.579091 0.158057 0.218750
0 0.973422 0.552571 0.158057 0.218750