0 0.026718 0.667143 0.137072 0.229167
0 0.040256 0.871357 0.137072 0.229167
0 0.153026 0.742536 0.137072 0.229167
0 0.204923 0.905929 0.137072 0.229167
0 0.349282 0.909071 0.137072 0.229167
0 0.376333 0.733107 0.137072 0.229167
0 0.552282 0.745679 0.137072 0.229167
0 0.714692 0.780250 0.137072 0.229167
0 0.967333 0.748821 0.137072 0.229167
0 0.899667 0.877643 0.137072 0.229167
0 0.818462 0.591750 0.137072 0.229167
0 0.547769 0.912214 0.137072 0.229167
0 0.908667 0.579179 0.137072 0.229167
0 0.836487 0.786536 0.137072 0.229167
0 0.453026 0.858786 0.137072 0.229167
0 0.263564 0.601179 0.137072 0.229167
0 0.453026 0.579179 0.137072 0.229167
0 0.349282 0.491214 0.137072 0.229167
0 0.134974 0.497500 0.137072 0.229167
0 0.579359 0.503786 0.137072 0.229167
0 0.660564 0.535179 0.137072 0.229167
0 0.976359 0.359250 0.137072 0.229167
0 0.897410 0.381250 0.137072 0.229167
0 0.987615 0.472357 0.137072 0.229167
0 0.938000 0.145607 0.137072 0.229167
0 0.737256 0.268143 0.137072 0.229167
0 0.626718 0.334107 0.137072 0.229167
0 0.527462 0.334107 0.137072 0.229167
0 0.383103 0.261857 0.137072 0.229167
0 0.225205 0.321536 0.137072 0.229167
0 0.047026 0.271286 0.137072 0.229167
0 0.038000 0.101607 0.137072 0.229167
0 0.207154 0.098464 0.137072 0.229167
0 0.290615 0.035643 0.137072 0.229167
0 0.414692 0.035643 0.137072 0.229167
0 0.561308 0.120464 0.137072 0.229167
0 0.789128 0.104750 0.137072 0.229167
0 0.678590 0.092179 0.137072 0.229167
0 0.829718 0.032500 0.137072 0.229167
0 0.667333 0.186429 0.137072 0.229167
0 0.626718 0.016786 0.137072 0.229167