0 0.231187 0.250069 0.183039 0.180556
0 0.396693 0.247048 0.183039 0.180556
0 0.563667 0.259159 0.183039 0.180556
0 0.736493 0.250069 0.183039 0.180556
0 0.774573 0.372800 0.183039 0.180556
0 0.590027 0.366745 0.183039 0.180556
0 0.389373 0.369766 0.183039 0.180556
0 0.229733 0.374317 0.183039 0.180556
0 0.197507 0.554621 0.183039 0.180556
0 0.188720 0.744014 0.183039 0.180556
0 0.389373 0.740979 0.183039 0.180556
0 0.377653 0.562193 0.183039 0.180556
0 0.590027 0.540979 0.183039 0.180556
0 0.786293 0.545531 0.183039 0.180556
0 0.803867 0.754621 0.183039 0.180556
0 0.629573 0.733407 0.183039 0.180556