0 0.370395 0.628768 0.180339 0.271701
0 0.456305 0.277862 0.180339 0.271701
0 0.242215 0.386952 0.180339 0.271701
0 0.596760 0.505135 0.180339 0.271701
0 0.684032 0.305135 0.180339 0.271701
0 0.141305 0.228768 0.180339 0.271701
0 0.422215 0.106952 0.180339 0.271701
0 0.641760 0.126952 0.180339 0.271701
0 0.763122 0.181499 0.180339 0.271701
0 0.851760 0.350588 0.180339 0.271701
0 0.906305 0.590588 0.180339 0.271701
0 0.769940 0.572405 0.180339 0.271701
0 0.600850 0.785135 0.180339 0.271701
0 0.257215 0.786952 0.180339 0.271701
0 0.142667 0.768768 0.180339 0.271701
0 0.127667 0.546952 0.180339 0.271701