0 0.183556 0.194813 0.167284 0.281250
0 0.409267 0.287438 0.167284 0.281250
0 0.166289 0.443875 0.167284 0.281250
0 0.194356 0.741500 0.167284 0.281250
0 0.344467 0.548656 0.167284 0.281250
0 0.029133 0.600281 0.167284 0.281250
0 0.020489 0.843250 0.167284 0.281250
0 0.022644 0.405906 0.167284 0.281250
0 0.035622 0.158344 0.167284 0.281250
0 0.168667 0.023969 0.167284 0.281250
0 0.301489 0.036125 0.167284 0.281250
0 0.428911 0.074062 0.167284 0.281250
0 0.590911 0.099906 0.167284 0.281250
0 0.549867 0.030031 0.167284 0.281250
0 0.737556 0.064344 0.167284 0.281250
0 0.608822 0.345156 0.167284 0.281250
0 0.756244 0.263750 0.167284 0.281250
0 0.896200 0.213937 0.167284 0.281250
0 0.545444 0.589187 0.167284 0.281250
0 0.707756 0.586625 0.167284 0.281250
0 0.834644 0.476375 0.167284 0.281250
0 0.972756 0.397687 0.167284 0.281250
0 0.957756 0.662687 0.167284 0.281250
0 0.845867 0.904156 0.167284 0.281250
0 0.802889 0.725719 0.167284 0.281250
0 0.653644 0.812281 0.167284 0.281250
0 0.426000 0.843719 0.167284 0.281250
0 0.271044 0.919812 0.167284 0.281250
0 0.866600 0.025281 0.167284 0.281250
0 0.977289 0.077156 0.167284 0.281250