0 0.045917 0.012405 0.108075 0.165799
0 0.018333 0.106333 0.108075 0.165799
0 0.132883 0.088167 0.108075 0.165799
0 0.229400 0.012405 0.108075 0.165799
0 0.289850 0.106333 0.108075 0.165799
0 0.207117 0.215429 0.108075 0.165799
0 0.071367 0.216952 0.108075 0.165799
0 0.043783 0.365429 0.108075 0.165799
0 0.143483 0.332095 0.108075 0.165799
0 0.225150 0.423000 0.108075 0.165799
0 0.126517 0.488167 0.108075 0.165799
0 0.016217 0.519976 0.108075 0.165799
0 0.055450 0.627548 0.108075 0.165799
0 0.013033 0.744214 0.108075 0.165799
0 0.093633 0.847262 0.108075 0.165799
0 0.156217 0.712405 0.108075 0.165799
0 0.232583 0.588167 0.108075 0.165799
0 0.316367 0.476048 0.108075 0.165799
0 0.305750 0.313929 0.108075 0.165799
0 0.411817 0.209381 0.108075 0.165799
0 0.388483 0.038167 0.108075 0.165799
0 0.489250 0.083619 0.108075 0.165799
0 0.539083 0.256333 0.108075 0.165799
0 0.435150 0.366952 0.108075 0.165799
0 0.615450 0.106333 0.108075 0.165799
0 0.713033 0.042714 0.108075 0.165799
0 0.685450 0.245738 0.108075 0.165799
0 0.779850 0.163929 0.108075 0.165799
0 0.819083 0.026048 0.108075 0.165799
0 0.896517 0.154833 0.108075 0.165799
0 0.975000 0.047262 0.108075 0.165799
0 0.952733 0.274524 0.108075 0.165799
0 0.844550 0.301786 0.108075 0.165799
0 0.926217 0.403310 0.108075 0.165799
0 0.993033 0.476048 0.108075 0.165799
0 0.911367 0.566952 0.108075 0.165799
0 0.809550 0.439667 0.108075 0.165799
0 0.742733 0.356333 0.108075 0.165799
0 0.707733 0.501786 0.108075 0.165799
0 0.635600 0.380595 0.108075 0.165799
0 0.544400 0.462405 0.108075 0.165799
0 0.421367 0.533619 0.108075 0.165799
0 0.508333 0.613929 0.108075 0.165799
0 0.605917 0.592714 0.108075 0.165799
0 0.671667 0.712405 0.108075 0.165799
0 0.776667 0.632095 0.108075 0.165799
0 0.851967 0.736643 0.108075 0.165799
0 0.946367 0.794214 0.108075 0.165799
0 0.988783 0.673000 0.108075 0.165799
0 0.986667 0.892714 0.108075 0.165799
0 0.872117 0.903310 0.108075 0.165799
0 0.757583 0.823000 0.108075 0.165799
0 0.630300 0.879071 0.108075 0.165799
0 0.552883 0.747262 0.108075 0.165799
0 0.471217 0.883619 0.108075 0.165799
0 0.424550 0.736643 0.108075 0.165799
0 0.350300 0.644214 0.108075 0.165799
0 0.298333 0.751786 0.108075 0.165799
0 0.213483 0.854833 0.108075 0.165799
0 0.354550 0.862405 0.108075 0.165799
0 0.535917 0.939667 0.108075 0.165799
0 0.288783 0.936643 0.108075 0.165799
0 0.172117 0.938167 0.108075 0.165799
0 0.053333 0.936643 0.108075 0.165799
0 0.014083 0.900286 0.108075 0.165799