0 0.068100 0.112180 0.098787 0.162326
0 0.010425 0.202669 0.098787 0.162326
0 0.025475 0.327105 0.098787 0.162326
0 0.100675 0.259248 0.098787 0.162326
0 0.200975 0.176278 0.098787 0.162326
0 0.286225 0.312030 0.098787 0.162326
0 0.366450 0.428872 0.098787 0.162326
0 0.504350 0.515602 0.098787 0.162326
0 0.589575 0.632481 0.098787 0.162326
0 0.604625 0.768195 0.098787 0.162326
0 0.657275 0.896391 0.098787 0.162326
0 0.780125 0.851165 0.098787 0.162326
0 0.504350 0.866241 0.098787 0.162326
0 0.461725 0.685263 0.098787 0.162326
0 0.356425 0.568383 0.098787 0.162326
0 0.298750 0.594774 0.098787 0.162326
0 0.373975 0.768195 0.098787 0.162326
0 0.394025 0.907707 0.098787 0.162326
0 0.268675 0.862444 0.098787 0.162326
0 0.231050 0.749361 0.098787 0.162326
0 0.143300 0.832293 0.098787 0.162326
0 0.186175 0.893008 0.098787 0.162326
0 0.073100 0.936729 0.098787 0.162326
0 0.005675 0.929211 0.098787 0.162326
0 0.004650 0.791203 0.098787 0.162326
0 0.068100 0.670188 0.098787 0.162326
0 0.157850 0.594398 0.098787 0.162326
0 0.017450 0.532932 0.098787 0.162326
0 0.100175 0.454511 0.098787 0.162326
0 0.168375 0.382519 0.098787 0.162326
0 0.252625 0.447744 0.098787 0.162326