0 0.101148 0.329107 0.106771 0.147569
0 0.048880 0.579107 0.106771 0.147569
0 0.272746 0.621530 0.106771 0.147569
0 0.497746 0.566995 0.106771 0.147569
0 0.428429 0.482149 0.106771 0.147569
0 0.498880 0.463953 0.106771 0.147569
0 0.573880 0.421530 0.106771 0.147569
0 0.568197 0.583661 0.106771 0.147569
0 0.615929 0.606393 0.106771 0.147569
0 0.695464 0.565483 0.106771 0.147569
0 0.707964 0.641239 0.106771 0.147569
0 0.771612 0.600328 0.106771 0.147569
0 0.836380 0.621530 0.106771 0.147569
0 0.763648 0.510929 0.106771 0.147569
0 0.677295 0.512441 0.106771 0.147569
0 0.637514 0.471530 0.106771 0.147569
0 0.678429 0.424572 0.106771 0.147569
0 0.730697 0.363953 0.106771 0.147569
0 0.802295 0.415483 0.106771 0.147569
0 0.890929 0.391239 0.106771 0.147569
0 0.876148 0.306393 0.106771 0.147569
0 0.818197 0.241239 0.106771 0.147569
0 0.845464 0.153352 0.106771 0.147569
0 0.787514 0.189727 0.106771 0.147569
0 0.713648 0.104863 0.106771 0.147569
0 0.684112 0.200328 0.106771 0.147569
0 0.713648 0.266995 0.106771 0.147569
0 0.668197 0.327596 0.106771 0.147569
0 0.600014 0.342750 0.106771 0.147569
0 0.567063 0.262441 0.106771 0.147569
0 0.611380 0.148816 0.106771 0.147569
0 0.534112 0.185173 0.106771 0.147569
0 0.472746 0.203352 0.106771 0.147569
0 0.520464 0.300328 0.106771 0.147569
0 0.451148 0.335173 0.106771 0.147569
0 0.372732 0.010255 0.106771 0.147569