0 0.490860 0.938675 0.182190 0.137153
0 0.397025 0.827400 0.182190 0.137153
0 0.303190 0.703025 0.182190 0.137153
0 0.318817 0.561225 0.182190 0.137153
0 0.296918 0.436850 0.182190 0.137153
0 0.400143 0.316850 0.182190 0.137153
0 0.515878 0.434675 0.182190 0.137153
0 0.512760 0.567775 0.182190 0.137153
0 0.500251 0.707400 0.182190 0.137153
0 0.590968 0.820850 0.182190 0.137153
0 0.703584 0.711775 0.182190 0.137153
0 0.691075 0.578675 0.182190 0.137153
0 0.700466 0.441225 0.182190 0.137153
0 0.634767 0.316850 0.182190 0.137153
0 0.525269 0.220850 0.182190 0.137153
0 0.540932 0.098675 0.182190 0.137153
0 0.315699 0.205575 0.182190 0.137153
0 0.199964 0.113950 0.182190 0.137153
0 0.712975 0.214300 0.182190 0.137153
0 0.859964 0.127025 0.182190 0.137153