0 0.188975 0.544049 0.168823 0.214410
0 0.276450 0.738768 0.168823 0.214410
0 0.362850 0.577535 0.168823 0.214410
0 0.356375 0.385880 0.168823 0.214410
0 0.146875 0.396514 0.168823 0.214410
0 0.288325 0.224648 0.168823 0.214410
0 0.422250 0.142535 0.168823 0.214410
0 0.479475 0.241373 0.168823 0.214410
0 0.497850 0.483239 0.168823 0.214410
0 0.572350 0.644437 0.168823 0.214410
0 0.497850 0.790458 0.168823 0.214410
0 0.718150 0.750915 0.168823 0.214410
0 0.875800 0.568415 0.168823 0.214410
0 0.664150 0.513627 0.168823 0.214410
0 0.846650 0.391972 0.168823 0.214410
0 0.637150 0.349366 0.168823 0.214410
0 0.603675 0.203345 0.168823 0.214410
0 0.763500 0.282465 0.168823 0.214410