0 0.905270 0.674240 0.171569 0.155382
0 0.948269 0.806060 0.171569 0.155382
0 0.749187 0.772727 0.171569 0.155382
0 0.746006 0.630300 0.171569 0.155382
0 0.593104 0.572727 0.171569 0.155382
0 0.601072 0.748487 0.171569 0.155382
0 0.438619 0.686367 0.171569 0.155382
0 0.465697 0.525760 0.171569 0.155382
0 0.381282 0.475760 0.171569 0.155382
0 0.320764 0.619700 0.171569 0.155382
0 0.183791 0.545453 0.171569 0.155382
0 0.150350 0.471213 0.171569 0.155382
0 0.338283 0.406060 0.171569 0.155382
0 0.172642 0.378787 0.171569 0.155382
0 0.172642 0.310607 0.171569 0.155382
0 0.250687 0.253033 0.171569 0.155382
0 0.354205 0.213633 0.171569 0.155382
0 0.389243 0.318180 0.171569 0.155382
0 0.444989 0.292427 0.171569 0.155382
0 0.553294 0.286367 0.171569 0.155382
0 0.452950 0.177273 0.171569 0.155382
0 0.661591 0.228787 0.171569 0.155382
0 0.575585 0.134847 0.171569 0.155382
0 0.796966 0.204547 0.171569 0.155382
0 0.747596 0.110607 0.171569 0.155382
0 0.948269 0.180300 0.171569 0.155382
0 0.892530 0.089393 0.171569 0.155382