0 0.078447 0.383382 0.127441 0.171875
0 0.188673 0.307627 0.127441 0.171875
0 0.213673 0.124293 0.127441 0.171875
0 0.345493 0.130356 0.127441 0.171875
0 0.325037 0.301564 0.127441 0.171875
0 0.213673 0.481867 0.127441 0.171875
0 0.194357 0.657627 0.127441 0.171875
0 0.317083 0.577324 0.127441 0.171875
0 0.440947 0.451564 0.127441 0.171875
0 0.537537 0.556111 0.127441 0.171875
0 0.461400 0.733382 0.127441 0.171875
0 0.623900 0.804596 0.127441 0.171875
0 0.748900 0.690960 0.127441 0.171875
0 0.685267 0.533382 0.127441 0.171875
0 0.878447 0.624293 0.127441 0.171875
0 0.925037 0.477324 0.127441 0.171875
0 0.790947 0.457627 0.127441 0.171875
0 0.863673 0.277324 0.127441 0.171875
0 0.742083 0.171262 0.127441 0.171875
0 0.693220 0.319747 0.127441 0.171875
0 0.572767 0.171262 0.127441 0.171875
0 0.569357 0.387929 0.127441 0.171875
0 0.450037 0.269747 0.127441 0.171875