0 0.568186 0.763624 0.150391 0.205729
0 0.625050 0.586342 0.150391 0.205729
0 0.472657 0.603003 0.150391 0.205729
0 0.397594 0.786342 0.150391 0.205729
0 0.231549 0.774228 0.150391 0.205729
0 0.228136 0.581795 0.150391 0.205729
0 0.101889 0.475738 0.150391 0.205729
0 0.124635 0.249983 0.150391 0.205729
0 0.233816 0.392399 0.150391 0.205729
0 0.373703 0.445436 0.150391 0.205729
0 0.339584 0.304530 0.150391 0.205729
0 0.261108 0.174228 0.150391 0.205729
0 0.398728 0.166644 0.150391 0.205729
0 0.482897 0.278775 0.150391 0.205729
0 0.564773 0.409077 0.150391 0.205729
0 0.545441 0.162097 0.150391 0.205729
0 0.645529 0.284832 0.150391 0.205729
0 0.766083 0.395436 0.150391 0.205729
0 0.768363 0.689379 0.150391 0.205729
0 0.901423 0.610587 0.150391 0.205729
0 0.912796 0.430285 0.150391 0.205729
0 0.893463 0.277248 0.150391 0.205729
0 0.721725 0.140889 0.150391 0.205729