0 0.357400 0.838941 0.143068 0.238715
0 0.434800 0.724588 0.143068 0.238715
0 0.552700 0.791294 0.143068 0.238715
0 0.707500 0.772235 0.143068 0.238715
0 0.724600 0.505412 0.143068 0.238715
0 0.562600 0.580059 0.143068 0.238715
0 0.567100 0.378412 0.143068 0.238715
0 0.425800 0.443471 0.143068 0.238715
0 0.281833 0.600706 0.143068 0.238715
0 0.131533 0.546706 0.143068 0.238715
0 0.208933 0.318059 0.143068 0.238715
0 0.378100 0.259294 0.143068 0.238715
0 0.454600 0.154471 0.143068 0.238715
0 0.858933 0.663765 0.143068 0.238715