0 0.259831 0.489284 0.080527 0.152778
0 0.245249 0.582373 0.080527 0.152778
0 0.291566 0.707533 0.080527 0.152778
0 0.342169 0.622072 0.080527 0.152778
0 0.393619 0.715160 0.080527 0.152778
0 0.336159 0.812844 0.080527 0.152778
0 0.377323 0.904426 0.080527 0.152778
0 0.432212 0.860169 0.080527 0.152778
0 0.481958 0.916629 0.080527 0.152778
0 0.523979 0.791488 0.080527 0.152778
0 0.564296 0.846422 0.080527 0.152778
0 0.604603 0.793013 0.080527 0.152778
0 0.626899 0.909002 0.080527 0.152778
0 0.656063 0.803691 0.080527 0.152778
0 0.704942 0.672429 0.080527 0.152778
0 0.686074 0.586949 0.080527 0.152778
0 0.611460 0.654124 0.080527 0.152778
0 0.546286 0.629699 0.080527 0.152778
0 0.480243 0.745687 0.080527 0.152778
0 0.438222 0.660226 0.080527 0.152778
0 0.464804 0.591544 0.080527 0.152778
0 0.504254 0.452637 0.080527 0.152778
0 0.434794 0.495386 0.080527 0.152778
0 0.403915 0.599171 0.080527 0.152778
0 0.344741 0.445009 0.080527 0.152778
0 0.427926 0.394652 0.080527 0.152778
0 0.403058 0.278644 0.080527 0.152778
0 0.337016 0.252693 0.080527 0.152778
0 0.313862 0.356497 0.080527 0.152778
0 0.388476 0.129077 0.080527 0.152778
0 0.472529 0.145857 0.080527 0.152778
0 0.472529 0.275593 0.080527 0.152778
0 0.530847 0.321375 0.080527 0.152778
0 0.561714 0.141281 0.080527 0.152778
0 0.631185 0.171808 0.080527 0.152778
0 0.572011 0.254218 0.080527 0.152778
0 0.614889 0.293917 0.080527 0.152778
0 0.686931 0.284746 0.080527 0.152778
0 0.678360 0.370226 0.080527 0.152778
0 0.767556 0.382429 0.080527 0.152778
0 0.766688 0.513691 0.080527 0.152778
0 0.709228 0.478588 0.080527 0.152778
0 0.616603 0.477062 0.080527 0.152778
0 0.550571 0.437382 0.080527 0.152778
0 0.551429 0.353427 0.080527 0.152778
0 0.587450 0.445009 0.080527 0.152778