0 0.196584 0.331808 0.159505 0.219618
0 0.287491 0.199988 0.159505 0.219618
0 0.427266 0.209082 0.159505 0.219618
0 0.563629 0.222718 0.159505 0.219618
0 0.604539 0.369689 0.159505 0.219618
0 0.471584 0.360595 0.159505 0.219618
0 0.337491 0.368172 0.159505 0.219618
0 0.257946 0.471201 0.159505 0.219618
0 0.318174 0.689385 0.159505 0.219618
0 0.402266 0.533321 0.159505 0.219618
0 0.486356 0.668172 0.159505 0.219618
0 0.546584 0.519689 0.159505 0.219618
0 0.662491 0.504535 0.159505 0.219618
0 0.636356 0.678778 0.159505 0.219618
0 0.589766 0.877261 0.159505 0.219618
0 0.423856 0.896958 0.159505 0.219618
0 0.680674 0.325748 0.159505 0.219618