0 0.094000 0.028056 0.150202 0.228299
0 0.229667 0.013527 0.150202 0.228299
0 0.112333 0.160822 0.150202 0.228299
0 0.273333 0.122244 0.150202 0.228299
0 0.410000 0.105210 0.150202 0.228299
0 0.533667 0.071643 0.150202 0.228299
0 0.694333 0.049599 0.150202 0.228299
0 0.871333 0.049599 0.150202 0.228299
0 0.924333 0.175351 0.150202 0.228299
0 0.938667 0.313126 0.150202 0.228299
0 0.762000 0.221443 0.150202 0.228299
0 0.578667 0.262525 0.150202 0.228299
0 0.445333 0.264529 0.150202 0.228299
0 0.246000 0.317635 0.150202 0.228299
0 0.130000 0.346693 0.150202 0.228299
0 0.119333 0.563627 0.150202 0.228299
0 0.276000 0.523547 0.150202 0.228299
0 0.449333 0.498497 0.150202 0.228299
0 0.615000 0.454910 0.150202 0.228299
0 0.783667 0.399299 0.150202 0.228299
0 0.962000 0.562625 0.150202 0.228299
0 0.888000 0.855210 0.150202 0.228299
0 0.834667 0.621743 0.150202 0.228299
0 0.658667 0.663828 0.150202 0.228299
0 0.503667 0.694890 0.150202 0.228299
0 0.302333 0.761022 0.150202 0.228299
0 0.142667 0.796092 0.150202 0.228299
0 0.135667 0.973447 0.150202 0.228299
0 0.309333 0.976954 0.150202 0.228299
0 0.480667 0.948898 0.150202 0.228299
0 0.696000 0.938377 0.150202 0.228299