0 0.030000 0.927204 0.151404 0.203993
0 0.157900 0.925687 0.151404 0.203993
0 0.320933 0.925687 0.151404 0.203993
0 0.483967 0.928720 0.151404 0.203993
0 0.637433 0.922654 0.151404 0.203993
0 0.790900 0.912085 0.151404 0.203993
0 0.936900 0.919621 0.151404 0.203993
0 0.974167 0.719621 0.151404 0.203993
0 0.863367 0.716588 0.151404 0.203993
0 0.717367 0.718104 0.151404 0.203993
0 0.551133 0.731754 0.151404 0.203993
0 0.393400 0.733270 0.151404 0.203993
0 0.233567 0.743886 0.151404 0.203993
0 0.077967 0.749953 0.151404 0.203993
0 0.035333 0.560569 0.151404 0.203993
0 0.163233 0.556019 0.151404 0.203993
0 0.316667 0.556019 0.151404 0.203993
0 0.468000 0.539336 0.151404 0.203993
0 0.620400 0.531754 0.151404 0.203993
0 0.770633 0.527204 0.151404 0.203993
0 0.937967 0.540853 0.151404 0.203993
0 0.978433 0.334787 0.151404 0.203993
0 0.869733 0.352986 0.151404 0.203993
0 0.710967 0.348436 0.151404 0.203993
0 0.547933 0.368104 0.151404 0.203993
0 0.397667 0.380237 0.151404 0.203993
0 0.242067 0.384787 0.151404 0.203993
0 0.101400 0.381754 0.151404 0.203993
0 0.038533 0.199953 0.151404 0.203993
0 0.172800 0.242370 0.151404 0.203993
0 0.111000 0.071137 0.151404 0.203993
0 0.237800 0.089336 0.151404 0.203993
0 0.324133 0.198436 0.151404 0.203993
0 0.405133 0.060569 0.151404 0.203993
0 0.470133 0.210569 0.151404 0.203993
0 0.606533 0.178720 0.151404 0.203993
0 0.562833 0.031754 0.151404 0.203993
0 0.513833 0.119621 0.151404 0.203993
0 0.684333 0.030237 0.151404 0.203993
0 0.777033 0.189336 0.151404 0.203993
0 0.688600 0.128720 0.151404 0.203993
0 0.845233 0.046919 0.151404 0.203993
0 0.945400 0.165071 0.151404 0.203993
0 0.764233 0.043886 0.151404 0.203993
0 0.923033 0.031754 0.151404 0.203993