0 0.966900 0.011658 0.164652 0.085938
0 0.853633 0.011658 0.164652 0.085938
0 0.748867 0.006985 0.164652 0.085938
0 0.613267 0.009296 0.164652 0.085938
0 0.510033 0.006985 0.164652 0.085938
0 0.024133 0.037839 0.164652 0.085938
0 0.091667 0.012362 0.164652 0.085938
0 0.145933 0.043266 0.164652 0.085938
0 0.209867 0.015980 0.164652 0.085938
0 0.268967 0.054171 0.164652 0.085938
0 0.326833 0.019648 0.164652 0.085938
0 0.390767 0.054171 0.164652 0.085938
0 0.455900 0.026884 0.164652 0.085938
0 0.511367 0.061457 0.164652 0.085938
0 0.565633 0.030553 0.164652 0.085938
0 0.692267 0.028744 0.164652 0.085938
0 0.642833 0.065075 0.164652 0.085938
0 0.751367 0.065075 0.164652 0.085938
0 0.800833 0.034171 0.164652 0.085938
0 0.916600 0.035980 0.164652 0.085938
0 0.879233 0.072362 0.164652 0.085938
0 0.979333 0.072362 0.164652 0.085938
0 0.958833 0.108744 0.164652 0.085938
0 0.834600 0.106884 0.164652 0.085938
0 0.703133 0.103266 0.164652 0.085938
0 0.581333 0.101457 0.164652 0.085938
0 0.455900 0.092362 0.164652 0.085938
0 0.329267 0.094171 0.164652 0.085938
0 0.199000 0.088744 0.164652 0.085938
0 0.073567 0.083266 0.164652 0.085938
0 0.012067 0.117839 0.164652 0.085938
0 0.124233 0.119648 0.164652 0.085938
0 0.256900 0.121457 0.164652 0.085938
0 0.390767 0.126884 0.164652 0.085938
0 0.523433 0.132362 0.164652 0.085938
0 0.648867 0.137839 0.164652 0.085938
0 0.782733 0.137839 0.164652 0.085938
0 0.919033 0.145075 0.164652 0.085938
0 0.980533 0.185075 0.164652 0.085938
0 0.864733 0.185075 0.164652 0.085938
0 0.946767 0.226884 0.164652 0.085938
0 0.816500 0.226884 0.164652 0.085938
0 0.722433 0.170553 0.164652 0.085938
0 0.668167 0.223266 0.164652 0.085938
0 0.589767 0.170553 0.164652 0.085938
0 0.535500 0.223266 0.164652 0.085938
0 0.453467 0.174171 0.164652 0.085938
0 0.379900 0.225075 0.164652 0.085938
0 0.313567 0.159648 0.164652 0.085938
0 0.237600 0.215980 0.164652 0.085938
0 0.179700 0.155980 0.164652 0.085938
0 0.096500 0.206884 0.164652 0.085938
0 0.041000 0.150553 0.164652 0.085938
0 0.021700 0.254171 0.164652 0.085938
0 0.153167 0.255980 0.164652 0.085938
0 0.062700 0.299648 0.164652 0.085938
0 0.214667 0.314171 0.164652 0.085938
0 0.309967 0.259648 0.164652 0.085938
0 0.376300 0.317839 0.164652 0.085938
0 0.458300 0.279648 0.164652 0.085938
0 0.611467 0.266884 0.164652 0.085938
0 0.535500 0.325075 0.164652 0.085938
0 0.687467 0.326884 0.164652 0.085938
0 0.751367 0.266884 0.164652 0.085938
0 0.896100 0.266884 0.164652 0.085938
0 0.853900 0.326884 0.164652 0.085938
0 0.980533 0.339648 0.164652 0.085938
0 0.938300 0.392362 0.164652 0.085938
0 0.886467 0.443266 0.164652 0.085938
0 0.985367 0.510553 0.164652 0.085938
0 0.782733 0.381457 0.164652 0.085938
0 0.709167 0.432362 0.164652 0.085938
0 0.617500 0.379648 0.164652 0.085938
0 0.540300 0.446884 0.164652 0.085938
0 0.458300 0.372362 0.164652 0.085938
0 0.377500 0.446884 0.164652 0.085938
0 0.291867 0.377839 0.164652 0.085938
0 0.191767 0.439648 0.164652 0.085938
0 0.124233 0.366884 0.164652 0.085938
0 0.030167 0.426884 0.164652 0.085938
0 0.083233 0.503266 0.164652 0.085938
0 0.267733 0.501457 0.164652 0.085938
0 0.164033 0.592362 0.164652 0.085938
0 0.019300 0.577839 0.164652 0.085938
0 0.338900 0.585075 0.164652 0.085938
0 0.454700 0.512362 0.164652 0.085938
0 0.545133 0.592362 0.164652 0.085938
0 0.635600 0.515980 0.164652 0.085938
0 0.747767 0.588744 0.164652 0.085938
0 0.817700 0.510553 0.164652 0.085938
0 0.913000 0.590553 0.164652 0.085938
0 0.867167 0.688744 0.164652 0.085938
0 0.664533 0.688744 0.164652 0.085938
0 0.464333 0.692362 0.164652 0.085938
0 0.253267 0.685075 0.164652 0.085938
0 0.055467 0.683266 0.164652 0.085938
0 0.126633 0.766935 0.164652 0.085938
0 0.024133 0.888744 0.164652 0.085938
0 0.217100 0.906884 0.164652 0.085938
0 0.353367 0.777839 0.164652 0.085938
0 0.461933 0.912362 0.164652 0.085938
0 0.572867 0.774171 0.164652 0.085938
0 0.693500 0.906884 0.164652 0.085938
0 0.786367 0.783266 0.164652 0.085938
0 0.919033 0.912362 0.164652 0.085938
0 0.972100 0.779648 0.164652 0.085938