0 0.481495 0.193927 0.145833 0.151910
0 0.372405 0.224484 0.145833 0.151910
0 0.258954 0.318302 0.145833 0.151910
0 0.167310 0.394660 0.145833 0.151910
0 0.114946 0.508111 0.145833 0.151910
0 0.121495 0.645571 0.145833 0.151910
0 0.208764 0.780842 0.145833 0.151910
0 0.311318 0.863750 0.145833 0.151910
0 0.501128 0.894293 0.145833 0.151910
0 0.684402 0.857201 0.145833 0.151910
0 0.802228 0.813573 0.145833 0.151910
0 0.882948 0.700109 0.145833 0.151910
0 0.928764 0.591019 0.145833 0.151910
0 0.896046 0.475380 0.145833 0.151910
0 0.830584 0.377201 0.145833 0.151910
0 0.725856 0.294293 0.145833 0.151910
0 0.605856 0.239755 0.145833 0.151910