0 0.113638 0.596967 0.111328 0.797743
0 0.176138 0.515150 0.111328 0.797743
0 0.228406 0.495458 0.111328 0.797743
0 0.314775 0.522725 0.111328 0.797743
0 0.361362 0.522725 0.111328 0.797743
0 0.427275 0.495458 0.111328 0.797743
0 0.481819 0.513633 0.111328 0.797743
0 0.530681 0.578792 0.111328 0.797743
0 0.588638 0.474242 0.111328 0.797743
0 0.643181 0.489392 0.111328 0.797743
0 0.693181 0.492425 0.111328 0.797743
0 0.743181 0.509092 0.111328 0.797743
0 0.794319 0.501517 0.111328 0.797743
0 0.836363 0.559092 0.111328 0.797743
0 0.879544 0.627275 0.111328 0.797743