0 0.509783 0.342695 0.026570 0.607639
0 0.670000 0.341168 0.026570 0.607639
0 0.454667 0.339641 0.026570 0.607639
0 0.250367 0.342695 0.026570 0.607639
0 0.628467 0.342695 0.026570 0.607639
0 0.558950 0.336617 0.026570 0.607639
0 0.573350 0.342695 0.026570 0.607639
0 0.416517 0.339641 0.026570 0.607639
0 0.335983 0.341168 0.026570 0.607639
0 0.727650 0.341168 0.026570 0.607639
0 0.688650 0.342695 0.026570 0.607639
0 0.302917 0.338114 0.026570 0.607639
0 0.786150 0.342695 0.026570 0.607639
0 0.805650 0.342695 0.026570 0.607639
0 0.470783 0.342695 0.026570 0.607639
0 0.611500 0.342695 0.026570 0.607639
0 0.708150 0.342695 0.026570 0.607639
0 0.264783 0.336617 0.026570 0.607639
0 0.369900 0.342695 0.026570 0.607639
0 0.842100 0.339641 0.026570 0.607639
0 0.747150 0.342695 0.026570 0.607639
0 0.653900 0.342695 0.026570 0.607639
0 0.860750 0.342695 0.026570 0.607639
0 0.491133 0.342695 0.026570 0.607639
0 0.587767 0.342695 0.026570 0.607639
0 0.280883 0.342695 0.026570 0.607639
0 0.382617 0.342695 0.026570 0.607639
0 0.436867 0.335090 0.026570 0.607639
0 0.525033 0.341168 0.026570 0.607639
0 0.230017 0.338114 0.026570 0.607639
0 0.767500 0.339641 0.026570 0.607639
0 0.541983 0.341168 0.026570 0.607639
0 0.823450 0.342695 0.026570 0.607639
0 0.401267 0.342695 0.026570 0.607639
0 0.318183 0.336617 0.026570 0.607639
0 0.352950 0.342695 0.026570 0.607639