0 0.259852 0.178222 0.070261 0.281250
0 0.581627 0.848844 0.070261 0.281250
0 0.691775 0.541978 0.070261 0.281250
0 0.292959 0.541978 0.070261 0.281250
0 0.455888 0.850311 0.070261 0.281250
0 0.344527 0.541978 0.070261 0.281250
0 0.467367 0.541978 0.070261 0.281250
0 0.640976 0.541378 0.070261 0.281250
0 0.403905 0.542556 0.070261 0.281250
0 0.396124 0.182911 0.070261 0.281250
0 0.018521 0.862289 0.070261 0.281250
0 0.071065 0.858644 0.070261 0.281250
0 0.441479 0.182911 0.070261 0.281250
0 0.665888 0.181733 0.070261 0.281250
0 0.873964 0.182911 0.070261 0.281250
0 0.648373 0.848844 0.070261 0.281250
0 0.098314 0.176778 0.070261 0.281250
0 0.546183 0.182333 0.070261 0.281250
0 0.863846 0.540222 0.070261 0.281250
0 0.596420 0.183489 0.070261 0.281250
0 0.022396 0.175311 0.070261 0.281250
0 0.580828 0.541378 0.070261 0.281250
0 0.517781 0.848844 0.070261 0.281250
0 0.170148 0.541378 0.070261 0.281250
0 0.938994 0.185244 0.070261 0.281250
0 0.814615 0.541378 0.070261 0.281250
0 0.183964 0.181156 0.070261 0.281250
0 0.274645 0.855867 0.070261 0.281250
0 0.014408 0.540222 0.070261 0.281250
0 0.984320 0.539644 0.070261 0.281250
0 0.975769 0.186422 0.070261 0.281250
0 0.494615 0.182911 0.070261 0.281250
0 0.224053 0.856600 0.070261 0.281250
0 0.978698 0.845333 0.070261 0.281250
0 0.755237 0.541978 0.070261 0.281250
0 0.378018 0.851622 0.070261 0.281250
0 0.933521 0.541378 0.070261 0.281250
0 0.789112 0.843867 0.070261 0.281250
0 0.831746 0.182333 0.070261 0.281250
0 0.862278 0.843867 0.070261 0.281250
0 0.736361 0.182911 0.070261 0.281250
0 0.166834 0.858067 0.070261 0.281250
0 0.120888 0.540800 0.070261 0.281250
0 0.517367 0.540222 0.070261 0.281250
0 0.339675 0.181156 0.070261 0.281250
0 0.234941 0.543133 0.070261 0.281250
0 0.321775 0.855867 0.070261 0.281250
0 0.065237 0.540800 0.070261 0.281250
0 0.917751 0.846067 0.070261 0.281250
0 0.113314 0.860111 0.070261 0.281250
0 0.781716 0.182911 0.070261 0.281250
0 0.718639 0.848844 0.070261 0.281250