0 0.684375 0.100235 0.187974 0.171875
0 0.146708 0.690458 0.187974 0.171875
0 0.147550 0.537584 0.187974 0.171875
0 0.854600 0.102739 0.187974 0.171875
0 0.489700 0.832069 0.187974 0.171875
0 0.975117 0.548860 0.187974 0.171875
0 0.973425 0.271908 0.187974 0.171875
0 0.843650 0.395973 0.187974 0.171875
0 0.489700 0.393470 0.187974 0.171875
0 0.973425 0.833321 0.187974 0.171875
0 0.501500 0.684188 0.187974 0.171875
0 0.327900 0.825799 0.187974 0.171875
0 0.846175 0.541338 0.187974 0.171875
0 0.026200 0.243086 0.187974 0.171875
0 0.326208 0.538835 0.187974 0.171875
0 0.681842 0.674164 0.187974 0.171875
0 0.975117 0.411016 0.187974 0.171875
0 0.683525 0.824548 0.187974 0.171875
0 0.651508 0.373420 0.187974 0.171875
0 0.022825 0.119033 0.187974 0.171875
0 0.321150 0.393470 0.187974 0.171875
0 0.149233 0.822045 0.187974 0.171875
0 0.500658 0.526295 0.187974 0.171875
0 0.025358 0.395973 0.187974 0.171875
0 0.321150 0.109009 0.187974 0.171875
0 0.852075 0.825799 0.187974 0.171875
0 0.023667 0.540087 0.187974 0.171875
0 0.848708 0.259380 0.187974 0.171875
0 0.502342 0.260632 0.187974 0.171875
0 0.152608 0.390967 0.187974 0.171875
0 0.325367 0.681685 0.187974 0.171875
0 0.854600 0.687955 0.187974 0.171875
0 0.144183 0.114015 0.187974 0.171875
0 0.334642 0.259380 0.187974 0.171875
0 0.976800 0.131561 0.187974 0.171875
0 0.027042 0.684188 0.187974 0.171875
0 0.501500 0.106506 0.187974 0.171875
0 0.684375 0.251859 0.187974 0.171875
0 0.147550 0.253123 0.187974 0.171875
0 0.975117 0.684188 0.187974 0.171875
0 0.021983 0.842094 0.187974 0.171875
0 0.658250 0.528810 0.187974 0.171875