0 0.874570 0.912744 0.061260 0.172743
0 0.812603 0.486541 0.061260 0.172743
0 0.538070 0.746992 0.061260 0.172743
0 0.638468 0.642820 0.061260 0.172743
0 0.476102 0.119511 0.061260 0.172743
0 0.519240 0.472331 0.061260 0.172743
0 0.146663 0.564662 0.061260 0.172743
0 0.974184 0.578872 0.061260 0.172743
0 0.221955 0.259211 0.061260 0.172743
0 0.714558 0.387105 0.061260 0.172743
0 0.186301 0.116541 0.061260 0.172743
0 0.352951 0.590714 0.061260 0.172743
0 0.443948 0.022444 0.061260 0.172743
0 0.904371 0.780150 0.061260 0.172743
0 0.739651 0.226053 0.061260 0.172743
0 0.313736 0.185827 0.061260 0.172743
0 0.692590 0.275789 0.061260 0.172743
0 0.240785 0.777782 0.061260 0.172743
0 0.347460 0.363421 0.061260 0.172743
0 0.712204 0.614398 0.061260 0.172743
0 0.267460 0.235526 0.061260 0.172743
0 0.479240 0.207143 0.061260 0.172743
0 0.460411 0.744624 0.061260 0.172743
0 0.068219 0.912744 0.061260 0.172743
0 0.416488 0.294737 0.061260 0.172743
0 0.278431 0.119511 0.061260 0.172743
0 0.278431 0.569398 0.061260 0.172743
0 0.599253 0.230789 0.061260 0.172743
0 0.836139 0.339737 0.061260 0.172743
0 0.387460 0.443910 0.061260 0.172743
0 0.974969 0.406015 0.061260 0.172743
0 0.300399 0.486541 0.061260 0.172743
0 0.782017 0.616767 0.061260 0.172743
0 0.573362 0.922218 0.061260 0.172743
0 0.421980 0.121880 0.061260 0.172743
0 0.275293 0.900940 0.061260 0.172743
0 0.101158 0.465226 0.061260 0.172743
0 0.567086 0.365789 0.061260 0.172743
0 0.247061 0.448647 0.061260 0.172743
0 0.644745 0.891466 0.061260 0.172743
0 0.307460 0.380000 0.061260 0.172743
0 0.644745 0.240263 0.061260 0.172743
0 0.546700 0.218947 0.061260 0.172743
0 0.883200 0.477068 0.061260 0.172743
0 0.032927 0.448647 0.061260 0.172743
0 0.714558 0.912744 0.061260 0.172743
0 0.796912 0.169248 0.061260 0.172743
0 0.717696 0.088722 0.061260 0.172743
0 0.407073 0.595451 0.061260 0.172743
0 0.566252 0.622180 0.061260 0.172743
0 0.952229 0.915113 0.061260 0.172743
0 0.071357 0.600188 0.061260 0.172743
0 0.658082 0.391805 0.061260 0.172743
0 0.242354 0.093459 0.061260 0.172743
0 0.349813 0.931692 0.061260 0.172743
0 0.759265 0.770677 0.061260 0.172743
0 0.120772 0.112406 0.061260 0.172743
0 0.934184 0.621504 0.061260 0.172743
0 0.184309 0.396541 0.061260 0.172743
0 0.259614 0.325526 0.061260 0.172743
0 0.680037 0.780150 0.061260 0.172743
0 0.418057 0.908045 0.061260 0.172743
0 0.785156 0.072143 0.061260 0.172743
0 0.895753 0.335000 0.061260 0.172743
0 0.877709 0.353947 0.061260 0.172743
0 0.839278 0.218947 0.061260 0.172743
0 0.312167 0.273421 0.061260 0.172743
0 0.520809 0.022444 0.061260 0.172743
0 0.968692 0.789624 0.061260 0.172743
0 0.742790 0.432068 0.061260 0.172743
0 0.683960 0.500752 0.061260 0.172743
0 0.608667 0.460489 0.061260 0.172743
0 0.098817 0.780150 0.061260 0.172743
0 0.603960 0.744624 0.061260 0.172743
0 0.772603 0.316053 0.061260 0.172743
0 0.810249 0.903308 0.061260 0.172743
0 0.952229 0.098195 0.061260 0.172743
0 0.482379 0.304211 0.061260 0.172743
0 0.501208 0.600188 0.061260 0.172743
0 0.141955 0.036654 0.061260 0.172743
0 0.967123 0.235526 0.061260 0.172743
0 0.322366 0.739887 0.061260 0.172743
0 0.830648 0.770677 0.061260 0.172743
0 0.338045 0.477068 0.061260 0.172743
0 0.004682 0.588346 0.061260 0.172743
0 0.498854 0.900940 0.061260 0.172743
0 0.376488 0.737519 0.061260 0.172743
0 0.369427 0.242632 0.061260 0.172743
0 0.201569 0.630977 0.061260 0.172743
0 0.082341 0.249737 0.061260 0.172743
0 0.172540 0.723346 0.061260 0.172743
0 0.214907 0.889098 0.061260 0.172743
0 0.993798 0.107669 0.061260 0.172743
0 0.031357 0.761203 0.061260 0.172743
0 0.005467 0.922218 0.061260 0.172743
0 0.123910 0.905677 0.061260 0.172743
0 0.561594 0.024812 0.061260 0.172743
0 0.137248 0.320789 0.061260 0.172743
0 0.455704 0.477068 0.061260 0.172743
0 0.920062 0.505489 0.061260 0.172743
0 0.854919 0.636090 0.061260 0.172743