0 0.423250 0.627689 0.205755 0.125000
0 0.033250 0.877778 0.205755 0.125000
0 0.876389 0.066844 0.205755 0.125000
0 0.434306 0.076933 0.205755 0.125000
0 0.854306 0.155244 0.205755 0.125000
0 0.030083 0.769156 0.205755 0.125000
0 0.674306 0.046622 0.205755 0.125000
0 0.824306 0.736311 0.205755 0.125000
0 0.039556 0.665556 0.205755 0.125000
0 0.415333 0.746400 0.205755 0.125000
0 0.409028 0.850000 0.205755 0.125000
0 0.852722 0.526622 0.205755 0.125000
0 0.405861 0.961156 0.205755 0.125000
0 0.186389 0.084489 0.205755 0.125000
0 0.418500 0.501333 0.205755 0.125000
0 0.667972 0.236089 0.205755 0.125000
0 0.644306 0.766622 0.205755 0.125000
0 0.224306 0.882844 0.205755 0.125000
0 0.846389 0.268933 0.205755 0.125000
0 0.666389 0.339689 0.205755 0.125000
0 0.187972 0.334622 0.205755 0.125000
0 0.211667 0.582178 0.205755 0.125000
0 0.206917 0.688311 0.205755 0.125000
0 0.840083 0.460933 0.205755 0.125000
0 0.656917 0.610000 0.205755 0.125000
0 0.653778 0.693333 0.205755 0.125000
0 0.191139 0.215867 0.205755 0.125000
0 0.206917 0.471022 0.205755 0.125000
0 0.663250 0.519022 0.205755 0.125000
0 0.211667 0.804489 0.205755 0.125000
0 0.817972 0.827244 0.205755 0.125000
0 0.426389 0.364933 0.205755 0.125000
0 0.034806 0.546844 0.205755 0.125000
0 0.186389 0.981333 0.205755 0.125000
0 0.644306 0.880311 0.205755 0.125000
0 0.838500 0.357333 0.205755 0.125000
0 0.661667 0.438178 0.205755 0.125000
0 0.674306 0.147689 0.205755 0.125000
0 0.033250 0.948533 0.205755 0.125000
0 0.838500 0.647867 0.205755 0.125000
0 0.814806 0.910622 0.205755 0.125000
0 0.437444 0.228489 0.205755 0.125000