0 0.719756 0.520074 0.126302 0.222222
0 0.590995 0.332107 0.126302 0.222222
0 0.729153 0.684237 0.126302 0.222222
0 0.274267 0.318320 0.126302 0.222222
0 0.456598 0.720578 0.126302 0.222222
0 0.288364 0.738122 0.126302 0.222222
0 0.292124 0.170450 0.126302 0.222222
0 0.142689 0.348397 0.126302 0.222222
0 0.565620 0.523834 0.126302 0.222222
0 0.434982 0.515064 0.126302 0.222222
0 0.855093 0.477470 0.126302 0.222222
0 0.859793 0.666694 0.126302 0.222222
0 0.580658 0.860927 0.126302 0.222222
0 0.841935 0.315813 0.126302 0.222222
0 0.288364 0.498774 0.126302 0.222222
0 0.443440 0.305790 0.126302 0.222222
0 0.843816 0.196767 0.126302 0.222222
0 0.868251 0.829600 0.126302 0.222222
0 0.466935 0.864687 0.126302 0.222222
0 0.705658 0.190501 0.126302 0.222222
0 0.717876 0.845890 0.126302 0.222222
0 0.591935 0.193007 0.126302 0.222222
0 0.578778 0.703034 0.126302 0.222222
0 0.429342 0.191754 0.126302 0.222222
0 0.127651 0.203034 0.126302 0.222222
0 0.719756 0.313310 0.126302 0.222222