0 0.181000 0.496533 0.257812 0.204861
0 0.342433 0.153733 0.257812 0.204861
0 0.258667 0.574067 0.257812 0.204861
0 0.694233 0.685400 0.257812 0.204861
0 0.750567 0.216333 0.257812 0.204861
0 0.455133 0.321267 0.257812 0.204861
0 0.171867 0.281800 0.257812 0.204861
0 0.222133 0.234600 0.257812 0.204861
0 0.487100 0.144600 0.257812 0.204861
0 0.153600 0.380667 0.257812 0.204861
0 0.383533 0.686767 0.257812 0.204861
0 0.534300 0.507200 0.257812 0.204861
0 0.534300 0.731067 0.257812 0.204861
0 0.791700 0.626000 0.257812 0.204861
0 0.832800 0.330400 0.257812 0.204861
0 0.876967 0.412800 0.257812 0.204861
0 0.867833 0.526867 0.257812 0.204861
0 0.637867 0.167600 0.257812 0.204861