0 0.390688 0.127729 0.276119 0.156250
0 0.962438 0.742467 0.276119 0.156250
0 0.807422 0.887729 0.276119 0.156250
0 0.972500 0.858252 0.276119 0.156250
0 0.652406 0.138252 0.276119 0.156250
0 0.394719 0.285621 0.276119 0.156250
0 0.080672 0.891944 0.276119 0.156250
0 0.757094 0.374036 0.276119 0.156250
0 0.918141 0.426683 0.276119 0.156250
0 0.855734 0.660359 0.276119 0.156250
0 0.539672 0.102467 0.276119 0.156250
0 0.851703 0.136144 0.276119 0.156250
0 0.732938 0.799314 0.276119 0.156250
0 0.128984 0.138252 0.276119 0.156250
0 0.861781 0.275098 0.276119 0.156250
0 0.267891 0.096144 0.276119 0.156250
0 0.430953 0.816144 0.276119 0.156250
0 0.507453 0.767729 0.276119 0.156250
0 0.970484 0.468775 0.276119 0.156250
0 0.175281 0.416144 0.276119 0.156250
0 0.412844 0.647729 0.276119 0.156250
0 0.275938 0.584575 0.276119 0.156250
0 0.692672 0.628775 0.276119 0.156250
0 0.177297 0.283513 0.276119 0.156250
0 0.666500 0.458252 0.276119 0.156250
0 0.533625 0.323513 0.276119 0.156250