0 0.355400 0.168137 0.108284 0.152778
0 0.572914 0.428365 0.108284 0.152778
0 0.681686 0.516084 0.108284 0.152778
0 0.085143 0.440076 0.108284 0.152778
0 0.014857 0.267567 0.108284 0.152778
0 0.367486 0.092129 0.108284 0.152778
0 0.251029 0.169620 0.108284 0.152778
0 0.871743 0.419620 0.108284 0.152778
0 0.881629 0.495627 0.108284 0.152778
0 0.233457 0.266084 0.108284 0.152778
0 0.037914 0.187148 0.108284 0.152778
0 0.175229 0.519011 0.108284 0.152778
0 0.986000 0.165209 0.108284 0.152778
0 0.105600 0.873992 0.108284 0.152778
0 0.472943 0.154981 0.108284 0.152778
0 0.771771 0.429848 0.108284 0.152778
0 0.134029 0.745627 0.108284 0.152778
0 0.191714 0.435703 0.108284 0.152778
0 0.653114 0.020494 0.108284 0.152778
0 0.594343 0.905589 0.108284 0.152778
0 0.958514 0.421065 0.108284 0.152778
0 0.912371 0.169620 0.108284 0.152778
0 0.093943 0.024867 0.108284 0.152778
0 0.975000 0.502928 0.108284 0.152778
0 0.021429 0.027795 0.108284 0.152778
0 0.464171 0.260266 0.108284 0.152778
0 0.838771 0.750913 0.108284 0.152778
0 0.483600 0.751901 0.108284 0.152778
0 0.847571 0.888745 0.108284 0.152778
0 0.806914 0.252928 0.108284 0.152778
0 0.569629 0.016084 0.108284 0.152778
0 0.271914 0.514639 0.108284 0.152778
0 0.357057 0.762433 0.108284 0.152778
0 0.146686 0.168137 0.108284 0.152778
0 0.581714 0.510266 0.108284 0.152778
0 0.280714 0.431293 0.108284 0.152778
0 0.469657 0.633042 0.108284 0.152778
0 0.875029 0.090646 0.108284 0.152778
0 0.075257 0.520494 0.108284 0.152778
0 0.222686 0.886730 0.108284 0.152778
0 0.472629 0.886730 0.108284 0.152778
0 0.347600 0.897224 0.108284 0.152778
0 0.247743 0.622814 0.108284 0.152778
0 0.689371 0.621369 0.108284 0.152778
0 0.944257 0.024867 0.108284 0.152778
0 0.904686 0.614068 0.108284 0.152778
0 0.244771 0.749886 0.108284 0.152778
0 0.294971 0.016084 0.108284 0.152778
0 0.112629 0.252928 0.108284 0.152778
0 0.468571 0.013194 0.108284 0.152778
0 0.730457 0.886730 0.108284 0.152778
0 0.677286 0.150608 0.108284 0.152778
0 0.672886 0.070190 0.108284 0.152778
0 0.379571 0.432776 0.108284 0.152778
0 0.031200 0.749886 0.108284 0.152778
0 0.970943 0.888745 0.108284 0.152778
0 0.379571 0.020494 0.108284 0.152778
0 0.803629 0.608213 0.108284 0.152778
0 0.050000 0.627224 0.108284 0.152778
0 0.772857 0.064335 0.108284 0.152778
0 0.358714 0.635970 0.108284 0.152778
0 0.580600 0.618441 0.108284 0.152778
0 0.965114 0.087719 0.108284 0.152778
0 0.772857 0.019011 0.108284 0.152778
0 0.071971 0.105285 0.108284 0.152778
0 0.568543 0.076046 0.108284 0.152778
0 0.942057 0.264639 0.108284 0.152778
0 0.265314 0.090646 0.108284 0.152778
0 0.154371 0.634525 0.108284 0.152778
0 0.154371 0.093574 0.108284 0.152778
0 0.597543 0.749886 0.108284 0.152778
0 0.474057 0.511711 0.108284 0.152778
0 0.345514 0.258783 0.108284 0.152778
0 0.481743 0.426920 0.108284 0.152778
0 0.956886 0.750913 0.108284 0.152778
0 0.568543 0.251483 0.108284 0.152778
0 0.853057 0.020494 0.108284 0.152778
0 0.780543 0.171065 0.108284 0.152778
0 0.561943 0.162281 0.108284 0.152778
0 0.680571 0.426920 0.108284 0.152778
0 0.463057 0.074563 0.108284 0.152778
0 0.709914 0.743422 0.108284 0.152778
0 0.788257 0.505856 0.108284 0.152778
0 0.367486 0.513194 0.108284 0.152778
0 0.186229 0.027795 0.108284 0.152778