0 0.678830 0.456307 0.235026 0.104167
0 0.554330 0.345133 0.235026 0.104167
0 0.218530 0.664942 0.235026 0.104167
0 0.795333 0.354271 0.235026 0.104167
0 0.242517 0.858351 0.235026 0.104167
0 0.087180 0.358840 0.235026 0.104167
0 0.963233 0.760884 0.235026 0.104167
0 0.036923 0.278124 0.235026 0.104167
0 0.548620 0.564431 0.235026 0.104167
0 0.026643 0.035982 0.235026 0.104167
0 0.789620 0.564431 0.235026 0.104167
0 0.903840 0.663422 0.235026 0.104167
0 0.890133 0.465440 0.235026 0.104167
0 0.323610 0.765453 0.235026 0.104167
0 0.880997 0.856831 0.235026 0.104167
0 0.682257 0.658853 0.235026 0.104167
0 0.657127 0.862920 0.235026 0.104167
0 0.223100 0.049689 0.235026 0.104167
0 0.565753 0.765453 0.235026 0.104167
0 0.964373 0.351222 0.235026 0.104167
0 0.485800 0.466964 0.235026 0.104167
0 0.951810 0.570524 0.235026 0.104167
0 0.027787 0.462396 0.235026 0.104167
0 0.189977 0.259849 0.235026 0.104167
0 0.927823 0.939067 0.235026 0.104167
0 0.574890 0.124311 0.235026 0.104167
0 0.034640 0.856831 0.235026 0.104167
0 0.446967 0.867489 0.235026 0.104167
0 0.446967 0.654284 0.235026 0.104167
0 0.566897 0.945160 0.235026 0.104167
0 0.957523 0.138018 0.235026 0.104167
0 0.309903 0.151724 0.235026 0.104167
0 0.116877 0.948204 0.235026 0.104167
0 0.785053 0.756316 0.235026 0.104167
0 0.841020 0.138018 0.235026 0.104167
0 0.043777 0.663422 0.235026 0.104167
0 0.113450 0.134969 0.235026 0.104167
0 0.417270 0.051209 0.235026 0.104167
0 0.344170 0.948204 0.235026 0.104167
0 0.765637 0.943636 0.235026 0.104167
0 0.103170 0.564431 0.235026 0.104167
0 0.885563 0.040551 0.235026 0.104167
0 0.660553 0.058827 0.235026 0.104167
0 0.885563 0.255280 0.235026 0.104167
0 0.349880 0.562907 0.235026 0.104167
0 0.356733 0.351222 0.235026 0.104167
0 0.107740 0.765453 0.235026 0.104167
0 0.451537 0.272031 0.235026 0.104167
0 0.197970 0.470009 0.235026 0.104167
0 0.669693 0.259849 0.235026 0.104167