0 0.368688 0.502056 0.116579 0.175347
0 0.198950 0.117556 0.116579 0.175347
0 0.486125 0.164333 0.116579 0.175347
0 0.578888 0.594167 0.116579 0.175347
0 0.815738 0.604407 0.116579 0.175347
0 0.885800 0.595630 0.116579 0.175347
0 0.378563 0.592704 0.116579 0.175347
0 0.724950 0.642407 0.116579 0.175347
0 0.590738 0.667259 0.116579 0.175347
0 0.458500 0.686278 0.116579 0.175347
0 0.065725 0.363167 0.116579 0.175347
0 0.551262 0.133630 0.116579 0.175347
0 0.398300 0.159944 0.116579 0.175347
0 0.074612 0.439185 0.116579 0.175347