0 0.527984 0.609952 0.206597 0.082465
0 0.726129 0.405884 0.206597 0.082465
0 0.325097 0.544988 0.206597 0.082465
0 0.091081 0.793729 0.206597 0.082465
0 0.286129 0.734140 0.206597 0.082465
0 0.878984 0.085472 0.206597 0.082465
0 0.322387 0.625182 0.206597 0.082465
0 0.117468 0.477966 0.206597 0.082465
0 0.117468 0.413002 0.206597 0.082465
0 0.264226 0.932712 0.206597 0.082465
0 0.093113 0.920630 0.206597 0.082465
0 0.092435 0.970387 0.206597 0.082465
0 0.088387 0.850581 0.206597 0.082465
0 0.659452 0.795157 0.206597 0.082465
0 0.255435 0.162034 0.206597 0.082465
0 0.725468 0.543971 0.206597 0.082465
0 0.491452 0.155521 0.206597 0.082465
0 0.454129 0.931501 0.206597 0.082465
0 0.255435 0.235133 0.206597 0.082465
0 0.883032 0.235738 0.206597 0.082465
0 0.462242 0.866925 0.206597 0.082465
0 0.670000 0.740315 0.206597 0.082465
0 0.090419 0.241211 0.206597 0.082465
0 0.265032 0.977893 0.206597 0.082465
0 0.736274 0.619104 0.206597 0.082465
0 0.260161 0.807240 0.206597 0.082465
0 0.691645 0.027603 0.206597 0.082465
0 0.688935 0.091574 0.206597 0.082465
0 0.461435 0.795157 0.206597 0.082465
0 0.455758 0.986320 0.206597 0.082465
0 0.254081 0.047288 0.206597 0.082465
0 0.854226 0.758499 0.206597 0.082465
0 0.087710 0.177240 0.206597 0.082465
0 0.658645 0.859709 0.206597 0.082465
0 0.092435 0.736877 0.206597 0.082465
0 0.261790 0.873027 0.206597 0.082465
0 0.250694 0.107191 0.206597 0.082465
0 0.913468 0.619104 0.206597 0.082465
0 0.116113 0.609952 0.206597 0.082465
0 0.681500 0.156538 0.206597 0.082465
0 0.479290 0.011356 0.206597 0.082465
0 0.322387 0.408935 0.206597 0.082465
0 0.329145 0.484068 0.206597 0.082465
0 0.093790 0.035109 0.206597 0.082465
0 0.492129 0.219492 0.206597 0.082465
0 0.479290 0.098668 0.206597 0.082465
0 0.124226 0.544988 0.206597 0.082465
0 0.920919 0.565278 0.206597 0.082465
0 0.511742 0.415036 0.206597 0.082465
0 0.651339 0.937579 0.206597 0.082465
0 0.680145 0.226586 0.206597 0.082465
0 0.847742 0.862058 0.206597 0.082465
0 0.850177 0.937579 0.206597 0.082465
0 0.525952 0.539903 0.206597 0.082465
0 0.927677 0.484068 0.206597 0.082465
0 0.531355 0.493196 0.206597 0.082465
0 0.725468 0.490169 0.206597 0.082465
0 0.883032 0.164673 0.206597 0.082465
0 0.851790 0.812107 0.206597 0.082465
0 0.092435 0.108208 0.206597 0.082465