0 0.156801 0.898687 0.242647 0.104167
0 0.491347 0.916136 0.242647 0.104167
0 0.840438 0.920505 0.242647 0.104167
0 0.846246 0.724141 0.242647 0.104167
0 0.500067 0.737235 0.242647 0.104167
0 0.191700 0.726326 0.242647 0.104167
0 0.142256 0.612866 0.242647 0.104167
0 0.502980 0.584508 0.242647 0.104167
0 0.761886 0.514684 0.242647 0.104167
0 0.991700 0.569230 0.242647 0.104167
0 0.985892 0.433965 0.242647 0.104167
0 0.756061 0.442689 0.242647 0.104167
0 0.788064 0.612866 0.242647 0.104167
0 0.738620 0.335783 0.242647 0.104167
0 0.500067 0.455783 0.242647 0.104167
0 0.229529 0.460139 0.242647 0.104167
0 0.299343 0.556136 0.242647 0.104167
0 0.020067 0.529962 0.242647 0.104167
0 0.025892 0.447045 0.242647 0.104167
0 0.037525 0.337955 0.242647 0.104167
0 0.049158 0.250682 0.242647 0.104167
0 0.086970 0.180871 0.242647 0.104167
0 0.110253 0.115417 0.242647 0.104167
0 0.124798 0.043409 0.242647 0.104167
0 0.322609 0.047778 0.242647 0.104167
0 0.310976 0.111048 0.242647 0.104167
0 0.305152 0.172146 0.242647 0.104167
0 0.366246 0.281237 0.242647 0.104167
0 0.244074 0.255051 0.242647 0.104167
0 0.244074 0.346692 0.242647 0.104167
0 0.491347 0.348864 0.242647 0.104167
0 0.511700 0.252866 0.242647 0.104167
0 0.508788 0.169962 0.242647 0.104167
0 0.500067 0.102323 0.242647 0.104167
0 0.494242 0.043409 0.242647 0.104167
0 0.694983 0.045593 0.242647 0.104167
0 0.881162 0.045593 0.242647 0.104167
0 0.901515 0.097955 0.242647 0.104167
0 0.709529 0.097955 0.242647 0.104167
0 0.709529 0.165593 0.242647 0.104167
0 0.718249 0.239773 0.242647 0.104167
0 0.945152 0.161237 0.242647 0.104167
0 0.956801 0.237601 0.242647 0.104167
0 0.977155 0.337955 0.242647 0.104167