0 0.088223 0.284771 0.079487 0.197049
0 0.045708 0.383260 0.079487 0.197049
0 0.108362 0.425833 0.079487 0.197049
0 0.010123 0.410375 0.079487 0.197049
0 0.280115 0.446292 0.079487 0.197049
0 0.322069 0.339010 0.079487 0.197049
0 0.414600 0.425229 0.079487 0.197049
0 0.380362 0.380990 0.079487 0.197049
0 0.367162 0.543104 0.079487 0.197049
0 0.503885 0.535677 0.079487 0.197049
0 0.590938 0.526292 0.079487 0.197049
0 0.583215 0.458865 0.079487 0.197049
0 0.587808 0.399927 0.079487 0.197049
0 0.659077 0.557500 0.079487 0.197049
0 0.675192 0.444323 0.079487 0.197049
0 0.681677 0.357344 0.079487 0.197049
0 0.845931 0.513563 0.079487 0.197049
0 0.339300 0.749010 0.079487 0.197049
0 0.201008 0.802656 0.079487 0.197049
0 0.174600 0.804771 0.079487 0.197049