0 0.118935 0.014891 0.218171 0.174479
0 0.018403 0.036707 0.218171 0.174479
0 0.078968 0.089443 0.218171 0.174479
0 0.052323 0.165811 0.218171 0.174479
0 0.244887 0.076707 0.218171 0.174479
0 0.238839 0.194891 0.218171 0.174479
0 0.139516 0.269443 0.218171 0.174479
0 0.321194 0.276707 0.218171 0.174479
0 0.104387 0.349443 0.218171 0.174479
0 0.242468 0.433075 0.218171 0.174479
0 0.223081 0.289443 0.218171 0.174479
0 0.083806 0.534891 0.218171 0.174479
0 0.039000 0.665811 0.218171 0.174479
0 0.208548 0.634891 0.218171 0.174479
0 0.315129 0.718547 0.218171 0.174479
0 0.505290 0.705811 0.218171 0.174479
0 0.829871 0.767627 0.218171 0.174479
0 0.961887 0.805811 0.218171 0.174479
0 0.975210 0.665811 0.218171 0.174479
0 0.890419 0.627627 0.218171 0.174479
0 0.765677 0.587627 0.218171 0.174479
0 0.599758 0.498547 0.218171 0.174479
0 0.397726 0.506538 0.218171 0.174479
0 0.513403 0.348184 0.218171 0.174479
0 0.928823 0.511816 0.218171 0.174479
0 0.960306 0.326344 0.218171 0.174479
0 0.745935 0.339080 0.218171 0.174479
0 0.639355 0.288184 0.218171 0.174479
0 0.628452 0.210000 0.218171 0.174479
0 0.784694 0.255448 0.218171 0.174479
0 0.916339 0.232349 0.218171 0.174479
0 0.866935 0.200533 0.218171 0.174479
0 0.960790 0.180896 0.218171 0.174479
0 0.780097 0.140000 0.218171 0.174479
0 0.493419 0.085448 0.218171 0.174479
0 0.955710 0.099080 0.218171 0.174479
0 0.778032 0.065811 0.218171 0.174479
0 0.564500 0.023995 0.218171 0.174479
0 0.870919 0.027627 0.218171 0.174479
0 0.755871 0.422179 0.218171 0.174479
0 0.961758 0.018547 0.218171 0.174479