0 0.126750 0.506102 0.037616 0.059896
0 0.167180 0.487916 0.037616 0.059896
0 0.205580 0.466702 0.037616 0.059896
0 0.240950 0.457616 0.037616 0.059896
0 0.252070 0.512159 0.037616 0.059896
0 0.281380 0.436402 0.037616 0.059896
0 0.216700 0.527301 0.037616 0.059896
0 0.175260 0.540945 0.037616 0.059896
0 0.138880 0.554573 0.037616 0.059896
0 0.161110 0.615187 0.037616 0.059896
0 0.172230 0.672759 0.037616 0.059896
0 0.197500 0.721244 0.037616 0.059896
0 0.188400 0.783373 0.037616 0.059896
0 0.237920 0.763673 0.037616 0.059896
0 0.286430 0.743973 0.037616 0.059896
0 0.259140 0.692459 0.037616 0.059896
0 0.228820 0.642459 0.037616 0.059896
0 0.206590 0.590945 0.037616 0.059896
0 0.247020 0.572759 0.037616 0.059896
0 0.266220 0.625787 0.037616 0.059896
0 0.298560 0.671244 0.037616 0.059896
0 0.335950 0.654573 0.037616 0.059896
0 0.306640 0.610645 0.037616 0.059896
0 0.285420 0.556102 0.037616 0.059896
0 0.292490 0.497001 0.037616 0.059896
0 0.317760 0.418216 0.037616 0.059896
0 0.332920 0.475787 0.037616 0.059896
0 0.327860 0.540945 0.037616 0.059896
0 0.346050 0.589430 0.037616 0.059896
0 0.376370 0.637916 0.037616 0.059896
0 0.414780 0.624273 0.037616 0.059896
0 0.384460 0.571244 0.037616 0.059896
0 0.363230 0.527301 0.037616 0.059896
0 0.361210 0.401544 0.037616 0.059896
0 0.371320 0.460645 0.037616 0.059896
0 0.398610 0.509130 0.037616 0.059896
0 0.422860 0.562159 0.037616 0.059896
0 0.450150 0.606102 0.037616 0.059896
0 0.432970 0.675787 0.037616 0.059896
0 0.486530 0.586402 0.037616 0.059896
0 0.461260 0.540945 0.037616 0.059896
0 0.440040 0.493973 0.037616 0.059896
0 0.405680 0.445487 0.037616 0.059896
0 0.399620 0.383373 0.037616 0.059896
0 0.432970 0.366702 0.037616 0.059896
0 0.445090 0.425787 0.037616 0.059896
0 0.475410 0.471244 0.037616 0.059896
0 0.497650 0.519730 0.037616 0.059896
0 0.525940 0.569730 0.037616 0.059896
0 0.574450 0.613673 0.037616 0.059896
0 0.566370 0.551544 0.037616 0.059896
0 0.535040 0.507616 0.037616 0.059896
0 0.511790 0.454573 0.037616 0.059896
0 0.482490 0.404573 0.037616 0.059896
0 0.476420 0.348516 0.037616 0.059896
0 0.509770 0.334888 0.037616 0.059896
0 0.522910 0.387916 0.037616 0.059896
0 0.553230 0.433373 0.037616 0.059896
0 0.572430 0.489430 0.037616 0.059896
0 0.601740 0.540945 0.037616 0.059896
0 0.634080 0.587916 0.037616 0.059896
0 0.686630 0.568216 0.037616 0.059896
0 0.654290 0.510645 0.037616 0.059896
0 0.610830 0.469730 0.037616 0.059896
0 0.589610 0.419730 0.037616 0.059896
0 0.560300 0.369730 0.037616 0.059896
0 0.548180 0.309130 0.037616 0.059896
0 0.584560 0.297001 0.037616 0.059896
0 0.595670 0.351544 0.037616 0.059896
0 0.629020 0.401544 0.037616 0.059896
0 0.675510 0.445487 0.037616 0.059896
0 0.708860 0.493973 0.037616 0.059896
0 0.722000 0.545487 0.037616 0.059896
0 0.760400 0.533373 0.037616 0.059896
0 0.676520 0.381859 0.037616 0.059896
0 0.656310 0.328816 0.037616 0.059896
0 0.625990 0.278816 0.037616 0.059896
0 0.665410 0.262159 0.037616 0.059896
0 0.701790 0.247001 0.037616 0.059896
0 0.742210 0.227301 0.037616 0.059896
0 0.781630 0.207616 0.037616 0.059896
0 0.821040 0.192459 0.037616 0.059896
0 0.751310 0.284888 0.037616 0.059896
0 0.717960 0.301544 0.037616 0.059896
0 0.791730 0.265187 0.037616 0.059896
0 0.830130 0.248516 0.037616 0.059896
0 0.846300 0.336402 0.037616 0.059896
0 0.802850 0.324273 0.037616 0.059896
0 0.763430 0.342459 0.037616 0.059896
0 0.725030 0.359130 0.037616 0.059896
0 0.736150 0.416702 0.037616 0.059896
0 0.746250 0.474273 0.037616 0.059896
0 0.785670 0.457616 0.037616 0.059896
0 0.774550 0.400030 0.037616 0.059896
0 0.812950 0.386402 0.037616 0.059896
0 0.823060 0.442459 0.037616 0.059896
0 0.870560 0.450030 0.037616 0.059896
0 0.835190 0.498516 0.037616 0.059896
0 0.800830 0.512159 0.037616 0.059896