0 0.127100 0.285284 0.080781 0.097222
0 0.135630 0.393699 0.080781 0.097222
0 0.139180 0.485421 0.080781 0.097222
0 0.144860 0.585499 0.080781 0.097222
0 0.207360 0.696693 0.080781 0.097222
0 0.267020 0.700861 0.080781 0.097222
0 0.249260 0.585499 0.080781 0.097222
0 0.222270 0.488200 0.080781 0.097222
0 0.210200 0.385362 0.080781 0.097222
0 0.181790 0.282505 0.080781 0.097222
0 0.229380 0.283894 0.080781 0.097222
0 0.287610 0.290841 0.080781 0.097222
0 0.335200 0.289452 0.080781 0.097222
0 0.394860 0.289452 0.080781 0.097222
0 0.438180 0.289452 0.080781 0.097222
0 0.491450 0.288063 0.080781 0.097222
0 0.556790 0.288063 0.080781 0.097222
0 0.607930 0.288063 0.080781 0.097222
0 0.656220 0.288063 0.080781 0.097222
0 0.707360 0.289452 0.080781 0.097222
0 0.758490 0.288063 0.080781 0.097222
0 0.814600 0.288063 0.080781 0.097222
0 0.872130 0.283894 0.080781 0.097222
0 0.854380 0.388141 0.080781 0.097222
0 0.784770 0.382583 0.080781 0.097222
0 0.735060 0.385362 0.080781 0.097222
0 0.676820 0.383973 0.080781 0.097222
0 0.627810 0.385362 0.080781 0.097222
0 0.576680 0.390920 0.080781 0.097222
0 0.525540 0.390920 0.080781 0.097222
0 0.471560 0.390920 0.080781 0.097222
0 0.417590 0.390920 0.080781 0.097222
0 0.368580 0.395088 0.080781 0.097222
0 0.317440 0.389530 0.080781 0.097222
0 0.264890 0.390920 0.080781 0.097222
0 0.269860 0.495166 0.080781 0.097222
0 0.321700 0.493777 0.080781 0.097222
0 0.375680 0.504892 0.080781 0.097222
0 0.433920 0.488200 0.080781 0.097222
0 0.483640 0.495166 0.080781 0.097222
0 0.531220 0.495166 0.080781 0.097222
0 0.593720 0.493777 0.080781 0.097222
0 0.639180 0.493777 0.080781 0.097222
0 0.705230 0.493777 0.080781 0.097222
0 0.742160 0.493777 0.080781 0.097222
0 0.833700 0.493738 0.080781 0.097222
0 0.800400 0.588278 0.080781 0.097222
0 0.867160 0.593836 0.080781 0.097222
0 0.721560 0.600783 0.080781 0.097222
0 0.671140 0.595225 0.080781 0.097222
0 0.613610 0.591057 0.080781 0.097222
0 0.558920 0.599393 0.080781 0.097222
0 0.499970 0.599393 0.080781 0.097222
0 0.460200 0.596614 0.080781 0.097222
0 0.404090 0.599393 0.080781 0.097222
0 0.354380 0.595225 0.080781 0.097222
0 0.297560 0.596614 0.080781 0.097222
0 0.485770 0.705029 0.080781 0.097222
0 0.715880 0.707808 0.080781 0.097222
0 0.794720 0.707808 0.080781 0.097222