0 0.585658 0.639650 0.029514 0.041667
0 0.638975 0.602825 0.029514 0.041667
0 0.681058 0.575462 0.029514 0.041667
0 0.655808 0.546000 0.029514 0.041667
0 0.636867 0.529162 0.029514 0.041667
0 0.615825 0.501812 0.029514 0.041667
0 0.594783 0.515487 0.029514 0.041667
0 0.612317 0.540737 0.029514 0.041667
0 0.628450 0.564937 0.029514 0.041667
0 0.603900 0.585987 0.029514 0.041667
0 0.577950 0.599662 0.029514 0.041667
0 0.548483 0.621762 0.029514 0.041667
0 0.529542 0.594400 0.029514 0.041667
0 0.514117 0.572313 0.029514 0.041667
0 0.539367 0.553362 0.029514 0.041667
0 0.563917 0.537587 0.029514 0.041667
0 0.569525 0.489188 0.029514 0.041667
0 0.406792 0.268225 0.029514 0.041667
0 0.417308 0.275587 0.029514 0.041667
0 0.427833 0.292425 0.029514 0.041667
0 0.438358 0.302950 0.029514 0.041667
0 0.450983 0.317675 0.029514 0.041667
0 0.464308 0.333462 0.029514 0.041667
0 0.475533 0.347137 0.029514 0.041667
0 0.488158 0.365025 0.029514 0.041667
0 0.502192 0.376600 0.029514 0.041667
0 0.516917 0.397638 0.029514 0.041667
0 0.530250 0.410275 0.029514 0.041667
0 0.546383 0.428162 0.029514 0.041667
0 0.561108 0.442887 0.029514 0.041667
0 0.387150 0.280850 0.029514 0.041667
0 0.401883 0.298737 0.029514 0.041667
0 0.414508 0.310312 0.029514 0.041667
0 0.422925 0.322938 0.029514 0.041667
0 0.436250 0.338725 0.029514 0.041667
0 0.449575 0.352400 0.029514 0.041667
0 0.460100 0.367125 0.029514 0.041667
0 0.473425 0.380812 0.029514 0.041667
0 0.485350 0.396587 0.029514 0.041667
0 0.500783 0.416587 0.029514 0.041667
0 0.514817 0.431312 0.029514 0.041667
0 0.529542 0.448150 0.029514 0.041667
0 0.544975 0.470250 0.029514 0.041667
0 0.382242 0.310312 0.029514 0.041667
0 0.394167 0.326100 0.029514 0.041667
0 0.405383 0.338725 0.029514 0.041667
0 0.418017 0.353450 0.029514 0.041667
0 0.427833 0.368187 0.029514 0.041667
0 0.443267 0.382912 0.029514 0.041667
0 0.452383 0.398700 0.029514 0.041667
0 0.467117 0.413425 0.029514 0.041667
0 0.480442 0.434475 0.029514 0.041667
0 0.490967 0.447100 0.029514 0.041667
0 0.507800 0.467088 0.029514 0.041667
0 0.477633 0.475500 0.029514 0.041667
0 0.461500 0.455512 0.029514 0.041667
0 0.451683 0.439725 0.029514 0.041667
0 0.437658 0.422900 0.029514 0.041667
0 0.430642 0.402900 0.029514 0.041667
0 0.382942 0.341875 0.029514 0.041667
0 0.368208 0.295575 0.029514 0.041667
0 0.584258 0.468137 0.029514 0.041667
0 0.537967 0.500762 0.029514 0.041667
0 0.507100 0.511275 0.029514 0.041667
0 0.469925 0.517587 0.029514 0.041667
0 0.456592 0.493387 0.029514 0.041667
0 0.439058 0.471300 0.029514 0.041667
0 0.488158 0.544950 0.029514 0.041667
0 0.556692 0.575887 0.029514 0.041667
0 0.586150 0.558000 0.029514 0.041667