0 0.715996 0.367883 0.085026 0.072917
0 0.195479 0.450090 0.085026 0.072917
0 0.195479 0.502387 0.085026 0.072917
0 0.194395 0.559662 0.085026 0.072917
0 0.098281 0.345473 0.085026 0.072917
0 0.096230 0.389302 0.085026 0.072917
0 0.098066 0.429662 0.085026 0.072917
0 0.304336 0.371869 0.085026 0.072917
0 0.304980 0.415203 0.085026 0.072917
0 0.305625 0.455563 0.085026 0.072917
0 0.404980 0.532027 0.085026 0.072917
0 0.401201 0.573874 0.085026 0.072917
0 0.322471 0.703378 0.085026 0.072917
0 0.508652 0.732275 0.085026 0.072917
0 0.626904 0.529527 0.085026 0.072917
0 0.628193 0.566644 0.085026 0.072917
0 0.681328 0.715090 0.085026 0.072917
0 0.716426 0.418198 0.085026 0.072917
0 0.715020 0.447342 0.085026 0.072917
0 0.810918 0.495901 0.085026 0.072917
0 0.809082 0.534257 0.085026 0.072917
0 0.806924 0.567635 0.085026 0.072917
0 0.900986 0.361667 0.085026 0.072917
0 0.900986 0.393041 0.085026 0.072917
0 0.900439 0.442365 0.085026 0.072917