0 0.055051 0.325786 0.155140 0.131944
0 0.181231 0.283357 0.155140 0.131944
0 0.350949 0.242429 0.155140 0.131944
0 0.464077 0.209107 0.155140 0.131944
0 0.534769 0.184857 0.155140 0.131944
0 0.656615 0.143964 0.155140 0.131944
0 0.721872 0.113643 0.155140 0.131944
0 0.786051 0.098500 0.155140 0.131944
0 0.861128 0.059107 0.155140 0.131944
0 0.945974 0.021250 0.155140 0.131944
0 0.100744 0.121250 0.155140 0.131944
0 0.167103 0.106071 0.155140 0.131944
0 0.300897 0.063643 0.155140 0.131944
0 0.405333 0.043964 0.155140 0.131944
0 0.505410 0.018214 0.155140 0.131944
0 0.521718 0.586393 0.155140 0.131944
0 0.650077 0.556071 0.155140 0.131944
0 0.670744 0.483357 0.155140 0.131944
0 0.757769 0.433357 0.155140 0.131944
0 0.860026 0.363643 0.155140 0.131944
0 0.919872 0.315179 0.155140 0.131944
0 0.973154 0.312143 0.155140 0.131944
0 0.979692 0.260643 0.155140 0.131944
0 0.346590 0.701536 0.155140 0.131944
0 0.138821 0.777286 0.155140 0.131944