0 0.090533 0.096275 0.126634 0.091146
0 0.035267 0.089725 0.126634 0.091146
0 0.020733 0.146450 0.126634 0.091146
0 0.061467 0.179175 0.126634 0.091146
0 0.145833 0.118100 0.126634 0.091146
0 0.224367 0.137725 0.126634 0.091146
0 0.183633 0.061375 0.126634 0.091146
0 0.224367 0.067900 0.126634 0.091146
0 0.317467 0.057000 0.126634 0.091146
0 0.337833 0.102825 0.126634 0.091146
0 0.398900 0.052625 0.126634 0.091146
0 0.492000 0.054825 0.126634 0.091146
0 0.588000 0.041725 0.126634 0.091146
0 0.672367 0.059175 0.126634 0.091146
0 0.780000 0.089725 0.126634 0.091146
0 0.838167 0.030825 0.126634 0.091146
0 0.873100 0.113725 0.126634 0.091146
0 0.966167 0.096275 0.126634 0.091146
0 0.937100 0.172625 0.126634 0.091146
0 0.974900 0.231550 0.126634 0.091146
0 0.974900 0.297000 0.126634 0.091146
0 0.858533 0.281725 0.126634 0.091146
0 0.771267 0.196625 0.126634 0.091146
0 0.631633 0.139900 0.126634 0.091146
0 0.512367 0.133375 0.126634 0.091146
0 0.396000 0.192275 0.126634 0.091146
0 0.285467 0.201000 0.126634 0.091146
0 0.189467 0.227175 0.126634 0.091146
0 0.093467 0.314450 0.126634 0.091146
0 0.020733 0.283900 0.126634 0.091146
0 0.046900 0.421375 0.126634 0.091146
0 0.189467 0.349375 0.126634 0.091146
0 0.282533 0.290450 0.126634 0.091146
0 0.294167 0.377725 0.126634 0.091146
0 0.384367 0.340625 0.126634 0.091146
0 0.494900 0.235900 0.126634 0.091146
0 0.413467 0.266450 0.126634 0.091146
0 0.588000 0.251175 0.126634 0.091146
0 0.727633 0.259900 0.126634 0.091146
0 0.686900 0.316625 0.126634 0.091146
0 0.614167 0.340625 0.126634 0.091146
0 0.500733 0.375550 0.126634 0.091146
0 0.777100 0.345000 0.126634 0.091146
0 0.905100 0.369000 0.126634 0.091146
0 0.948733 0.427900 0.126634 0.091146
0 0.838167 0.412625 0.126634 0.091146
0 0.768367 0.436625 0.126634 0.091146
0 0.675267 0.438825 0.126634 0.091146
0 0.590900 0.434450 0.126634 0.091146
0 0.474533 0.462825 0.126634 0.091146
0 0.413467 0.412625 0.126634 0.091146
0 0.305833 0.486825 0.126634 0.091146
0 0.218533 0.462825 0.126634 0.091146
0 0.154533 0.495550 0.126634 0.091146
0 0.032367 0.543550 0.126634 0.091146
0 0.116733 0.558825 0.126634 0.091146
0 0.128367 0.580625 0.126634 0.091146
0 0.073100 0.639550 0.126634 0.091146
0 0.166167 0.641725 0.126634 0.091146
0 0.244733 0.543550 0.126634 0.091146
0 0.273833 0.617725 0.126634 0.091146
0 0.294167 0.681000 0.126634 0.091146
0 0.404733 0.561000 0.126634 0.091146
0 0.532733 0.515175 0.126634 0.091146
0 0.605467 0.558825 0.126634 0.091146
0 0.686900 0.519550 0.126634 0.091146
0 0.753833 0.497725 0.126634 0.091146
0 0.814900 0.519550 0.126634 0.091146
0 0.989467 0.547900 0.126634 0.091146
0 0.942900 0.643900 0.126634 0.091146
0 0.774167 0.611175 0.126634 0.091146
0 0.663633 0.635175 0.126634 0.091146
0 0.529833 0.635175 0.126634 0.091146
0 0.634533 0.720275 0.126634 0.091146
0 0.611267 0.787900 0.126634 0.091146
0 0.477467 0.822825 0.126634 0.091146
0 0.462900 0.724625 0.126634 0.091146
0 0.369833 0.698450 0.126634 0.091146
0 0.369833 0.785725 0.126634 0.091146
0 0.250533 0.766100 0.126634 0.091146
0 0.122533 0.733375 0.126634 0.091146
0 0.169100 0.744275 0.126634 0.091146
0 0.134167 0.794450 0.126634 0.091146
0 0.017833 0.759550 0.126634 0.091146
0 0.026533 0.840275 0.126634 0.091146
0 0.105100 0.940625 0.126634 0.091146
0 0.160367 0.894825 0.126634 0.091146
0 0.212733 0.958100 0.126634 0.091146
0 0.297100 0.960275 0.126634 0.091146
0 0.276733 0.862100 0.126634 0.091146
0 0.361100 0.868625 0.126634 0.091146
0 0.422167 0.910100 0.126634 0.091146
0 0.500733 0.910100 0.126634 0.091146
0 0.611267 0.903550 0.126634 0.091146
0 0.716000 0.873000 0.126634 0.091146
0 0.812000 0.855550 0.126634 0.091146
0 0.721833 0.781375 0.126634 0.091146
0 0.797467 0.707175 0.126634 0.091146
0 0.916733 0.794450 0.126634 0.091146
0 0.972000 0.859900 0.126634 0.091146
0 0.937100 0.912275 0.126634 0.091146
0 0.945833 0.964625 0.126634 0.091146
0 0.861467 0.979900 0.126634 0.091146
0 0.791633 0.975550 0.126634 0.091146
0 0.681100 0.977725 0.126634 0.091146
0 0.954533 0.720275 0.126634 0.091146
0 0.457100 0.984275 0.126634 0.091146
0 0.063267 0.009350 0.126634 0.091146
0 0.047767 0.054525 0.126634 0.091146
0 0.125200 0.018650 0.126634 0.091146
0 0.890200 0.473800 0.126634 0.091146
0 0.866967 0.900175 0.126634 0.091146
0 0.866967 0.815400 0.126634 0.091146
0 0.092667 0.899025 0.126634 0.091146
0 0.021433 0.916425 0.126634 0.091146
0 0.040033 0.988450 0.126634 0.091146
0 0.153067 0.862900 0.126634 0.091146
0 0.069467 0.501800 0.126634 0.091146
0 0.149967 0.406450 0.126634 0.091146
0 0.097333 0.350700 0.126634 0.091146
0 0.351300 0.279975 0.126634 0.091146
0 0.335800 0.325150 0.126634 0.091146
0 0.949067 0.017475 0.126634 0.091146