0 0.454113 0.013587 0.066540 0.060764
0 0.412081 0.042380 0.066540 0.060764
0 0.358994 0.081772 0.066540 0.060764
0 0.448581 0.102979 0.066540 0.060764
0 0.482869 0.059041 0.066540 0.060764
0 0.526006 0.030257 0.066540 0.060764
0 0.572462 0.009041 0.066540 0.060764
0 0.649887 0.012072 0.066540 0.060764
0 0.614494 0.043896 0.066540 0.060764
0 0.575781 0.075711 0.066540 0.060764
0 0.660950 0.092380 0.066540 0.060764
0 0.698550 0.054495 0.066540 0.060764
0 0.727313 0.022680 0.066540 0.060764
0 0.813581 0.027226 0.066540 0.060764
0 0.793675 0.071164 0.066540 0.060764
0 0.759387 0.116618 0.066540 0.060764
0 0.860037 0.121164 0.066540 0.060764
0 0.891006 0.074195 0.066540 0.060764
0 0.902069 0.033288 0.066540 0.060764
0 0.976175 0.042380 0.066540 0.060764
0 0.988344 0.084803 0.066540 0.060764
0 0.960687 0.131772 0.066540 0.060764
0 0.935250 0.180257 0.066540 0.060764
0 0.954050 0.236318 0.066540 0.060764
0 0.825750 0.160557 0.066540 0.060764
0 0.845656 0.209041 0.066540 0.060764
0 0.743900 0.195411 0.066540 0.060764
0 0.722887 0.152979 0.066540 0.060764
0 0.637719 0.180257 0.066540 0.060764
0 0.624450 0.130257 0.066540 0.060764
0 0.538175 0.112072 0.066540 0.060764
0 0.542600 0.166618 0.066540 0.060764
0 0.454113 0.145411 0.066540 0.060764
0 0.368950 0.119649 0.066540 0.060764
0 0.316962 0.163587 0.066540 0.060764
0 0.397706 0.190865 0.066540 0.060764
0 0.489506 0.209041 0.066540 0.060764
0 0.593475 0.236318 0.066540 0.060764
0 0.684175 0.246918 0.066540 0.060764
0 0.795887 0.266618 0.066540 0.060764
0 0.921975 0.295411 0.066540 0.060764
0 0.990550 0.386318 0.066540 0.060764
0 0.892112 0.354495 0.066540 0.060764
0 0.762706 0.330257 0.066540 0.060764
0 0.664262 0.310557 0.066540 0.060764
0 0.547025 0.289349 0.066540 0.060764
0 0.438631 0.269649 0.066540 0.060764
0 0.353462 0.242380 0.066540 0.060764
0 0.267188 0.222680 0.066540 0.060764
0 0.165431 0.245411 0.066540 0.060764
0 0.253919 0.271164 0.066540 0.060764
0 0.351250 0.302979 0.066540 0.060764
0 0.454113 0.325711 0.066540 0.060764
0 0.553656 0.349949 0.066540 0.060764
0 0.672006 0.368134 0.066540 0.060764
0 0.795887 0.393896 0.066540 0.060764
0 0.916450 0.427226 0.066540 0.060764
0 0.873312 0.496918 0.066540 0.060764
0 0.749431 0.468134 0.066540 0.060764
0 0.625550 0.433288 0.066540 0.060764
0 0.509419 0.419649 0.066540 0.060764
0 0.393281 0.383288 0.066540 0.060764
0 0.288206 0.356010 0.066540 0.060764
0 0.186450 0.319649 0.066540 0.060764
0 0.096856 0.302979 0.066540 0.060764
0 0.028281 0.356010 0.066540 0.060764
0 0.122294 0.381772 0.066540 0.060764
0 0.231794 0.418134 0.066540 0.060764
0 0.336869 0.448433 0.066540 0.060764
0 0.454113 0.478741 0.066540 0.060764
0 0.589050 0.512072 0.066540 0.060764
0 0.710719 0.551464 0.066540 0.060764
0 0.826856 0.575711 0.066540 0.060764
0 0.751644 0.646918 0.066540 0.060764
0 0.617812 0.615103 0.066540 0.060764
0 0.475131 0.575711 0.066540 0.060764
0 0.365631 0.551464 0.066540 0.060764
0 0.245069 0.513587 0.066540 0.060764
0 0.134462 0.475711 0.066540 0.060764
0 0.030494 0.446918 0.066540 0.060764
0 0.049294 0.554495 0.066540 0.060764
0 0.162112 0.587834 0.066540 0.060764
0 0.285994 0.627226 0.066540 0.060764
0 0.419825 0.669649 0.066540 0.060764
0 0.560294 0.712072 0.066540 0.060764
0 0.711825 0.743896 0.066540 0.060764
0 0.072525 0.686318 0.066540 0.060764
0 0.205250 0.727226 0.066540 0.060764
0 0.359437 0.766164 0.066540 0.060764
0 0.498906 0.813433 0.066540 0.060764
0 0.084244 0.831738 0.066540 0.060764
0 0.227594 0.871010 0.066540 0.060764
0 0.367112 0.897192 0.066540 0.060764
0 0.644250 0.871010 0.066540 0.060764