0 0.086150 0.819690 0.088384 0.064236
0 0.441362 0.824232 0.088384 0.064236
0 0.602812 0.810594 0.088384 0.064236
0 0.623363 0.828774 0.088384 0.064236
0 0.864088 0.936348 0.088384 0.064236
0 0.740788 0.354542 0.088384 0.064236
0 0.739325 0.204542 0.088384 0.064236
0 0.670337 0.115135 0.088384 0.064236
0 0.552913 0.149987 0.088384 0.064236
0 0.453100 0.278774 0.088384 0.064236
0 0.414937 0.337871 0.088384 0.064236
0 0.505937 0.337871 0.088384 0.064236
0 0.436950 0.409084 0.088384 0.064236
0 0.216788 0.295445 0.088384 0.064236
0 0.093488 0.286348 0.088384 0.064236