0 0.498786 0.261201 0.047454 0.056424
0 0.469950 0.294690 0.047454 0.056424
0 0.450864 0.323302 0.047454 0.056424
0 0.419587 0.417692 0.047454 0.056424
0 0.409024 0.448143 0.047454 0.056424
0 0.390738 0.498668 0.047454 0.056424
0 0.382215 0.527298 0.047454 0.056424
0 0.357472 0.561689 0.047454 0.056424
0 0.331640 0.585816 0.047454 0.056424
0 0.315557 0.579231 0.047454 0.056424
0 0.293630 0.591651 0.047454 0.056424
0 0.421452 0.644015 0.047454 0.056424
0 0.313492 0.709475 0.047454 0.056424
0 0.485707 0.684034 0.047454 0.056424
0 0.530601 0.682251 0.047454 0.056424
0 0.601877 0.694015 0.047454 0.056424
0 0.582791 0.707411 0.047454 0.056424
0 0.618135 0.732364 0.047454 0.056424
0 0.752578 0.683659 0.047454 0.056424