0 0.081729 0.119444 0.110677 0.149306
0 0.207403 0.114210 0.110677 0.149306
0 0.333075 0.111591 0.110677 0.149306
0 0.439112 0.106356 0.110677 0.149306
0 0.554965 0.111591 0.110677 0.149306
0 0.672783 0.119444 0.110677 0.149306
0 0.778819 0.143009 0.110677 0.149306
0 0.892711 0.140390 0.110677 0.149306
0 0.908420 0.271300 0.110677 0.149306
0 0.798457 0.271300 0.110677 0.149306
0 0.682602 0.279153 0.110677 0.149306
0 0.574603 0.281772 0.110677 0.149306
0 0.431257 0.273919 0.110677 0.149306
0 0.325221 0.266065 0.110677 0.149306
0 0.209365 0.268681 0.110677 0.149306
0 0.087622 0.276538 0.110677 0.149306
0 0.095474 0.415301 0.110677 0.149306
0 0.213294 0.412682 0.110677 0.149306
0 0.331111 0.428390 0.110677 0.149306
0 0.452857 0.412682 0.110677 0.149306
0 0.568710 0.420536 0.110677 0.149306
0 0.686530 0.449335 0.110677 0.149306
0 0.790603 0.444101 0.110677 0.149306
0 0.912349 0.444101 0.110677 0.149306
0 0.926094 0.588099 0.110677 0.149306
0 0.792567 0.588099 0.110677 0.149306
0 0.678676 0.601190 0.110677 0.149306
0 0.568710 0.588099 0.110677 0.149306
0 0.445002 0.590718 0.110677 0.149306
0 0.350747 0.580245 0.110677 0.149306
0 0.211329 0.585483 0.110677 0.149306
0 0.093512 0.575010 0.110677 0.149306
0 0.095474 0.737335 0.110677 0.149306
0 0.232929 0.739954 0.110677 0.149306
0 0.338966 0.737335 0.110677 0.149306
0 0.452857 0.739954 0.110677 0.149306
0 0.572639 0.747808 0.110677 0.149306
0 0.686530 0.750427 0.110677 0.149306
0 0.814167 0.732100 0.110677 0.149306
0 0.912349 0.734719 0.110677 0.149306
0 0.931984 0.889190 0.110677 0.149306
0 0.800419 0.899663 0.110677 0.149306
0 0.690456 0.915374 0.110677 0.149306
0 0.580494 0.904901 0.110677 0.149306
0 0.472493 0.910136 0.110677 0.149306
0 0.362530 0.889190 0.110677 0.149306
0 0.236858 0.899663 0.110677 0.149306
0 0.109221 0.899663 0.110677 0.149306