0 0.148300 0.115167 0.097005 0.128472
0 0.130125 0.095467 0.097005 0.128472
0 0.222150 0.113633 0.097005 0.128472
0 0.111925 0.157567 0.097005 0.128472
0 0.065350 0.245467 0.097005 0.128472
0 0.017625 0.128800 0.097005 0.128472
0 0.094875 0.060600 0.097005 0.128472
0 0.047150 0.075767 0.097005 0.128472
0 0.330125 0.195467 0.097005 0.128472
0 0.330125 0.083333 0.097005 0.128472
0 0.417625 0.045467 0.097005 0.128472
0 0.468750 0.112133 0.097005 0.128472
0 0.526700 0.022733 0.097005 0.128472
0 0.671025 0.022733 0.097005 0.128472
0 0.605125 0.103033 0.097005 0.128472
0 0.763075 0.007567 0.097005 0.128472
0 0.873300 0.022733 0.097005 0.128472
0 0.917625 0.072733 0.097005 0.128472
0 0.977850 0.101500 0.097005 0.128472
0 0.940350 0.166667 0.097005 0.128472
0 0.990350 0.253033 0.097005 0.128472
0 0.931250 0.271200 0.097005 0.128472
0 0.873300 0.290900 0.097005 0.128472
0 0.863075 0.195467 0.097005 0.128472
0 0.852850 0.225767 0.097005 0.128472
0 0.832375 0.122733 0.097005 0.128472
0 0.798300 0.200000 0.097005 0.128472
0 0.801700 0.260600 0.097005 0.128472
0 0.706250 0.128800 0.097005 0.128472
0 0.755125 0.150000 0.097005 0.128472
0 0.713075 0.254533 0.097005 0.128472
0 0.641475 0.196967 0.097005 0.128472
0 0.577850 0.237867 0.097005 0.128472
0 0.507375 0.307567 0.097005 0.128472
0 0.451700 0.207567 0.097005 0.128472
0 0.408525 0.350000 0.097005 0.128472
0 0.313075 0.319700 0.097005 0.128472
0 0.263075 0.260600 0.097005 0.128472
0 0.191475 0.240900 0.097005 0.128472
0 0.110800 0.356067 0.097005 0.128472
0 0.009650 0.316667 0.097005 0.128472
0 0.015350 0.404533 0.097005 0.128472
0 0.109650 0.468167 0.097005 0.128472
0 0.058525 0.474233 0.097005 0.128472
0 0.083525 0.562133 0.097005 0.128472
0 0.022150 0.592433 0.097005 0.128472
0 0.023300 0.668167 0.097005 0.128472
0 0.090350 0.665167 0.097005 0.128472
0 0.167625 0.709100 0.097005 0.128472
0 0.192625 0.598500 0.097005 0.128472
0 0.210800 0.392433 0.097005 0.128472
0 0.155125 0.374233 0.097005 0.128472
0 0.273300 0.453033 0.097005 0.128472
0 0.461925 0.457567 0.097005 0.128472
0 0.371025 0.537867 0.097005 0.128472
0 0.277850 0.642433 0.097005 0.128472
0 0.341475 0.668167 0.097005 0.128472
0 0.232375 0.721200 0.097005 0.128472
0 0.409650 0.721200 0.097005 0.128472
0 0.331250 0.793933 0.097005 0.128472
0 0.500575 0.678800 0.097005 0.128472
0 0.486925 0.784833 0.097005 0.128472
0 0.580125 0.757567 0.097005 0.128472
0 0.555125 0.536367 0.097005 0.128472
0 0.565350 0.387867 0.097005 0.128472
0 0.627850 0.343933 0.097005 0.128472
0 0.690350 0.427267 0.097005 0.128472
0 0.617625 0.465167 0.097005 0.128472
0 0.793750 0.466667 0.097005 0.128472
0 0.767625 0.339400 0.097005 0.128472
0 0.834650 0.337867 0.097005 0.128472
0 0.817625 0.389400 0.097005 0.128472
0 0.886925 0.393933 0.097005 0.128472
0 0.983525 0.371200 0.097005 0.128472
0 0.946025 0.483333 0.097005 0.128472
0 0.981250 0.545467 0.097005 0.128472
0 0.935800 0.583333 0.097005 0.128472
0 0.983525 0.678800 0.097005 0.128472
0 0.910800 0.710600 0.097005 0.128472
0 0.878975 0.634833 0.097005 0.128472
0 0.847150 0.519700 0.097005 0.128472
0 0.790350 0.618167 0.097005 0.128472
0 0.717625 0.574233 0.097005 0.128472
0 0.621025 0.646967 0.097005 0.128472
0 0.721025 0.703033 0.097005 0.128472
0 0.822150 0.742433 0.097005 0.128472
0 0.846025 0.812133 0.097005 0.128472
0 0.964200 0.812133 0.097005 0.128472
0 0.873300 0.930300 0.097005 0.128472
0 0.935800 0.977267 0.097005 0.128472
0 0.988075 0.913633 0.097005 0.128472
0 0.816475 0.984833 0.097005 0.128472
0 0.755125 0.892433 0.097005 0.128472
0 0.693750 0.819700 0.097005 0.128472
0 0.648300 0.750000 0.097005 0.128472
0 0.621025 0.857567 0.097005 0.128472
0 0.652850 0.950000 0.097005 0.128472
0 0.547150 0.975767 0.097005 0.128472
0 0.531250 0.883333 0.097005 0.128472
0 0.434650 0.856067 0.097005 0.128472
0 0.433525 0.954533 0.097005 0.128472
0 0.476700 0.948500 0.097005 0.128472
0 0.343750 0.939400 0.097005 0.128472
0 0.239200 0.825767 0.097005 0.128472
0 0.282375 0.974233 0.097005 0.128472
0 0.209650 0.962133 0.097005 0.128472
0 0.083525 0.984833 0.097005 0.128472
0 0.125575 0.913633 0.097005 0.128472
0 0.186925 0.890900 0.097005 0.128472
0 0.050575 0.918167 0.097005 0.128472
0 0.032375 0.800000 0.097005 0.128472
0 0.059650 0.733333 0.097005 0.128472
0 0.275575 0.751500 0.097005 0.128472
0 0.644875 0.530300 0.097005 0.128472
0 0.758525 0.772733 0.097005 0.128472
0 0.725575 0.963633 0.097005 0.128472
0 0.698300 0.348500 0.097005 0.128472