0 0.339414 0.121184 0.170833 0.202257
0 0.499375 0.122698 0.170833 0.202257
0 0.679941 0.115128 0.170833 0.202257
0 0.769609 0.316642 0.170833 0.202257
0 0.601172 0.312100 0.170833 0.202257
0 0.420605 0.313614 0.170833 0.202257
0 0.240049 0.312100 0.170833 0.202257
0 0.139463 0.506032 0.170833 0.202257
0 0.330928 0.498462 0.170833 0.202257
0 0.511494 0.498462 0.170833 0.202257
0 0.688418 0.501490 0.170833 0.202257
0 0.850801 0.492405 0.170833 0.202257
0 0.757490 0.698462 0.170833 0.202257
0 0.591475 0.693919 0.170833 0.202257
0 0.418184 0.681795 0.170833 0.202257
0 0.235195 0.681795 0.170833 0.202257
0 0.334570 0.865128 0.170833 0.202257
0 0.501797 0.869670 0.170833 0.202257
0 0.687207 0.872698 0.170833 0.202257