0 0.014896 0.071837 0.157680 0.134549
0 0.065179 0.056113 0.157680 0.134549
0 0.173627 0.057625 0.157680 0.134549
0 0.091836 0.160125 0.157680 0.134549
0 0.192418 0.164187 0.157680 0.134549
0 0.297836 0.155562 0.157680 0.134549
0 0.313582 0.049000 0.157680 0.134549
0 0.057299 0.249438 0.157680 0.134549
0 0.218463 0.260087 0.157680 0.134549
0 0.377209 0.270237 0.157680 0.134549
0 0.466269 0.054588 0.157680 0.134549
0 0.462627 0.168250 0.157680 0.134549
0 0.376597 0.148462 0.157680 0.134549
0 0.621373 0.170275 0.157680 0.134549
0 0.516552 0.269225 0.157680 0.134549
0 0.042761 0.367663 0.157680 0.134549
0 0.026403 0.487925 0.157680 0.134549
0 0.185134 0.498075 0.157680 0.134549
0 0.197254 0.375275 0.157680 0.134549
0 0.358418 0.377300 0.157680 0.134549
0 0.515343 0.380862 0.157680 0.134549
0 0.342672 0.490463 0.157680 0.134549
0 0.140299 0.620363 0.157680 0.134549
0 0.019134 0.633550 0.157680 0.134549
0 0.253000 0.689875 0.157680 0.134549
0 0.128194 0.784762 0.157680 0.134549
0 0.114254 0.948662 0.157680 0.134549
0 0.014896 0.786287 0.157680 0.134549
0 0.312985 0.961850 0.157680 0.134549
0 0.326910 0.797450 0.157680 0.134549
0 0.585015 0.922787 0.157680 0.134549
0 0.464448 0.959313 0.157680 0.134549
0 0.824940 0.929887 0.157680 0.134549
0 0.706194 0.983675 0.157680 0.134549
0 0.498985 0.787812 0.157680 0.134549
0 0.685597 0.793900 0.157680 0.134549
0 0.409925 0.576725 0.157680 0.134549
0 0.296015 0.605650 0.157680 0.134549
0 0.361448 0.690387 0.157680 0.134549
0 0.500194 0.650300 0.157680 0.134549
0 0.669239 0.651312 0.157680 0.134549
0 0.832821 0.659437 0.157680 0.134549
0 0.867970 0.801512 0.157680 0.134549
0 0.978239 0.809125 0.157680 0.134549
0 0.984299 0.948662 0.157680 0.134549
0 0.922493 0.966925 0.157680 0.134549
0 0.936433 0.552875 0.157680 0.134549
0 0.978239 0.672625 0.157680 0.134549
0 0.932179 0.416375 0.157680 0.134549
0 0.812224 0.515325 0.157680 0.134549
0 0.814045 0.395063 0.157680 0.134549
0 0.650448 0.520400 0.157680 0.134549
0 0.508672 0.504663 0.157680 0.134549
0 0.664388 0.388975 0.157680 0.134549
0 0.772239 0.284950 0.157680 0.134549
0 0.924910 0.290538 0.157680 0.134549
0 0.643179 0.286988 0.157680 0.134549
0 0.739522 0.091125 0.157680 0.134549
0 0.614104 0.083000 0.157680 0.134549
0 0.776478 0.186012 0.157680 0.134549
0 0.701343 0.198187 0.157680 0.134549
0 0.540791 0.078937 0.157680 0.134549
0 0.910985 0.190063 0.157680 0.134549
0 0.919463 0.098737 0.157680 0.134549
0 0.861910 0.029213 0.157680 0.134549
0 0.949149 0.028712 0.157680 0.134549
0 0.735284 0.015012 0.157680 0.134549
0 0.605612 0.010950 0.157680 0.134549
0 0.505045 0.006887 0.157680 0.134549