0 0.479514 0.259049 0.134377 0.180556
0 0.535286 0.140837 0.134377 0.180556
0 0.369057 0.225703 0.134377 0.180556
0 0.288229 0.319658 0.134377 0.180556
0 0.414600 0.392357 0.134377 0.180556
0 0.240429 0.465095 0.134377 0.180556
0 0.328086 0.733270 0.134377 0.180556
0 0.400943 0.545399 0.134377 0.180556
0 0.525057 0.640837 0.134377 0.180556
0 0.531886 0.818137 0.134377 0.180556
0 0.669629 0.780266 0.134377 0.180556
0 0.645743 0.549962 0.134377 0.180556
0 0.805114 0.590837 0.134377 0.180556
0 0.732257 0.446920 0.134377 0.180556
0 0.758457 0.293878 0.134377 0.180556
0 0.649143 0.178745 0.134377 0.180556
0 0.601343 0.306008 0.134377 0.180556
0 0.521629 0.460532 0.134377 0.180556