0 0.046422 0.039335 0.102810 0.068576
0 0.043067 0.092356 0.102810 0.068576
0 0.040956 0.149486 0.102810 0.068576
0 0.038622 0.198852 0.102810 0.068576
0 0.050311 0.250393 0.102810 0.068576
0 0.041622 0.311148 0.102810 0.068576
0 0.041067 0.366737 0.102810 0.068576
0 0.043756 0.420846 0.102810 0.068576
0 0.043178 0.474924 0.102810 0.068576
0 0.051222 0.524471 0.102810 0.068576
0 0.052444 0.583263 0.102810 0.068576
0 0.046644 0.637644 0.102810 0.068576
0 0.045978 0.694924 0.102810 0.068576
0 0.043644 0.744471 0.102810 0.068576
0 0.046756 0.799154 0.102810 0.068576
0 0.048311 0.857039 0.102810 0.068576
0 0.047311 0.916888 0.102810 0.068576
0 0.152622 0.924320 0.102810 0.068576
0 0.152622 0.863263 0.102810 0.068576
0 0.147956 0.814773 0.102810 0.068576
0 0.151067 0.747492 0.102810 0.068576
0 0.146378 0.698097 0.102810 0.068576
0 0.145600 0.640242 0.102810 0.068576
0 0.149511 0.582356 0.102810 0.068576
0 0.150289 0.522356 0.102810 0.068576
0 0.143267 0.467644 0.102810 0.068576
0 0.144822 0.414018 0.102810 0.068576
0 0.147956 0.364471 0.102810 0.068576
0 0.219933 0.352961 0.102810 0.068576
0 0.217600 0.408701 0.102810 0.068576
0 0.223067 0.467644 0.102810 0.068576
0 0.223844 0.534924 0.102810 0.068576
0 0.223844 0.591752 0.102810 0.068576
0 0.226844 0.648550 0.102810 0.068576
0 0.219933 0.711752 0.102810 0.068576
0 0.223067 0.760091 0.102810 0.068576
0 0.224622 0.826435 0.102810 0.068576
0 0.231533 0.883263 0.102810 0.068576
0 0.309000 0.890091 0.102810 0.068576
0 0.308200 0.829003 0.102810 0.068576
0 0.309000 0.777492 0.102810 0.068576
0 0.306644 0.704924 0.102810 0.068576
0 0.308200 0.651299 0.102810 0.068576
0 0.311333 0.589154 0.102810 0.068576
0 0.301978 0.537644 0.102810 0.068576
0 0.308200 0.467039 0.102810 0.068576
0 0.141822 0.027492 0.102810 0.068576
0 0.142378 0.086133 0.102810 0.068576
0 0.141156 0.141450 0.102810 0.068576
0 0.143711 0.197492 0.102810 0.068576
0 0.142378 0.248399 0.102810 0.068576
0 0.143711 0.307946 0.102810 0.068576
0 0.215933 0.288701 0.102810 0.068576
0 0.219822 0.231752 0.102810 0.068576
0 0.223733 0.183565 0.102810 0.068576
0 0.221067 0.126586 0.102810 0.068576
0 0.304978 0.343112 0.102810 0.068576
0 0.306867 0.280846 0.102810 0.068576
0 0.307533 0.221299 0.102810 0.068576
0 0.306200 0.162508 0.102810 0.068576
0 0.303644 0.102810 0.102810 0.068576
0 0.304311 0.036284 0.102810 0.068576
0 0.312000 0.408852 0.102810 0.068576
0 0.421222 0.023263 0.102810 0.068576
0 0.424000 0.085378 0.102810 0.068576
0 0.419667 0.148248 0.102810 0.068576
0 0.422889 0.205982 0.102810 0.068576
0 0.417644 0.265227 0.102810 0.068576
0 0.420778 0.333565 0.102810 0.068576
0 0.425333 0.400997 0.102810 0.068576
0 0.426911 0.468248 0.102810 0.068576
0 0.424556 0.530393 0.102810 0.068576
0 0.423444 0.588852 0.102810 0.068576
0 0.422111 0.651148 0.102810 0.068576
0 0.426000 0.723867 0.102810 0.068576
0 0.429911 0.790544 0.102810 0.068576
0 0.428578 0.842205 0.102810 0.068576
0 0.428578 0.907341 0.102810 0.068576
0 0.547822 0.912659 0.102810 0.068576
0 0.552511 0.845227 0.102810 0.068576
0 0.557067 0.785378 0.102810 0.068576
0 0.557844 0.716888 0.102810 0.068576
0 0.554733 0.650695 0.102810 0.068576
0 0.553178 0.584320 0.102810 0.068576
0 0.553178 0.517039 0.102810 0.068576
0 0.551733 0.464471 0.102810 0.068576
0 0.655378 0.928399 0.102810 0.068576
0 0.661622 0.869486 0.102810 0.068576
0 0.659267 0.801148 0.102810 0.068576
0 0.652244 0.731601 0.102810 0.068576
0 0.646911 0.664320 0.102810 0.068576
0 0.656933 0.593867 0.102810 0.068576
0 0.656156 0.531752 0.102810 0.068576
0 0.655378 0.463414 0.102810 0.068576
0 0.658489 0.393867 0.102810 0.068576
0 0.554733 0.398097 0.102810 0.068576
0 0.550600 0.339003 0.102810 0.068576
0 0.548267 0.275831 0.102810 0.068576
0 0.550600 0.197946 0.102810 0.068576
0 0.546711 0.143263 0.102810 0.068576
0 0.552844 0.078097 0.102810 0.068576
0 0.549044 0.015982 0.102810 0.068576
0 0.654267 0.053867 0.102810 0.068576
0 0.657378 0.122205 0.102810 0.068576
0 0.650356 0.195831 0.102810 0.068576
0 0.655822 0.254773 0.102810 0.068576
0 0.656600 0.327341 0.102810 0.068576
0 0.771156 0.024320 0.102810 0.068576
0 0.771156 0.107492 0.102810 0.068576
0 0.779644 0.168550 0.102810 0.068576
0 0.773511 0.242205 0.102810 0.068576
0 0.776511 0.301148 0.102810 0.068576
0 0.785867 0.389486 0.102810 0.068576
0 0.778844 0.452659 0.102810 0.068576
0 0.778067 0.529486 0.102810 0.068576
0 0.778333 0.602387 0.102810 0.068576
0 0.778333 0.678640 0.102810 0.068576
0 0.779333 0.733112 0.102810 0.068576
0 0.777333 0.803897 0.102810 0.068576
0 0.779333 0.873353 0.102810 0.068576
0 0.783244 0.931782 0.102810 0.068576
0 0.934489 0.897734 0.102810 0.068576
0 0.935489 0.821329 0.102810 0.068576
0 0.931467 0.743867 0.102810 0.068576
0 0.935489 0.664894 0.102810 0.068576
0 0.931467 0.589970 0.102810 0.068576
0 0.931467 0.524471 0.102810 0.068576
0 0.929467 0.445498 0.102810 0.068576
0 0.925556 0.012054 0.102810 0.068576
0 0.925556 0.079063 0.102810 0.068576
0 0.920756 0.157492 0.102810 0.068576
0 0.932778 0.219607 0.102810 0.068576
0 0.932778 0.294773 0.102810 0.068576
0 0.933978 0.368308 0.102810 0.068576