0 0.815386 0.033905 0.063021 0.045139
0 0.889900 0.005119 0.063021 0.045139
0 0.960086 0.008714 0.063021 0.045139
0 0.820786 0.102310 0.063021 0.045139
0 0.889900 0.087905 0.063021 0.045139
0 0.960086 0.073500 0.063021 0.045139
0 0.967643 0.152714 0.063021 0.045139
0 0.893129 0.163500 0.063021 0.045139
0 0.813214 0.177905 0.063021 0.045139
0 0.828343 0.253500 0.063021 0.045139
0 0.828343 0.327286 0.063021 0.045139
0 0.896371 0.244500 0.063021 0.045139
0 0.907171 0.325500 0.063021 0.045139
0 0.969814 0.239095 0.063021 0.045139
0 0.979529 0.314690 0.063021 0.045139
0 0.986014 0.397476 0.063021 0.045139
0 0.895300 0.392095 0.063021 0.045139
0 0.834814 0.476690 0.063021 0.045139
0 0.917971 0.480286 0.063021 0.045139
0 0.987086 0.480286 0.063021 0.045139
0 0.990329 0.577476 0.063021 0.045139
0 0.905014 0.559476 0.063021 0.045139
0 0.835900 0.548667 0.063021 0.045139
0 0.830500 0.617619 0.063021 0.045139
0 0.907171 0.635595 0.063021 0.045139
0 0.990329 0.650000 0.063021 0.045139
0 0.835900 0.700405 0.063021 0.045139
0 0.903929 0.722000 0.063021 0.045139
0 0.983843 0.734595 0.063021 0.045139
0 0.704143 0.823690 0.063021 0.045139
0 0.738714 0.812881 0.063021 0.045139
0 0.768943 0.793095 0.063021 0.045139
0 0.798100 0.760690 0.063021 0.045139
0 0.773271 0.856095 0.063021 0.045139
0 0.804586 0.832690 0.063021 0.045139
0 0.839571 0.806905 0.063021 0.045139
0 0.876943 0.782286 0.063021 0.045139
0 0.861814 0.883095 0.063021 0.045139
0 0.888814 0.857881 0.063021 0.045139
0 0.920129 0.832690 0.063021 0.045139
0 0.953614 0.811095 0.063021 0.045139
0 0.949286 0.915476 0.063021 0.045139
0 0.969571 0.885000 0.063021 0.045139
0 0.684714 0.954190 0.063021 0.045139
0 0.736543 0.954190 0.063021 0.045139
0 0.768943 0.955976 0.063021 0.045139
0 0.800257 0.950571 0.063021 0.045139
0 0.771100 0.988381 0.063021 0.045139
0 0.811057 0.982976 0.063021 0.045139
0 0.844543 0.986571 0.063021 0.045139
0 0.875857 0.981190 0.063021 0.045139
0 0.598314 0.862381 0.063021 0.045139
0 0.614514 0.846190 0.063021 0.045139
0 0.617757 0.831786 0.063021 0.045139
0 0.586443 0.828190 0.063021 0.045139
0 0.660957 0.749000 0.063021 0.045139
0 0.616671 0.738190 0.063021 0.045139
0 0.575643 0.723810 0.063021 0.045139
0 0.644757 0.698595 0.063021 0.045139
0 0.696586 0.709405 0.063021 0.045139
0 0.690114 0.623000 0.063021 0.045139
0 0.642600 0.621214 0.063021 0.045139
0 0.589686 0.594214 0.063021 0.045139
0 0.628557 0.431857 0.063021 0.045139
0 0.544329 0.661524 0.063021 0.045139
0 0.483843 0.292548 0.063021 0.045139
0 0.341300 0.245762 0.063021 0.045139
0 0.571314 0.339000 0.063021 0.045139
0 0.552957 0.211190 0.063021 0.045139
0 0.717114 0.043262 0.063021 0.045139
0 0.655557 0.061262 0.063021 0.045139
0 0.601557 0.068476 0.063021 0.045139
0 0.550800 0.090071 0.063021 0.045139
0 0.519486 0.100881 0.063021 0.045139
0 0.467643 0.108071 0.063021 0.045139
0 0.439571 0.117071 0.063021 0.045139
0 0.407171 0.131476 0.063021 0.045139
0 0.371543 0.131476 0.063021 0.045139
0 0.402857 0.239452 0.063021 0.045139
0 0.375857 0.341143 0.063021 0.045139
0 0.381257 0.436548 0.063021 0.045139