0 0.520847 0.842251 0.120195 0.071181
0 0.511118 0.780598 0.120195 0.071181
0 0.643946 0.717037 0.120195 0.071181
0 0.603994 0.676610 0.120195 0.071181
0 0.614792 0.611111 0.120195 0.071181
0 0.694712 0.626524 0.120195 0.071181
0 0.876134 0.724758 0.120195 0.071181
0 0.686070 0.557179 0.120195 0.071181
0 0.688227 0.491709 0.120195 0.071181
0 0.635319 0.447407 0.120195 0.071181
0 0.476565 0.509031 0.120195 0.071181
0 0.514361 0.464758 0.120195 0.071181
0 0.561885 0.530228 0.120195 0.071181
0 0.383690 0.514815 0.120195 0.071181
0 0.321054 0.609202 0.120195 0.071181
0 0.407444 0.655413 0.120195 0.071181
0 0.217380 0.620741 0.120195 0.071181
0 0.188227 0.522536 0.120195 0.071181
0 0.203355 0.472450 0.120195 0.071181
0 0.237907 0.351111 0.120195 0.071181
0 0.322141 0.378063 0.120195 0.071181
0 0.386933 0.347265 0.120195 0.071181
0 0.311342 0.491709 0.120195 0.071181
0 0.359936 0.451254 0.120195 0.071181
0 0.362093 0.414672 0.120195 0.071181
0 0.432284 0.451254 0.120195 0.071181
0 0.407444 0.484017 0.120195 0.071181
0 0.528403 0.576439 0.120195 0.071181