0 0.017315 0.484606 0.076055 0.122396
0 0.063746 0.407339 0.076055 0.122396
0 0.064831 0.348092 0.076055 0.122396
0 0.144738 0.399615 0.076055 0.122396
0 0.154462 0.502642 0.076055 0.122396
0 0.240854 0.845248 0.076055 0.122396
0 0.245177 0.384147 0.076055 0.122396
0 0.244092 0.123982 0.076055 0.122396
0 0.308892 0.363541 0.076055 0.122396
0 0.340208 0.340367 0.076055 0.122396
0 0.382323 0.165193 0.076055 0.122396
0 0.398523 0.337780 0.076055 0.122396
0 0.344523 0.600532 0.076055 0.122396
0 0.477354 0.368697 0.076055 0.122396
0 0.489231 0.265651 0.076055 0.122396
0 0.533508 0.185798 0.076055 0.122396
0 0.506515 0.564459 0.076055 0.122396
0 0.535669 0.500073 0.076055 0.122396
0 0.545392 0.641743 0.076055 0.122396
0 0.560508 0.780844 0.076055 0.122396
0 0.683615 0.822055 0.076055 0.122396
0 0.725738 0.773119 0.076055 0.122396
0 0.799169 0.438239 0.076055 0.122396
0 0.868285 0.688110 0.076055 0.122396