0 0.069312 0.458862 0.032986 0.073785
0 0.132500 0.474625 0.032986 0.073785
0 0.168263 0.425225 0.032986 0.073785
0 0.220837 0.425225 0.032986 0.073785
0 0.252500 0.448263 0.032986 0.073785
0 0.318412 0.188262 0.032986 0.073785
0 0.365525 0.447500 0.032986 0.073785
0 0.425988 0.438713 0.032986 0.073785
0 0.475988 0.449162 0.032986 0.073785
0 0.523412 0.464925 0.032986 0.073785
0 0.588263 0.453563 0.032986 0.073785
0 0.617200 0.447500 0.032986 0.073785
0 0.676737 0.461437 0.032986 0.073785
0 0.915737 0.444537 0.032986 0.073785
0 0.847350 0.461187 0.032986 0.073785
0 0.776325 0.457687 0.032986 0.073785
0 0.951687 0.797887 0.032986 0.073785
0 0.893813 0.761062 0.032986 0.073785
0 0.813150 0.789125 0.032986 0.073785
0 0.726338 0.803150 0.032986 0.073785
0 0.688637 0.790000 0.032986 0.073785
0 0.616737 0.793512 0.032986 0.073785
0 0.572900 0.797887 0.032986 0.073785
0 0.511525 0.805787 0.032986 0.073785
0 0.451900 0.800525 0.032986 0.073785
0 0.372987 0.814550 0.032986 0.073785
0 0.068725 0.794388 0.032986 0.073785
0 0.126600 0.801400 0.032986 0.073785
0 0.186225 0.785613 0.032986 0.073785
0 0.232688 0.811925 0.032986 0.073785
0 0.315987 0.773337 0.032986 0.073785