0 0.265992 0.657055 0.044560 0.175347
0 0.223231 0.717367 0.044560 0.175347
0 0.175285 0.773776 0.044560 0.175347
0 0.129923 0.812679 0.044560 0.175347
0 0.076792 0.787390 0.044560 0.175347
0 0.028846 0.758210 0.044560 0.175347
0 0.311869 0.625543 0.044560 0.175347
0 0.363708 0.658025 0.044560 0.175347
0 0.410100 0.714642 0.044560 0.175347
0 0.458692 0.792448 0.044560 0.175347
0 0.506254 0.815208 0.044560 0.175347
0 0.548369 0.797321 0.044560 0.175347
0 0.596969 0.692067 0.044560 0.175347
0 0.640123 0.648303 0.044560 0.175347
0 0.687677 0.602783 0.044560 0.175347
0 0.737315 0.645000 0.044560 0.175347
0 0.786946 0.701801 0.044560 0.175347
0 0.836708 0.748684 0.044560 0.175347
0 0.890746 0.799065 0.044560 0.175347
0 0.932862 0.727667 0.044560 0.175347
0 0.970577 0.667760 0.044560 0.175347