0 0.533637 0.762167 0.092593 0.127604
0 0.521718 0.861077 0.092593 0.127604
0 0.514008 0.965242 0.092593 0.127604
0 0.668210 0.964189 0.092593 0.127604
0 0.771944 0.971550 0.092593 0.127604
0 0.825911 0.923160 0.092593 0.127604
0 0.864460 0.882119 0.092593 0.127604
0 0.788056 0.869492 0.092593 0.127604
0 0.732694 0.917893 0.092593 0.127604
0 0.696242 0.797942 0.092593 0.127604
0 0.750911 0.780061 0.092593 0.127604
0 0.739702 0.851610 0.092593 0.127604
0 0.714468 0.872651 0.092593 0.127604
0 0.645782 0.898959 0.092593 0.127604
0 0.596718 0.952615 0.092593 0.127604
0 0.601621 0.835823 0.092593 0.127604
0 0.612839 0.743232 0.092593 0.127604
0 0.427097 0.863184 0.092593 0.127604
0 0.472661 0.736913 0.092593 0.127604
0 0.429202 0.742179 0.092593 0.127604
0 0.465653 0.811622 0.092593 0.127604
0 0.406073 0.793729 0.092593 0.127604
0 0.326169 0.832663 0.092593 0.127604
0 0.389250 0.959976 0.092593 0.127604
0 0.270798 0.959976 0.092593 0.127604
0 0.260992 0.850557 0.092593 0.127604
0 0.199452 0.920097 0.092593 0.127604
0 0.092911 0.955872 0.092593 0.127604
0 0.036847 0.896949 0.092593 0.127604
0 0.010210 0.796998 0.092593 0.127604
0 0.067685 0.722288 0.092593 0.127604
0 0.083105 0.789637 0.092593 0.127604
0 0.162653 0.828354 0.092593 0.127604
0 0.188169 0.790678 0.092593 0.127604
0 0.250266 0.794891 0.092593 0.127604
0 0.150040 0.863705 0.092593 0.127604
0 0.111137 0.853390 0.092593 0.127604
0 0.148427 0.721235 0.092593 0.127604
0 0.231202 0.705981 0.092593 0.127604
0 0.281879 0.698717 0.092593 0.127604
0 0.300935 0.646949 0.092593 0.127604
0 0.276202 0.641489 0.092593 0.127604
0 0.244935 0.650642 0.092593 0.127604
0 0.203161 0.644540 0.092593 0.127604
0 0.162234 0.642639 0.092593 0.127604
0 0.330444 0.689153 0.092593 0.127604
0 0.311242 0.666840 0.092593 0.127604
0 0.289589 0.724189 0.092593 0.127604
0 0.337879 0.727760 0.092593 0.127604
0 0.382871 0.687143 0.092593 0.127604
0 0.426121 0.703354 0.092593 0.127604
0 0.192234 0.631804 0.092593 0.127604
0 0.107073 0.675472 0.092593 0.127604
0 0.030508 0.991017 0.092593 0.127604
0 0.007734 0.960327 0.092593 0.127604
0 0.023500 0.746392 0.092593 0.127604
0 0.009484 0.729722 0.092593 0.127604
0 0.005984 0.706053 0.092593 0.127604
0 0.028177 0.691150 0.092593 0.127604
0 0.046863 0.696404 0.092593 0.127604
0 0.031097 0.717446 0.092593 0.127604