0 0.057709 0.011362 0.076797 0.057292
0 0.074599 0.046087 0.076797 0.057292
0 0.008445 0.051350 0.076797 0.057292
0 0.043629 0.100800 0.076797 0.057292
0 0.047860 0.160775 0.076797 0.057292
0 0.099933 0.069237 0.076797 0.057292
0 0.181589 0.063975 0.076797 0.057292
0 0.146388 0.021888 0.076797 0.057292
0 0.226622 0.017675 0.076797 0.057292
0 0.267441 0.009262 0.076797 0.057292
0 0.312492 0.027150 0.076797 0.057292
0 0.374431 0.020837 0.076797 0.057292
0 0.322341 0.097637 0.076797 0.057292
0 0.363161 0.102900 0.076797 0.057292
0 0.246338 0.131312 0.076797 0.057292
0 0.223813 0.108162 0.076797 0.057292
0 0.171722 0.115525 0.076797 0.057292
0 0.212542 0.161825 0.076797 0.057292
0 0.253378 0.180763 0.076797 0.057292
0 0.297007 0.147100 0.076797 0.057292
0 0.354716 0.175500 0.076797 0.057292
0 0.297007 0.208125 0.076797 0.057292
0 0.213963 0.220750 0.076797 0.057292
0 0.266037 0.226012 0.076797 0.057292
0 0.173144 0.184975 0.076797 0.057292
0 0.135134 0.169187 0.076797 0.057292
0 0.129498 0.189187 0.076797 0.057292
0 0.140769 0.232325 0.076797 0.057292
0 0.105569 0.259675 0.076797 0.057292
0 0.184398 0.279675 0.076797 0.057292
0 0.133729 0.297563 0.076797 0.057292
0 0.139348 0.321763 0.076797 0.057292
0 0.182993 0.340700 0.076797 0.057292
0 0.071789 0.341750 0.076797 0.057292
0 0.099933 0.381738 0.076797 0.057292
0 0.273077 0.291250 0.076797 0.057292
0 0.285753 0.252312 0.076797 0.057292
0 0.378645 0.287038 0.076797 0.057292
0 0.405385 0.072387 0.076797 0.057292
0 0.461689 0.071337 0.076797 0.057292
0 0.468729 0.131312 0.076797 0.057292
0 0.543344 0.116587 0.076797 0.057292
0 0.594013 0.128162 0.076797 0.057292
0 0.547559 0.159725 0.076797 0.057292
0 0.632023 0.123950 0.076797 0.057292
0 0.594013 0.085013 0.076797 0.057292
0 0.551789 0.055550 0.076797 0.057292
0 0.572893 0.027150 0.076797 0.057292
0 0.513779 0.008212 0.076797 0.057292
0 0.468729 0.009262 0.076797 0.057292
0 0.630602 0.060812 0.076797 0.057292
0 0.661572 0.090275 0.076797 0.057292
0 0.719281 0.103950 0.076797 0.057292
0 0.677057 0.147100 0.076797 0.057292
0 0.829080 0.007150 0.076797 0.057292
0 0.858645 0.048187 0.076797 0.057292
0 0.802341 0.087125 0.076797 0.057292
0 0.857241 0.095537 0.076797 0.057292
0 0.860050 0.137625 0.076797 0.057292
0 0.815000 0.147100 0.076797 0.057292
0 0.781221 0.174450 0.076797 0.057292
0 0.781221 0.174450 0.076797 0.057292
0 0.727742 0.171300 0.076797 0.057292
0 0.684097 0.191287 0.076797 0.057292
0 0.616538 0.173400 0.076797 0.057292
0 0.548963 0.192338 0.076797 0.057292
0 0.609498 0.228113 0.076797 0.057292
0 0.678462 0.236537 0.076797 0.057292
0 0.941689 0.028200 0.076797 0.057292
0 0.893829 0.010313 0.076797 0.057292
0 0.961405 0.009262 0.076797 0.057292
0 0.990953 0.025038 0.076797 0.057292
0 0.735050 0.202125 0.076797 0.057292
0 0.719716 0.234112 0.076797 0.057292
0 0.756873 0.294825 0.076797 0.057292
0 0.712960 0.285350 0.076797 0.057292
0 0.683528 0.321125 0.076797 0.057292
0 0.640602 0.277987 0.076797 0.057292
0 0.562341 0.285988 0.076797 0.057292
0 0.519415 0.250950 0.076797 0.057292
0 0.544749 0.326175 0.076797 0.057292
0 0.512508 0.299875 0.076797 0.057292
0 0.604431 0.336487 0.076797 0.057292
0 0.627793 0.313762 0.076797 0.057292
0 0.771505 0.329125 0.076797 0.057292
0 0.715769 0.359113 0.076797 0.057292
0 0.748144 0.350375 0.076797 0.057292
0 0.766722 0.371525 0.076797 0.057292
0 0.456773 0.175712 0.076797 0.057292
0 0.412860 0.179400 0.076797 0.057292
0 0.436221 0.223175 0.076797 0.057292
0 0.715635 0.407200 0.076797 0.057292
0 0.659331 0.406150 0.076797 0.057292
0 0.643846 0.360900 0.076797 0.057292
0 0.569231 0.378787 0.076797 0.057292
0 0.507308 0.418775 0.076797 0.057292
0 0.574866 0.462962 0.076797 0.057292
0 0.614281 0.437713 0.076797 0.057292
0 0.591756 0.411400 0.076797 0.057292
0 0.681839 0.432450 0.076797 0.057292
0 0.646656 0.450338 0.076797 0.057292
0 0.604431 0.490325 0.076797 0.057292
0 0.649465 0.487162 0.076797 0.057292
0 0.663545 0.505050 0.076797 0.057292
0 0.708595 0.519775 0.076797 0.057292
0 0.748010 0.519775 0.076797 0.057292
0 0.766304 0.555550 0.076797 0.057292
0 0.800084 0.554500 0.076797 0.057292
0 0.807124 0.610275 0.076797 0.057292
0 0.852174 0.588175 0.076797 0.057292
0 0.881722 0.557662 0.076797 0.057292
0 0.856388 0.620787 0.076797 0.057292
0 0.836689 0.642887 0.076797 0.057292
0 0.815569 0.661825 0.076797 0.057292
0 0.856388 0.680763 0.076797 0.057292
0 0.815569 0.694450 0.076797 0.057292
0 0.764900 0.672350 0.076797 0.057292
0 0.791639 0.693388 0.076797 0.057292
0 0.742375 0.671300 0.076797 0.057292
0 0.724080 0.649200 0.076797 0.057292
0 0.745184 0.611325 0.076797 0.057292
0 0.681839 0.591325 0.076797 0.057292
0 0.670585 0.641837 0.076797 0.057292
0 0.707191 0.547137 0.076797 0.057292
0 0.676221 0.687075 0.076797 0.057292
0 0.604431 0.698650 0.076797 0.057292
0 0.615686 0.664987 0.076797 0.057292
0 0.574866 0.678662 0.076797 0.057292
0 0.590351 0.623950 0.076797 0.057292
0 0.597391 0.644987 0.076797 0.057292
0 0.621321 0.585012 0.076797 0.057292
0 0.642441 0.548187 0.076797 0.057292
0 0.595987 0.534513 0.076797 0.057292
0 0.557977 0.534513 0.076797 0.057292
0 0.577676 0.557662 0.076797 0.057292
0 0.532642 0.602900 0.076797 0.057292
0 0.532642 0.647100 0.076797 0.057292
0 0.522793 0.697600 0.076797 0.057292
0 0.460853 0.686025 0.076797 0.057292
0 0.455217 0.649200 0.076797 0.057292
0 0.446773 0.590275 0.076797 0.057292
0 0.418629 0.545037 0.076797 0.057292
0 0.500268 0.555550 0.076797 0.057292
0 0.474933 0.510312 0.076797 0.057292
0 0.519967 0.521887 0.076797 0.057292
0 0.555167 0.501900 0.076797 0.057292
0 0.527007 0.471375 0.076797 0.057292
0 0.443963 0.462962 0.076797 0.057292
0 0.380619 0.482950 0.076797 0.057292
0 0.338395 0.539775 0.076797 0.057292
0 0.367943 0.580812 0.076797 0.057292
0 0.389064 0.634475 0.076797 0.057292
0 0.383428 0.678662 0.076797 0.057292
0 0.403144 0.696550 0.076797 0.057292
0 0.327124 0.691287 0.076797 0.057292
0 0.321505 0.658675 0.076797 0.057292
0 0.313060 0.597637 0.076797 0.057292
0 0.279264 0.563975 0.076797 0.057292
0 0.282090 0.627100 0.076797 0.057292
0 0.242676 0.661825 0.076797 0.057292
0 0.275050 0.695500 0.076797 0.057292
0 0.238445 0.691287 0.076797 0.057292
0 0.172291 0.693388 0.076797 0.057292
0 0.170886 0.652362 0.076797 0.057292
0 0.207475 0.616587 0.076797 0.057292
0 0.127241 0.610275 0.076797 0.057292
0 0.080803 0.626050 0.076797 0.057292
0 0.023077 0.653413 0.076797 0.057292
0 0.103311 0.673400 0.076797 0.057292
0 0.108946 0.566075 0.076797 0.057292
0 0.028712 0.556613 0.076797 0.057292
0 0.069532 0.522937 0.076797 0.057292
0 0.059682 0.485063 0.076797 0.057292
0 0.016054 0.471375 0.076797 0.057292
0 0.024498 0.513462 0.076797 0.057292
0 0.059682 0.417725 0.076797 0.057292
0 0.106137 0.458750 0.076797 0.057292
0 0.175100 0.473488 0.076797 0.057292
0 0.203261 0.529250 0.076797 0.057292
0 0.161037 0.537663 0.076797 0.057292
0 0.135686 0.534513 0.076797 0.057292
0 0.231405 0.567125 0.076797 0.057292
0 0.252525 0.528200 0.076797 0.057292
0 0.301789 0.502950 0.076797 0.057292
0 0.339799 0.454550 0.076797 0.057292
0 0.296154 0.420875 0.076797 0.057292
0 0.176522 0.429287 0.076797 0.057292
0 0.228595 0.413513 0.076797 0.057292
0 0.253930 0.436662 0.076797 0.057292
0 0.238445 0.467175 0.076797 0.057292
0 0.265201 0.383000 0.076797 0.057292
0 0.336990 0.360900 0.076797 0.057292
0 0.394699 0.385100 0.076797 0.057292
0 0.393294 0.427187 0.076797 0.057292
0 0.479147 0.352488 0.076797 0.057292
0 0.470702 0.375638 0.076797 0.057292
0 0.476338 0.330388 0.076797 0.057292
0 0.412993 0.345112 0.076797 0.057292
0 0.335569 0.327225 0.076797 0.057292
0 0.415803 0.283037 0.076797 0.057292
0 0.431288 0.250425 0.076797 0.057292
0 0.387659 0.252525 0.076797 0.057292
0 0.235635 0.326175 0.076797 0.057292
0 0.341204 0.501900 0.076797 0.057292
0 0.666221 0.961275 0.076797 0.057292
0 0.593595 0.963800 0.076797 0.057292
0 0.649331 0.936025 0.076797 0.057292
0 0.794599 0.736537 0.076797 0.057292
0 0.821622 0.721375 0.076797 0.057292
0 0.767575 0.768100 0.076797 0.057292
0 0.740552 0.790825 0.076797 0.057292
0 0.737157 0.728950 0.076797 0.057292
0 0.676355 0.751688 0.076797 0.057292
0 0.623997 0.732750 0.076797 0.057292
0 0.559799 0.720113 0.076797 0.057292
0 0.480418 0.752950 0.076797 0.057292
0 0.444950 0.720113 0.076797 0.057292
0 0.438194 0.774412 0.076797 0.057292
0 0.389197 0.749163 0.076797 0.057292
0 0.345284 0.712537 0.076797 0.057292
0 0.345284 0.765575 0.076797 0.057292
0 0.367241 0.790825 0.076797 0.057292
0 0.331773 0.816075 0.076797 0.057292
0 0.289548 0.795875 0.076797 0.057292
0 0.254080 0.832488 0.076797 0.057292
0 0.220284 0.784512 0.076797 0.057292
0 0.227040 0.750425 0.076797 0.057292
0 0.198328 0.749163 0.076797 0.057292
0 0.228729 0.712537 0.076797 0.057292
0 0.272659 0.758000 0.076797 0.057292
0 0.240134 0.846375 0.076797 0.057292
0 0.325719 0.733275 0.076797 0.057292
0 0.285886 0.731488 0.076797 0.057292
0 0.484080 0.790187 0.076797 0.057292
0 0.434816 0.831437 0.076797 0.057292
0 0.424247 0.797237 0.076797 0.057292
0 0.504064 0.847225 0.076797 0.057292
0 0.478161 0.868263 0.076797 0.057292
0 0.516873 0.886675 0.076797 0.057292
0 0.509833 0.915612 0.076797 0.057292
0 0.567408 0.926975 0.076797 0.057292
0 0.590769 0.885837 0.076797 0.057292
0 0.601338 0.834912 0.076797 0.057292
0 0.545033 0.814812 0.076797 0.057292
0 0.596689 0.792825 0.076797 0.057292
0 0.552057 0.761262 0.076797 0.057292
0 0.623712 0.782300 0.076797 0.057292
0 0.644833 0.771775 0.076797 0.057292
0 0.671706 0.792825 0.076797 0.057292
0 0.710418 0.832275 0.076797 0.057292
0 0.644833 0.803350 0.076797 0.057292
0 0.637793 0.821762 0.076797 0.057292
0 0.641304 0.862163 0.076797 0.057292
0 0.634264 0.900675 0.076797 0.057292
0 0.674097 0.879625 0.076797 0.057292
0 0.662425 0.844587 0.076797 0.057292
0 0.696338 0.851637 0.076797 0.057292
0 0.613997 0.927825 0.076797 0.057292
0 0.683528 0.858375 0.076797 0.057292