0 0.359500 0.850525 0.052951 0.052951
0 0.402612 0.836637 0.052951 0.052951
0 0.392388 0.795725 0.052951 0.052951
0 0.347813 0.805225 0.052951 0.052951
0 0.343425 0.775263 0.052951 0.052951
0 0.303975 0.765037 0.052951 0.052951
0 0.282775 0.805950 0.052951 0.052951
0 0.252825 0.792063 0.052951 0.052951
0 0.254287 0.826412 0.052951 0.052951
0 0.225788 0.819100 0.052951 0.052951
0 0.204600 0.856363 0.052951 0.052951
0 0.249162 0.863675 0.052951 0.052951
0 0.311275 0.848325 0.052951 0.052951
0 0.333200 0.542900 0.052951 0.052951
0 0.364613 0.564087 0.052951 0.052951
0 0.339038 0.581625 0.052951 0.052951
0 0.310550 0.567750 0.052951 0.052951
0 0.282775 0.552400 0.052951 0.052951
0 0.269625 0.591125 0.052951 0.052951
0 0.295200 0.616700 0.052951 0.052951
0 0.245512 0.615237 0.052951 0.052951
0 0.236750 0.572125 0.052951 0.052951
0 0.212638 0.599162 0.052951 0.052951
0 0.176100 0.599162 0.052951 0.052951
0 0.159287 0.616700 0.052951 0.052951
0 0.148337 0.647387 0.052951 0.052951
0 0.181950 0.654700 0.052951 0.052951
0 0.225788 0.644475 0.052951 0.052951
0 0.216287 0.692700 0.052951 0.052951
0 0.247700 0.707313 0.052951 0.052951
0 0.171713 0.695613 0.052951 0.052951
0 0.297387 0.662738 0.052951 0.052951
0 0.265975 0.645925 0.052951 0.052951
0 0.332463 0.632050 0.052951 0.052951
0 0.324425 0.610862 0.052951 0.052951
0 0.356575 0.610862 0.052951 0.052951
0 0.385075 0.632050 0.052951 0.052951
0 0.401150 0.591862 0.052951 0.052951
0 0.423800 0.637888 0.052951 0.052951
0 0.427450 0.615237 0.052951 0.052951
0 0.408462 0.679537 0.052951 0.052951
0 0.358875 0.664500 0.052951 0.052951
0 0.390187 0.607938 0.052951 0.052951
0 0.249162 0.669313 0.052951 0.052951
0 0.286438 0.688312 0.052951 0.052951
0 0.159287 0.667850 0.052951 0.052951