0 0.488906 0.240293 0.020833 0.031250
0 0.906865 0.080937 0.020833 0.031250
0 0.903457 0.091889 0.020833 0.031250
0 0.895166 0.018829 0.020833 0.031250
0 0.895654 0.006398 0.020833 0.031250
0 0.927822 0.167892 0.020833 0.031250
0 0.680586 0.119883 0.020833 0.031250
0 0.493418 0.604026 0.020833 0.031250
0 0.558682 0.558785 0.020833 0.031250
0 0.583945 0.572460 0.020833 0.031250
0 0.588857 0.554583 0.020833 0.031250
0 0.568506 0.554583 0.020833 0.031250
0 0.554473 0.570366 0.020833 0.031250
0 0.908887 0.550366 0.020833 0.031250
0 0.897656 0.540893 0.020833 0.031250
0 0.788877 0.541947 0.020833 0.031250
0 0.745361 0.540893 0.020833 0.031250
0 0.871689 0.424114 0.020833 0.031250
0 0.721504 0.521962 0.020833 0.031250
0 0.706768 0.519854 0.020833 0.031250
0 0.635547 0.387116 0.020833 0.031250
0 0.562891 0.395695 0.020833 0.031250
0 0.550967 0.407277 0.020833 0.031250
0 0.539736 0.372548 0.020833 0.031250
0 0.482891 0.394641 0.020833 0.031250
0 0.475166 0.384129 0.020833 0.031250
0 0.750273 0.314685 0.020833 0.031250
0 0.854141 0.343089 0.020833 0.031250
0 0.996611 0.089517 0.020833 0.031250
0 0.945381 0.009546 0.020833 0.031250
0 0.920811 0.017965 0.020833 0.031250
0 0.943271 0.081098 0.020833 0.031250
0 0.961514 0.064261 0.020833 0.031250
0 0.868184 0.263119 0.020833 0.031250
0 0.711680 0.073734 0.020833 0.031250
0 0.694131 0.066369 0.020833 0.031250
0 0.546758 0.011654 0.020833 0.031250
0 0.471660 0.043221 0.020833 0.031250
0 0.437275 0.195783 0.020833 0.031250
0 0.469551 0.117921 0.020833 0.031250
0 0.463945 0.104246 0.020833 0.031250
0 0.495518 0.084246 0.020833 0.031250
0 0.485000 0.074788 0.020833 0.031250
0 0.444990 0.115813 0.020833 0.031250
0 0.530615 0.173690 0.020833 0.031250
0 0.492012 0.202094 0.020833 0.031250
0 0.490605 0.222094 0.020833 0.031250
0 0.626758 0.127394 0.020833 0.031250
0 0.569912 0.294685 0.020833 0.031250
0 0.544648 0.290483 0.020833 0.031250
0 0.564297 0.090571 0.020833 0.031250
0 0.551670 0.076881 0.020833 0.031250
0 0.845020 0.028477 0.020833 0.031250
0 0.374111 0.181054 0.020833 0.031250
0 0.423232 0.251552 0.020833 0.031250
0 0.439375 0.297848 0.020833 0.031250
0 0.382529 0.353616 0.020833 0.031250
0 0.372002 0.363075 0.020833 0.031250
0 0.364287 0.350454 0.020833 0.031250
0 0.364990 0.199985 0.020833 0.031250
0 0.357969 0.196837 0.020833 0.031250
0 0.324287 0.212621 0.020833 0.031250
0 0.291299 0.178946 0.020833 0.031250
0 0.276562 0.209458 0.020833 0.031250
0 0.173398 0.160015 0.020833 0.031250
0 0.162871 0.136867 0.020833 0.031250
0 0.142520 0.297848 0.020833 0.031250
0 0.237959 0.386223 0.020833 0.031250
0 0.209893 0.371493 0.020833 0.031250
0 0.202168 0.390439 0.020833 0.031250
0 0.174795 0.407277 0.020833 0.031250
0 0.163574 0.420952 0.020833 0.031250
0 0.160762 0.398858 0.020833 0.031250
0 0.145322 0.397804 0.020833 0.031250
0 0.175498 0.468302 0.020833 0.031250
0 0.191641 0.473558 0.020833 0.031250
0 0.127080 0.510381 0.020833 0.031250
0 0.115850 0.514597 0.020833 0.031250
0 0.110234 0.464085 0.020833 0.031250
0 0.106025 0.393587 0.020833 0.031250
0 0.040049 0.300996 0.020833 0.031250
0 0.001455 0.425154 0.020833 0.031250
0 0.003555 0.409370 0.020833 0.031250
0 0.089180 0.430425 0.020833 0.031250
0 0.080059 0.423060 0.020833 0.031250
0 0.084971 0.471449 0.020833 0.031250
0 0.258311 0.679795 0.020833 0.031250
0 0.584648 0.674524 0.020833 0.031250
0 0.441484 0.649283 0.020833 0.031250
0 0.463945 0.881816 0.020833 0.031250
0 0.283574 0.876545 0.020833 0.031250
0 0.278662 0.862870 0.020833 0.031250
0 0.259014 0.903909 0.020833 0.031250
0 0.299717 0.904963 0.020833 0.031250
0 0.305332 0.888126 0.020833 0.031250
0 0.562080 0.876369 0.020833 0.031250
0 0.523477 0.877247 0.020833 0.031250
0 0.456221 0.744846 0.020833 0.031250
0 0.659746 0.893031 0.020833 0.031250
0 0.640439 0.891274 0.020833 0.031250
0 0.629336 0.868477 0.020833 0.031250
0 0.781387 0.885139 0.020833 0.031250
0 0.745127 0.887775 0.020833 0.031250
0 0.375459 0.456808 0.020833 0.031250
0 0.346797 0.404202 0.020833 0.031250
0 0.674893 0.158697 0.020833 0.031250
0 0.658516 0.058741 0.020833 0.031250
0 0.731035 0.035066 0.020833 0.031250
0 0.839814 0.102577 0.020833 0.031250
0 0.483066 0.280571 0.020833 0.031250
0 0.491250 0.269165 0.020833 0.031250
0 0.616992 0.150805 0.020833 0.031250
0 0.694189 0.089429 0.020833 0.031250
0 0.163574 0.019722 0.020833 0.031250
0 0.220596 0.022606 0.020833 0.031250
0 0.215215 0.045227 0.020833 0.031250
0 0.280537 0.097145 0.020833 0.031250
0 0.358535 0.224070 0.020833 0.031250
0 0.476230 0.146545 0.020833 0.031250