0 0.160063 0.435789 0.091277 0.139757
0 0.233550 0.430150 0.091277 0.139757
0 0.154062 0.328665 0.091277 0.139757
0 0.221562 0.259868 0.091277 0.139757
0 0.295800 0.317387 0.091277 0.139757
0 0.313800 0.444812 0.091277 0.139757
0 0.364800 0.386165 0.091277 0.139757
0 0.439037 0.355714 0.091277 0.139757
0 0.433037 0.451579 0.091277 0.139757
0 0.372300 0.501203 0.091277 0.139757
0 0.341550 0.603816 0.091277 0.139757
0 0.268050 0.544060 0.091277 0.139757
0 0.179563 0.557594 0.091277 0.139757
0 0.122562 0.501203 0.091277 0.139757
0 0.166062 0.636523 0.091277 0.139757
0 0.233550 0.635395 0.091277 0.139757
0 0.283050 0.636523 0.091277 0.139757
0 0.319050 0.712086 0.091277 0.139757
0 0.270300 0.701936 0.091277 0.139757
0 0.380537 0.696297 0.091277 0.139757
0 0.430787 0.581259 0.091277 0.139757
0 0.500537 0.564361 0.091277 0.139757
0 0.501287 0.461729 0.091277 0.139757
0 0.582275 0.471880 0.091277 0.139757
0 0.585275 0.370376 0.091277 0.139757
0 0.526787 0.316259 0.091277 0.139757
0 0.603275 0.291447 0.091277 0.139757
0 0.628025 0.240695 0.091277 0.139757
0 0.667025 0.307237 0.091277 0.139757
0 0.666275 0.427895 0.091277 0.139757
0 0.631025 0.488797 0.091277 0.139757
0 0.607025 0.560977 0.091277 0.139757
0 0.720262 0.625244 0.091277 0.139757
0 0.655775 0.637650 0.091277 0.139757
0 0.658775 0.539549 0.091277 0.139757
0 0.701512 0.529398 0.091277 0.139757
0 0.750262 0.449323 0.091277 0.139757
0 0.708263 0.363609 0.091277 0.139757
0 0.757762 0.330921 0.091277 0.139757
0 0.817012 0.376015 0.091277 0.139757
0 0.834262 0.493308 0.091277 0.139757
0 0.787012 0.549699 0.091277 0.139757
0 0.754762 0.611711 0.091277 0.139757
0 0.563525 0.653440 0.091277 0.139757
0 0.509537 0.690658 0.091277 0.139757
0 0.449537 0.689530 0.091277 0.139757
0 0.442788 0.805677 0.091277 0.139757
0 0.512537 0.797801 0.091277 0.139757
0 0.565775 0.738026 0.091277 0.139757
0 0.628775 0.776372 0.091277 0.139757
0 0.562025 0.802312 0.091277 0.139757
0 0.370800 0.782011 0.091277 0.139757
0 0.386538 0.839511 0.091277 0.139757
0 0.697012 0.721109 0.091277 0.139757
0 0.737512 0.770733 0.091277 0.139757
0 0.832013 0.289192 0.091277 0.139757
0 0.882250 0.374887 0.091277 0.139757
0 0.882250 0.478647 0.091277 0.139757
0 0.766012 0.259868 0.091277 0.139757
0 0.706762 0.260996 0.091277 0.139757