0 0.246492 0.414737 0.045717 0.090278
0 0.193723 0.383624 0.045717 0.090278
0 0.136777 0.370526 0.045717 0.090278
0 0.085685 0.419639 0.045717 0.090278
0 0.042969 0.460571 0.045717 0.090278
0 0.025385 0.359068 0.045717 0.090278
0 0.087362 0.296842 0.045717 0.090278
0 0.045485 0.287023 0.045717 0.090278
0 0.023708 0.218256 0.045717 0.090278
0 0.068931 0.198617 0.045717 0.090278
0 0.126723 0.211714 0.045717 0.090278
0 0.178646 0.244451 0.045717 0.090278
0 0.177815 0.327955 0.045717 0.090278
0 0.145146 0.293579 0.045717 0.090278
0 0.005285 0.445835 0.045717 0.090278
0 0.061400 0.128211 0.045717 0.090278
0 0.134262 0.116752 0.045717 0.090278
0 0.175300 0.164226 0.045717 0.090278
0 0.140123 0.159323 0.045717 0.090278
0 0.157715 0.033248 0.045717 0.090278
0 0.188700 0.041429 0.045717 0.090278
0 0.213823 0.152767 0.045717 0.090278
0 0.190377 0.103654 0.045717 0.090278
0 0.259892 0.044707 0.045717 0.090278
0 0.224715 0.026707 0.045717 0.090278
0 0.194562 0.010331 0.045717 0.090278
0 0.299254 0.033248 0.045717 0.090278
0 0.279992 0.005414 0.045717 0.090278
0 0.273292 0.218256 0.045717 0.090278
0 0.232254 0.306677 0.045717 0.090278
0 0.226385 0.223173 0.045717 0.090278
0 0.252354 0.134752 0.045717 0.090278
0 0.309300 0.170782 0.045717 0.090278
0 0.338615 0.213353 0.045717 0.090278
0 0.307631 0.270647 0.045717 0.090278
0 0.501092 0.103654 0.045717 0.090278
0 0.475131 0.210075 0.045717 0.090278
0 0.452515 0.272286 0.045717 0.090278
0 0.432415 0.229714 0.045717 0.090278
0 0.554700 0.102015 0.045717 0.090278
0 0.525385 0.167504 0.045717 0.090278
0 0.501931 0.211714 0.045717 0.090278
0 0.466754 0.160962 0.045717 0.090278
0 0.522031 0.323038 0.045717 0.090278
0 0.492723 0.287023 0.045717 0.090278
0 0.535431 0.246090 0.045717 0.090278
0 0.565585 0.200256 0.045717 0.090278
0 0.611646 0.211714 0.045717 0.090278
0 0.612485 0.129850 0.045717 0.090278
0 0.578985 0.157684 0.045717 0.090278
0 0.583169 0.088917 0.045717 0.090278
0 0.527062 0.092195 0.045717 0.090278
0 0.651008 0.239549 0.045717 0.090278
0 0.633423 0.308316 0.045717 0.090278
0 0.605785 0.273925 0.045717 0.090278
0 0.583169 0.298481 0.045717 0.090278
0 0.636777 0.185519 0.045717 0.090278
0 0.820192 0.002135 0.045717 0.090278
0 0.817677 0.049624 0.045717 0.090278
0 0.774131 0.067624 0.045717 0.090278
0 0.772454 0.020150 0.045717 0.090278
0 0.749838 0.092195 0.045717 0.090278
0 0.730577 0.036526 0.045717 0.090278
0 0.721362 0.105293 0.045717 0.090278
0 0.684515 0.084000 0.045717 0.090278
0 0.690377 0.028331 0.045717 0.090278
0 0.661062 0.043068 0.045717 0.090278
0 0.621700 0.057805 0.045717 0.090278
0 0.627562 0.010331 0.045717 0.090278
0 0.600762 0.033248 0.045717 0.090278
0 0.594062 0.008692 0.045717 0.090278
0 0.573962 0.005414 0.045717 0.090278
0 0.850338 0.300120 0.045717 0.090278
0 0.797577 0.341053 0.045717 0.090278
0 0.759892 0.344331 0.045717 0.090278
0 0.776638 0.383624 0.045717 0.090278
0 0.740623 0.455669 0.045717 0.090278
0 0.790877 0.481865 0.045717 0.090278
0 0.810977 0.534256 0.045717 0.090278
0 0.874631 0.550617 0.045717 0.090278
0 0.820192 0.419639 0.045717 0.090278
0 0.860392 0.395083 0.045717 0.090278
0 0.891377 0.437654 0.045717 0.090278
0 0.852854 0.491684 0.045717 0.090278
0 0.935769 0.475308 0.045717 0.090278
0 0.940792 0.571910 0.045717 0.090278
0 0.983508 0.486767 0.045717 0.090278
0 0.972623 0.323038 0.045717 0.090278
0 0.916508 0.363970 0.045717 0.090278
0 0.926554 0.314857 0.045717 0.090278
0 0.879654 0.331233 0.045717 0.090278
0 0.975969 0.414737 0.045717 0.090278
0 0.997746 0.552256 0.045717 0.090278
0 0.189538 0.743820 0.045717 0.090278
0 0.202100 0.825684 0.045717 0.090278
0 0.151846 0.855158 0.045717 0.090278
0 0.247323 0.845323 0.045717 0.090278
0 0.248162 0.765098 0.045717 0.090278
0 0.242300 0.712707 0.045717 0.090278
0 0.231415 0.645579 0.045717 0.090278
0 0.287531 0.704526 0.045717 0.090278
0 0.301762 0.643940 0.045717 0.090278
0 0.285854 0.588286 0.045717 0.090278
0 0.260723 0.575188 0.045717 0.090278
0 0.269100 0.670135 0.045717 0.090278
0 0.307631 0.809308 0.045717 0.090278
0 0.354531 0.856797 0.045717 0.090278
0 0.393054 0.814226 0.045717 0.090278
0 0.356208 0.784752 0.045717 0.090278
0 0.379654 0.699609 0.045717 0.090278
0 0.347831 0.717624 0.045717 0.090278
0 0.325215 0.734000 0.045717 0.090278
0 0.346154 0.663594 0.045717 0.090278
0 0.349508 0.588286 0.045717 0.090278
0 0.321031 0.588286 0.045717 0.090278
0 0.314331 0.555534 0.045717 0.090278
0 0.336100 0.506421 0.045717 0.090278
0 0.357038 0.517880 0.045717 0.090278
0 0.391377 0.562090 0.045717 0.090278
0 0.412315 0.519519 0.045717 0.090278
0 0.421531 0.576812 0.045717 0.090278
0 0.394731 0.634120 0.045717 0.090278
0 0.419854 0.734000 0.045717 0.090278
0 0.460892 0.791293 0.045717 0.090278
0 0.439954 0.858421 0.045717 0.090278
0 0.413992 0.853519 0.045717 0.090278
0 0.486023 0.856797 0.045717 0.090278
0 0.515331 0.830602 0.045717 0.090278
0 0.558046 0.807669 0.045717 0.090278
0 0.522031 0.763474 0.045717 0.090278
0 0.495231 0.740541 0.045717 0.090278
0 0.503608 0.668511 0.045717 0.090278
0 0.512823 0.609564 0.045717 0.090278
0 0.470946 0.621023 0.045717 0.090278
0 0.449169 0.693068 0.045717 0.090278
0 0.423208 0.666872 0.045717 0.090278
0 0.455031 0.570271 0.045717 0.090278
0 0.446654 0.506421 0.045717 0.090278
0 0.487692 0.545714 0.045717 0.090278
0 0.477646 0.517880 0.045717 0.090278
0 0.526223 0.540797 0.045717 0.090278
0 0.558046 0.621023 0.045717 0.090278
0 0.537108 0.696346 0.045717 0.090278
0 0.566423 0.720902 0.045717 0.090278
0 0.593223 0.693068 0.045717 0.090278
0 0.598246 0.645579 0.045717 0.090278
0 0.573123 0.586647 0.045717 0.090278