0 0.409437 0.164543 0.094771 0.074653
0 0.326154 0.162015 0.094771 0.074653
0 0.267486 0.204944 0.094771 0.074653
0 0.242871 0.162015 0.094771 0.074653
0 0.187974 0.212516 0.094771 0.074653
0 0.184203 0.259237 0.094771 0.074653
0 0.152026 0.304693 0.094771 0.074653
0 0.187974 0.341314 0.094771 0.074653
0 0.286398 0.333730 0.094771 0.074653
0 0.284522 0.261765 0.094771 0.074653
0 0.360225 0.230200 0.094771 0.074653
0 0.498386 0.228936 0.094771 0.074653
0 0.526792 0.172115 0.094771 0.074653
0 0.615741 0.163279 0.094771 0.074653
0 0.613846 0.226408 0.094771 0.074653
0 0.697129 0.217572 0.094771 0.074653
0 0.738780 0.268073 0.094771 0.074653
0 0.590244 0.277222 0.094771 0.074653
0 0.553283 0.348886 0.094771 0.074653
0 0.524897 0.312265 0.094771 0.074653
0 0.458649 0.293329 0.094771 0.074653
0 0.390507 0.293329 0.094771 0.074653
0 0.382927 0.355194 0.094771 0.074653
0 0.276942 0.384243 0.094771 0.074653
0 0.174728 0.391815 0.094771 0.074653
0 0.239081 0.430951 0.094771 0.074653
0 0.329944 0.412015 0.094771 0.074653
0 0.371576 0.451151 0.094771 0.074653
0 0.318574 0.473880 0.094771 0.074653
0 0.295872 0.530701 0.094771 0.074653
0 0.356435 0.515557 0.094771 0.074653
0 0.451069 0.490300 0.094771 0.074653
0 0.505966 0.505444 0.094771 0.074653
0 0.435929 0.420851 0.094771 0.074653
0 0.473790 0.364030 0.094771 0.074653
0 0.505966 0.419587 0.094771 0.074653
0 0.630882 0.382979 0.094771 0.074653
0 0.672533 0.328686 0.094771 0.074653
0 0.740675 0.375394 0.094771 0.074653
0 0.744447 0.428436 0.094771 0.074653
0 0.655497 0.427171 0.094771 0.074653
0 0.676304 0.494093 0.094771 0.074653
0 0.577899 0.482728 0.094771 0.074653
0 0.579775 0.572365 0.094771 0.074653
0 0.663058 0.540801 0.094771 0.074653
0 0.655497 0.607722 0.094771 0.074653
0 0.570319 0.630451 0.094771 0.074653
0 0.628987 0.664543 0.094771 0.074653
0 0.526792 0.689800 0.094771 0.074653
0 0.445403 0.629186 0.094771 0.074653
0 0.416998 0.566058 0.094771 0.074653
0 0.369681 0.574894 0.094771 0.074653
0 0.324259 0.608986 0.094771 0.074653
0 0.386717 0.644343 0.094771 0.074653
0 0.335610 0.663279 0.094771 0.074653
0 0.373471 0.699900 0.094771 0.074653
0 0.441614 0.727672 0.094771 0.074653
0 0.577899 0.770601 0.094771 0.074653
0 0.526792 0.822365 0.094771 0.074653
0 0.502176 0.885507 0.094771 0.074653
0 0.415122 0.840050 0.094771 0.074653
0 0.381051 0.774393 0.094771 0.074653
0 0.354540 0.867822 0.094771 0.074653
0 0.424578 0.906971 0.094771 0.074653
0 0.564634 0.862778 0.094771 0.074653