0 0.841367 0.743262 0.067810 0.042535
0 0.463750 0.810781 0.067810 0.042535
0 0.019492 0.821299 0.067810 0.042535
0 0.443880 0.625771 0.067810 0.042535
0 0.211224 0.588066 0.067810 0.042535
0 0.008971 0.562637 0.067810 0.042535
0 0.615729 0.636289 0.067810 0.042535
0 0.616901 0.609111 0.067810 0.042535
0 0.609896 0.800254 0.067810 0.042535
0 0.474271 0.790605 0.067810 0.042535
0 0.731471 0.414453 0.067810 0.042535
0 0.780573 0.422344 0.067810 0.042535
0 0.801628 0.403057 0.067810 0.042535
0 0.872943 0.409189 0.067810 0.042535
0 0.594688 0.480215 0.067810 0.042535
0 0.362044 0.581045 0.067810 0.042535
0 0.775898 0.526689 0.067810 0.042535
0 0.885794 0.314492 0.067810 0.042535
0 0.644961 0.362725 0.067810 0.042535
0 0.588841 0.315371 0.067810 0.042535
0 0.812148 0.331152 0.067810 0.042535
0 0.803958 0.352197 0.067810 0.042535
0 0.882292 0.344307 0.067810 0.042535
0 0.732643 0.388145 0.067810 0.042535
0 0.079115 0.251367 0.067810 0.042535
0 0.003125 0.283809 0.067810 0.042535
0 0.273190 0.269775 0.067810 0.042535
0 0.323464 0.289941 0.067810 0.042535
0 0.273190 0.321514 0.067810 0.042535
0 0.364375 0.346064 0.067810 0.042535
0 0.448555 0.330273 0.067810 0.042535
0 0.280208 0.195244 0.067810 0.042535
0 0.273190 0.179463 0.067810 0.042535
0 0.262669 0.160176 0.067810 0.042535
0 0.091979 0.182090 0.067810 0.042535
0 0.388932 0.244346 0.067810 0.042535
0 0.443880 0.239961 0.067810 0.042535
0 0.434518 0.204014 0.067810 0.042535
0 0.518698 0.215410 0.067810 0.042535
0 0.489466 0.194365 0.067810 0.042535
0 0.455573 0.203135 0.067810 0.042535
0 0.586510 0.232070 0.067810 0.042535
0 0.561953 0.193496 0.067810 0.042535
0 0.440365 0.118965 0.067810 0.042535
0 0.500000 0.088271 0.067810 0.042535
0 0.524544 0.083887 0.067810 0.042535
0 0.591185 0.104932 0.067810 0.042535
0 0.554948 0.118086 0.067810 0.042535
0 0.557279 0.134746 0.067810 0.042535
0 0.516367 0.147021 0.067810 0.042535
0 0.516367 0.195244 0.067810 0.042535
0 0.540911 0.205771 0.067810 0.042535
0 0.588841 0.184727 0.067810 0.042535
0 0.853060 0.303975 0.067810 0.042535
0 0.778242 0.265391 0.067810 0.042535
0 0.766549 0.249609 0.067810 0.042535
0 0.749010 0.238213 0.067810 0.042535
0 0.957109 0.035664 0.067810 0.042535
0 0.749010 0.035664 0.067810 0.042535
0 0.781745 0.057588 0.067810 0.042535
0 0.756029 0.058467 0.067810 0.042535
0 0.740833 0.078633 0.067810 0.042535
0 0.793438 0.073369 0.067810 0.042535
0 0.840195 0.075117 0.067810 0.042535
0 0.833190 0.066357 0.067810 0.042535
0 0.826172 0.058467 0.067810 0.042535
0 0.932565 0.069863 0.067810 0.042535
0 0.973477 0.060215 0.067810 0.042535
0 0.849557 0.032158 0.067810 0.042535
0 0.885794 0.031279 0.067810 0.042535
0 0.822669 0.033916 0.067810 0.042535
0 0.991016 0.062842 0.067810 0.042535
0 0.916198 0.123350 0.067810 0.042535
0 0.940742 0.122471 0.067810 0.042535
0 0.876445 0.155791 0.067810 0.042535
0 0.842539 0.154912 0.067810 0.042535
0 0.848385 0.166309 0.067810 0.042535
0 0.787591 0.180342 0.067810 0.042535
0 0.761875 0.161924 0.067810 0.042535
0 0.703411 0.191738 0.067810 0.042535
0 0.694063 0.176836 0.067810 0.042535
0 0.858906 0.210156 0.067810 0.042535
0 0.918529 0.194365 0.067810 0.042535
0 0.899831 0.189990 0.067810 0.042535
0 0.938411 0.175957 0.067810 0.042535
0 0.967630 0.171572 0.067810 0.042535
0 0.973477 0.160176 0.067810 0.042535
0 0.992188 0.145264 0.067810 0.042535
0 0.950091 0.211904 0.067810 0.042535
0 0.900990 0.232070 0.067810 0.042535
0 0.439206 0.067227 0.067810 0.042535
0 0.452057 0.074248 0.067810 0.042535
0 0.485964 0.058467 0.067810 0.042535
0 0.468424 0.054082 0.067810 0.042535
0 0.568971 0.060215 0.067810 0.042535
0 0.563125 0.054082 0.067810 0.042535
0 0.580664 0.057588 0.067810 0.042535
0 0.590013 0.072490 0.067810 0.042535
0 0.542083 0.080381 0.067810 0.042535
0 0.609896 0.077754 0.067810 0.042535
0 0.650807 0.096162 0.067810 0.042535
0 0.620417 0.064600 0.067810 0.042535
0 0.636784 0.069863 0.067810 0.042535
0 0.633268 0.112822 0.067810 0.042535
0 0.602878 0.154033 0.067810 0.042535
0 0.586510 0.144395 0.067810 0.042535
0 0.549102 0.150527 0.067810 0.042535
0 0.484792 0.156670 0.067810 0.042535
0 0.446211 0.132119 0.067810 0.042535
0 0.450898 0.094414 0.067810 0.042535
0 0.455573 0.082139 0.067810 0.042535
0 0.421667 0.082139 0.067810 0.042535
0 0.419323 0.090908 0.067810 0.042535
0 0.717448 0.132119 0.067810 0.042535
0 0.656654 0.139131 0.067810 0.042535
0 0.639115 0.147021 0.067810 0.042535
0 0.496484 0.180342 0.067810 0.042535
0 0.667174 0.202266 0.067810 0.042535
0 0.625091 0.200508 0.067810 0.042535
0 0.636784 0.043555 0.067810 0.042535
0 0.649635 0.042676 0.067810 0.042535
0 0.616901 0.046191 0.067810 0.042535
0 0.657826 0.081260 0.067810 0.042535
0 0.931393 0.039170 0.067810 0.042535
0 0.941914 0.032158 0.067810 0.042535
0 0.933724 0.057588 0.067810 0.042535
0 0.968802 0.090029 0.067810 0.042535
0 0.910352 0.081260 0.067810 0.042535
0 0.895143 0.080381 0.067810 0.042535
0 0.902161 0.070742 0.067810 0.042535
0 0.925547 0.108438 0.067810 0.042535
0 0.808633 0.127734 0.067810 0.042535
0 0.839036 0.123350 0.067810 0.042535
0 0.780573 0.113701 0.067810 0.042535
0 0.778242 0.102305 0.067810 0.042535
0 0.746680 0.107568 0.067810 0.042535
0 0.774727 0.090908 0.067810 0.042535
0 0.756029 0.089150 0.067810 0.042535
0 0.648464 0.128604 0.067810 0.042535
0 0.881120 0.245225 0.067810 0.042535
0 0.832018 0.236455 0.067810 0.042535
0 0.846042 0.228564 0.067810 0.042535
0 0.874102 0.263643 0.067810 0.042535
0 0.900990 0.279424 0.067810 0.042535
0 0.996862 0.286436 0.067810 0.042535
0 0.994518 0.271533 0.067810 0.042535
0 0.898659 0.386396 0.067810 0.042535
0 0.741992 0.335537 0.067810 0.042535
0 0.156276 0.164561 0.067810 0.042535
0 0.207721 0.228564 0.067810 0.042535
0 0.149271 0.322383 0.067810 0.042535
0 0.124714 0.363594 0.067810 0.042535
0 0.130560 0.389902 0.067810 0.042535
0 0.115365 0.402178 0.067810 0.042535
0 0.005469 0.428486 0.067810 0.042535
0 0.212396 0.627520 0.067810 0.042535
0 0.870312 0.979756 0.067810 0.042535
0 0.754154 0.996172 0.067810 0.042535
0 0.661563 0.969658 0.067810 0.042535
0 0.542031 0.992383 0.067810 0.042535
0 0.430924 0.974707 0.067810 0.042535
0 0.323177 0.987334 0.067810 0.042535
0 0.181771 0.991123 0.067810 0.042535
0 0.242370 0.959561 0.067810 0.042535
0 0.111055 0.936826 0.067810 0.042535
0 0.016784 0.965869 0.067810 0.042535
0 0.011732 0.892637 0.067810 0.042535
0 0.094219 0.867383 0.067810 0.042535
0 0.201966 0.898955 0.067810 0.042535
0 0.308034 0.893896 0.067810 0.042535
0 0.464596 0.891377 0.067810 0.042535
0 0.382096 0.878750 0.067810 0.042535
0 0.301289 0.821934 0.067810 0.042535
0 0.560560 0.842129 0.067810 0.042535
0 0.565599 0.931777 0.067810 0.042535
0 0.656510 0.910312 0.067810 0.042535
0 0.708698 0.850967 0.067810 0.042535
0 0.818125 0.849707 0.067810 0.042535
0 0.865273 0.886328 0.067810 0.042535
0 0.920820 0.818145 0.067810 0.042535
0 0.107695 0.797939 0.067810 0.042535
0 0.038672 0.765107 0.067810 0.042535
0 0.063919 0.664102 0.067810 0.042535
0 0.154831 0.657793 0.067810 0.042535
0 0.240690 0.672939 0.067810 0.042535
0 0.213750 0.737334 0.067810 0.042535
0 0.225534 0.795420 0.067810 0.042535
0 0.289505 0.755010 0.067810 0.042535
0 0.340013 0.676729 0.067810 0.042535
0 0.441029 0.743643 0.067810 0.042535
0 0.542031 0.771426 0.067810 0.042535
0 0.602643 0.736074 0.067810 0.042535
0 0.533620 0.733545 0.067810 0.042535
0 0.498268 0.689355 0.067810 0.042535
0 0.441029 0.691875 0.067810 0.042535
0 0.478060 0.648955 0.067810 0.042535
0 0.545404 0.616123 0.067810 0.042535
0 0.728906 0.710820 0.067810 0.042535
0 0.595911 0.676729 0.067810 0.042535
0 0.666615 0.652734 0.067810 0.042535
0 0.686810 0.588340 0.067810 0.042535
0 0.747422 0.635059 0.067810 0.042535
0 0.841693 0.654004 0.067810 0.042535
0 0.949440 0.712080 0.067810 0.042535
0 0.934297 0.747432 0.067810 0.042535
0 0.848438 0.708291 0.067810 0.042535
0 0.979740 0.666631 0.067810 0.042535
0 0.905677 0.677988 0.067810 0.042535
0 0.989844 0.762588 0.067810 0.042535
0 0.809714 0.782793 0.067810 0.042535
0 0.685130 0.782793 0.067810 0.042535
0 0.961224 0.909053 0.067810 0.042535
0 0.971328 0.977236 0.067810 0.042535
0 0.994896 0.862334 0.067810 0.042535
0 0.085807 0.598447 0.067810 0.042535
0 0.005000 0.603496 0.067810 0.042535
0 0.043724 0.576982 0.067810 0.042535
0 0.028568 0.544150 0.067810 0.042535
0 0.070651 0.532793 0.067810 0.042535
0 0.141367 0.568145 0.067810 0.042535
0 0.143047 0.527734 0.067810 0.042535
0 0.185130 0.498701 0.067810 0.042535
0 0.252474 0.520166 0.067810 0.042535
0 0.201966 0.554258 0.067810 0.042535
0 0.272669 0.598447 0.067810 0.042535
0 0.180078 0.604756 0.067810 0.042535
0 0.313073 0.633799 0.067810 0.042535
0 0.398932 0.632539 0.067810 0.042535
0 0.343385 0.600967 0.067810 0.042535
0 0.302982 0.549199 0.067810 0.042535
0 0.309714 0.516377 0.067810 0.042535
0 0.351797 0.532793 0.067810 0.042535
0 0.417461 0.573193 0.067810 0.042535
0 0.412409 0.520166 0.067810 0.042535
0 0.402305 0.477236 0.067810 0.042535
0 0.365273 0.491123 0.067810 0.042535
0 0.296250 0.478496 0.067810 0.042535
0 0.222174 0.472187 0.067810 0.042535
0 0.269310 0.439355 0.067810 0.042535
0 0.191862 0.443145 0.067810 0.042535
0 0.112747 0.494912 0.067810 0.042535
0 0.121159 0.457031 0.067810 0.042535
0 0.112747 0.424199 0.067810 0.042535
0 0.047083 0.439355 0.067810 0.042535
0 0.496576 0.497432 0.067810 0.042535
0 0.520143 0.542891 0.067810 0.042535
0 0.461224 0.532793 0.067810 0.042535
0 0.484792 0.597187 0.067810 0.042535
0 0.577383 0.520166 0.067810 0.042535
0 0.616107 0.568145 0.067810 0.042535
0 0.797930 0.590869 0.067810 0.042535
0 0.850117 0.600967 0.067810 0.042535
0 0.976380 0.603496 0.067810 0.042535
0 0.957865 0.551729 0.067810 0.042535
0 0.909036 0.580771 0.067810 0.042535
0 0.843385 0.534053 0.067810 0.042535
0 0.930924 0.498701 0.067810 0.042535
0 0.754154 0.556777 0.067810 0.042535
0 0.643047 0.523955 0.067810 0.042535
0 0.717122 0.525215 0.067810 0.042535
0 0.707018 0.498701 0.067810 0.042535
0 0.636315 0.483545 0.067810 0.042535
0 0.565599 0.462080 0.067810 0.042535
0 0.521836 0.429258 0.067810 0.042535
0 0.467956 0.409053 0.067810 0.042535
0 0.456172 0.453242 0.067810 0.042535
0 0.663242 0.443145 0.067810 0.042535
0 0.594219 0.407793 0.067810 0.042535
0 0.760885 0.468398 0.067810 0.042535
0 0.710391 0.473447 0.067810 0.042535
0 0.774362 0.496172 0.067810 0.042535
0 0.823177 0.481025 0.067810 0.042535
0 0.853477 0.448193 0.067810 0.042535
0 0.910716 0.488594 0.067810 0.042535
0 0.035299 0.381270 0.067810 0.042535
0 0.085807 0.363594 0.067810 0.042535
0 0.026888 0.333291 0.067810 0.042535
0 0.060560 0.305518 0.067810 0.042535
0 0.107695 0.299199 0.067810 0.042535
0 0.082435 0.275215 0.067810 0.042535
0 0.031940 0.243643 0.067810 0.042535
0 0.089167 0.218398 0.067810 0.042535
0 0.048763 0.204502 0.067810 0.042535
0 0.011732 0.205771 0.067810 0.042535
0 0.015104 0.167891 0.067810 0.042535
0 0.060560 0.151475 0.067810 0.042535
0 0.025195 0.126221 0.067810 0.042535
0 0.072344 0.122432 0.067810 0.042535
0 0.107695 0.147686 0.067810 0.042535
0 0.127891 0.191875 0.067810 0.042535
0 0.068971 0.183037 0.067810 0.042535
0 0.164935 0.213340 0.067810 0.042535
0 0.131263 0.234805 0.067810 0.042535
0 0.153151 0.260059 0.067810 0.042535
0 0.188503 0.241123 0.067810 0.042535
0 0.183451 0.189355 0.067810 0.042535
0 0.242370 0.203242 0.067810 0.042535
0 0.250794 0.231025 0.067810 0.042535
0 0.220482 0.271426 0.067810 0.042535
0 0.185130 0.292891 0.067810 0.042535
0 0.196914 0.328242 0.067810 0.042535
0 0.119479 0.338340 0.067810 0.042535
0 0.297930 0.239863 0.067810 0.042535
0 0.319818 0.266377 0.067810 0.042535
0 0.318125 0.320664 0.067810 0.042535
0 0.284453 0.364863 0.067810 0.042535
0 0.228906 0.364863 0.067810 0.042535
0 0.163242 0.350967 0.067810 0.042535
0 0.185130 0.388848 0.067810 0.042535
0 0.257526 0.391377 0.067810 0.042535
0 0.304661 0.397686 0.067810 0.042535
0 0.334961 0.362334 0.067810 0.042535
0 0.355169 0.377490 0.067810 0.042535
0 0.794557 0.445664 0.067810 0.042535
0 0.826549 0.410313 0.067810 0.042535
0 0.808034 0.376221 0.067810 0.042535
0 0.759206 0.397686 0.067810 0.042535
0 0.658190 0.397686 0.067810 0.042535
0 0.631263 0.383799 0.067810 0.042535
0 0.686810 0.368643 0.067810 0.042535
0 0.565599 0.367383 0.067810 0.042535
0 0.533620 0.390107 0.067810 0.042535
0 0.474701 0.367383 0.067810 0.042535
0 0.430924 0.386328 0.067810 0.042535
0 0.403984 0.350967 0.067810 0.042535
0 0.400625 0.306777 0.067810 0.042535
0 0.249102 0.325723 0.067810 0.042535
0 0.245742 0.295420 0.067810 0.042535
0 0.287826 0.284053 0.067810 0.042535
0 0.368633 0.281523 0.067810 0.042535
0 0.350117 0.244912 0.067810 0.042535
0 0.368633 0.223447 0.067810 0.042535
0 0.334961 0.215869 0.067810 0.042535
0 0.378737 0.188096 0.067810 0.042535
0 0.398932 0.217129 0.067810 0.042535
0 0.294557 0.208291 0.067810 0.042535
0 0.319818 0.186826 0.067810 0.042535
0 0.296250 0.160312 0.067810 0.042535
0 0.228906 0.164102 0.067810 0.042535
0 0.235638 0.136328 0.067810 0.042535
0 0.181771 0.140107 0.067810 0.042535
0 0.215430 0.094658 0.067810 0.042535
0 0.136315 0.113594 0.067810 0.042535
0 0.967956 0.460820 0.067810 0.042535
0 0.989844 0.530264 0.067810 0.042535
0 0.984792 0.414102 0.067810 0.042535
0 0.905677 0.420420 0.067810 0.042535
0 0.870312 0.388848 0.067810 0.042535
0 0.727227 0.435566 0.067810 0.042535
0 0.762578 0.358545 0.067810 0.042535
0 0.654831 0.329502 0.067810 0.042535
0 0.713750 0.344658 0.067810 0.042535
0 0.594219 0.337080 0.067810 0.042535
0 0.599271 0.358545 0.067810 0.042535
0 0.538672 0.344658 0.067810 0.042535
0 0.491523 0.304258 0.067810 0.042535
0 0.479740 0.268896 0.067810 0.042535
0 0.427552 0.272686 0.067810 0.042535
0 0.474701 0.241123 0.067810 0.042535
0 0.479740 0.217129 0.067810 0.042535
0 0.538672 0.234805 0.067810 0.042535
0 0.525195 0.255010 0.067810 0.042535
0 0.553815 0.279004 0.067810 0.042535
0 0.599271 0.292891 0.067810 0.042535
0 0.643047 0.304258 0.067810 0.042535
0 0.648099 0.275215 0.067810 0.042535
0 0.602643 0.258799 0.067810 0.042535
0 0.629583 0.233545 0.067810 0.042535
0 0.575703 0.246172 0.067810 0.042535
0 0.579076 0.217129 0.067810 0.042535
0 0.637995 0.205771 0.067810 0.042535
0 0.658190 0.219658 0.067810 0.042535
0 0.690182 0.218398 0.067810 0.042535
0 0.717122 0.213340 0.067810 0.042535
0 0.707018 0.256270 0.067810 0.042535
0 0.730586 0.246172 0.067810 0.042535
0 0.676719 0.252490 0.067810 0.042535
0 0.695234 0.287842 0.067810 0.042535
0 0.707018 0.311826 0.067810 0.042535
0 0.752474 0.305518 0.067810 0.042535
0 0.749102 0.272686 0.067810 0.042535
0 0.811393 0.308037 0.067810 0.042535
0 0.799609 0.286572 0.067810 0.042535
0 0.826549 0.272686 0.067810 0.042535
0 0.856849 0.289102 0.067810 0.042535
0 0.860221 0.329502 0.067810 0.042535
0 0.935977 0.321934 0.067810 0.042535
0 0.922500 0.358545 0.067810 0.042535
0 0.856849 0.362334 0.067810 0.042535
0 0.971328 0.373701 0.067810 0.042535
0 0.920820 0.383799 0.067810 0.042535
0 0.979740 0.337080 0.067810 0.042535
0 0.971328 0.304258 0.067810 0.042535
0 0.909036 0.296680 0.067810 0.042535
0 0.941029 0.289102 0.067810 0.042535
0 0.954492 0.273955 0.067810 0.042535
0 0.914089 0.252490 0.067810 0.042535
0 0.962917 0.262588 0.067810 0.042535
0 0.962917 0.244912 0.067810 0.042535
0 0.986484 0.247432 0.067810 0.042535
0 0.984792 0.209561 0.067810 0.042535
0 0.910716 0.213340 0.067810 0.042535
0 0.866953 0.225967 0.067810 0.042535
0 0.818125 0.251221 0.067810 0.042535
0 0.858529 0.242383 0.067810 0.042535
0 0.782773 0.222188 0.067810 0.042535
0 0.818125 0.219658 0.067810 0.042535
0 0.818125 0.193145 0.067810 0.042535
0 0.796250 0.167891 0.067810 0.042535
0 0.707018 0.160312 0.067810 0.042535
0 0.676719 0.183037 0.067810 0.042535
0 0.643047 0.174199 0.067810 0.042535
0 0.567292 0.176729 0.067810 0.042535
0 0.528568 0.180518 0.067810 0.042535
0 0.462917 0.175469 0.067810 0.042535
0 0.425872 0.170420 0.067810 0.042535
0 0.446081 0.154004 0.067810 0.042535
0 0.951120 0.223447 0.067810 0.042535
0 0.952812 0.191875 0.067810 0.042535
0 0.986484 0.185566 0.067810 0.042535
0 0.838333 0.180518 0.067810 0.042535
0 0.873685 0.191875 0.067810 0.042535
0 0.823177 0.162842 0.067810 0.042535
0 0.821497 0.141377 0.067810 0.042535
0 0.861901 0.142637 0.067810 0.042535
0 0.902305 0.138848 0.067810 0.042535
0 0.924193 0.133799 0.067810 0.042535
0 0.949440 0.137588 0.067810 0.042535
0 0.942708 0.157793 0.067810 0.042535
0 0.910716 0.155264 0.067810 0.042535
0 0.988164 0.166631 0.067810 0.042535
0 0.978060 0.117383 0.067810 0.042535
0 0.951120 0.100967 0.067810 0.042535
0 0.890521 0.093398 0.067810 0.042535
0 0.836654 0.102236 0.067810 0.042535
0 0.856849 0.085820 0.067810 0.042535
0 0.826549 0.088340 0.067810 0.042535
0 0.786146 0.122432 0.067810 0.042535
0 0.754154 0.124961 0.067810 0.042535
0 0.737318 0.141377 0.067810 0.042535
0 0.695234 0.126221 0.067810 0.042535
0 0.685130 0.143896 0.067810 0.042535
0 0.671667 0.109805 0.067810 0.042535
0 0.616107 0.121172 0.067810 0.042535
0 0.594219 0.165361 0.067810 0.042535
0 0.568971 0.157793 0.067810 0.042535
0 0.530247 0.154004 0.067810 0.042535
0 0.520143 0.122432 0.067810 0.042535
0 0.484792 0.136328 0.067810 0.042535
0 0.505000 0.069404 0.067810 0.042535
0 0.750794 0.931777 0.067810 0.042535
0 0.124531 0.741123 0.067810 0.042535
0 0.405677 0.802988 0.067810 0.042535
0 0.079076 0.093398 0.067810 0.042535
0 0.015104 0.036572 0.067810 0.042535
0 0.011732 0.006270 0.067810 0.042535
0 0.065599 0.031523 0.067810 0.042535
0 0.124531 0.018896 0.067810 0.042535
0 0.201966 0.025215 0.067810 0.042535
0 0.254154 0.032793 0.067810 0.042535
0 0.237318 0.003750 0.067810 0.042535
0 0.173346 0.005010 0.067810 0.042535
0 0.080755 0.002490 0.067810 0.042535
0 0.425872 0.141377 0.067810 0.042535
0 0.435977 0.100967 0.067810 0.042535
0 0.478060 0.094658 0.067810 0.042535
0 0.457865 0.107285 0.067810 0.042535
0 0.466276 0.119912 0.067810 0.042535
0 0.582435 0.135059 0.067810 0.042535
0 0.577383 0.117383 0.067810 0.042535
0 0.562240 0.100967 0.067810 0.042535
0 0.540352 0.094658 0.067810 0.042535
0 0.570651 0.069404 0.067810 0.042535
0 0.632943 0.098447 0.067810 0.042535
0 0.900625 0.113594 0.067810 0.042535
0 0.863581 0.119912 0.067810 0.042535
0 0.875365 0.108545 0.067810 0.042535
0 0.880417 0.131270 0.067810 0.042535
0 0.929245 0.092129 0.067810 0.042535
0 0.935977 0.078242 0.067810 0.042535
0 0.804661 0.059307 0.067810 0.042535
0 0.814766 0.076982 0.067810 0.042535
0 0.782773 0.079502 0.067810 0.042535
0 0.759206 0.070664 0.067810 0.042535
0 0.718802 0.089609 0.067810 0.042535
0 0.695234 0.099707 0.067810 0.042535
0 0.676719 0.095918 0.067810 0.042535
0 0.631263 0.054258 0.067810 0.042535
0 0.604323 0.059307 0.067810 0.042535
0 0.457865 0.061826 0.067810 0.042535
0 0.473008 0.075723 0.067810 0.042535
0 0.442708 0.084561 0.067810 0.042535
0 0.671667 0.082031 0.067810 0.042535
0 0.683451 0.080771 0.067810 0.042535
0 0.707018 0.071934 0.067810 0.042535
0 0.673346 0.065615 0.067810 0.042535
0 0.659883 0.056777 0.067810 0.042535
0 0.604323 0.089609 0.067810 0.042535
0 0.629583 0.083291 0.067810 0.042535
0 0.568971 0.088340 0.067810 0.042535
0 0.515104 0.098447 0.067810 0.042535
0 0.602643 0.193145 0.067810 0.042535
0 0.622839 0.184307 0.067810 0.042535
0 0.626211 0.160312 0.067810 0.042535
0 0.762578 0.208291 0.067810 0.042535
0 0.787826 0.201982 0.067810 0.042535
0 0.765938 0.185566 0.067810 0.042535
0 0.735638 0.198193 0.067810 0.042535
0 0.698607 0.200723 0.067810 0.042535
0 0.722174 0.179258 0.067810 0.042535
0 0.739010 0.183037 0.067810 0.042535
0 0.745742 0.165361 0.067810 0.042535
0 0.873685 0.170420 0.067810 0.042535
0 0.900625 0.175469 0.067810 0.042535
0 0.989844 0.095918 0.067810 0.042535
0 0.994896 0.079502 0.067810 0.042535
0 0.969648 0.075723 0.067810 0.042535
0 0.956172 0.065615 0.067810 0.042535
0 0.920820 0.063096 0.067810 0.042535
0 0.845065 0.059307 0.067810 0.042535
0 0.875365 0.069404 0.067810 0.042535
0 0.824857 0.045420 0.067810 0.042535
0 0.789505 0.040361 0.067810 0.042535
0 0.760885 0.045420 0.067810 0.042535
0 0.725534 0.049199 0.067810 0.042535
0 0.705339 0.056777 0.067810 0.042535
0 0.673346 0.046680 0.067810 0.042535
0 0.547083 0.050469 0.067810 0.042535
0 0.547083 0.070664 0.067810 0.042535
0 0.848438 0.045420 0.067810 0.042535
0 0.873685 0.034053 0.067810 0.042535
0 0.907357 0.041631 0.067810 0.042535
0 0.981432 0.042891 0.067810 0.042535
0 0.944388 0.047939 0.067810 0.042535
0 0.887148 0.051729 0.067810 0.042535
0 0.808034 0.107285 0.067810 0.042535
0 0.377057 0.419150 0.067810 0.042535
0 0.392201 0.449453 0.067810 0.042535
0 0.334961 0.449453 0.067810 0.042535
0 0.324857 0.427988 0.067810 0.042535
0 0.011732 0.472187 0.067810 0.042535
0 0.042031 0.501221 0.067810 0.042535
0 0.648099 0.729756 0.067810 0.042535
0 0.914089 0.633799 0.067810 0.042535