0 0.374750 0.420150 0.042824 0.070312
0 0.413133 0.633800 0.042824 0.070312
0 0.376767 0.683800 0.042824 0.070312
0 0.457000 0.674750 0.042824 0.070312
0 0.488883 0.632275 0.042824 0.070312
0 0.534350 0.668625 0.042824 0.070312
0 0.505050 0.709550 0.042824 0.070312
0 0.553533 0.738325 0.042824 0.070312
0 0.526267 0.794400 0.042824 0.070312
0 0.473733 0.761050 0.042824 0.070312
0 0.427267 0.721675 0.042824 0.070312
0 0.392933 0.767125 0.042824 0.070312
0 0.438383 0.808025 0.042824 0.070312
0 0.400000 0.870150 0.042824 0.070312
0 0.493933 0.848950 0.042824 0.070312
0 0.454550 0.911050 0.042824 0.070312
0 0.545450 0.889850 0.042824 0.070312
0 0.578783 0.827725 0.042824 0.070312
0 0.513133 0.951975 0.042824 0.070312
0 0.597983 0.932275 0.042824 0.070312
0 0.569900 0.982275 0.042824 0.070312
0 0.475250 0.992725 0.042824 0.070312
0 0.682833 0.962275 0.042824 0.070312
0 0.701117 0.906525 0.042824 0.070312
0 0.652017 0.874850 0.042824 0.070312
0 0.626067 0.799100 0.042824 0.070312
0 0.605750 0.723325 0.042824 0.070312
0 0.587467 0.652875 0.042824 0.070312
0 0.614167 0.620250 0.042824 0.070312
0 0.675150 0.607575 0.042824 0.070312
0 0.655550 0.642425 0.042824 0.070312
0 0.629600 0.678175 0.042824 0.070312
0 0.716567 0.633950 0.042824 0.070312
0 0.696167 0.666525 0.042824 0.070312
0 0.675150 0.704400 0.042824 0.070312
0 0.653433 0.748625 0.042824 0.070312
0 0.741117 0.696050 0.042824 0.070312
0 0.717267 0.727575 0.042824 0.070312
0 0.697583 0.771825 0.042824 0.070312
0 0.675867 0.824400 0.042824 0.070312
0 0.724250 0.848625 0.042824 0.070312
0 0.745250 0.803325 0.042824 0.070312
0 0.767067 0.759100 0.042824 0.070312
0 0.797883 0.832875 0.042824 0.070312
0 0.781117 0.880150 0.042824 0.070312
0 0.752317 0.941200 0.042824 0.070312
0 0.825967 0.906525 0.042824 0.070312