0 0.272813 0.977392 0.048828 0.049479
0 0.359178 0.934954 0.048828 0.049479
0 0.445544 0.881929 0.048828 0.049479
0 0.496678 0.818287 0.048828 0.049479
0 0.477361 0.718287 0.048828 0.049479
0 0.419398 0.789506 0.048828 0.049479
0 0.351215 0.850108 0.048828 0.049479
0 0.248947 0.887994 0.048828 0.049479
0 0.204630 0.989506 0.048828 0.049479
0 0.154630 0.915262 0.048828 0.049479
0 0.095544 0.862238 0.048828 0.049479
0 0.071678 0.787994 0.048828 0.049479
0 0.142130 0.771327 0.048828 0.049479
0 0.086447 0.700108 0.048828 0.049479
0 0.160312 0.678904 0.048828 0.049479
0 0.172812 0.600108 0.048828 0.049479
0 0.178495 0.559198 0.048828 0.049479
0 0.231898 0.569815 0.048828 0.049479
0 0.293264 0.575864 0.048828 0.049479
0 0.238715 0.644059 0.048828 0.049479
0 0.323947 0.642531 0.048828 0.049479
0 0.360312 0.681929 0.048828 0.049479
0 0.417130 0.683441 0.048828 0.049479
0 0.422812 0.730417 0.048828 0.049479
0 0.351215 0.792531 0.048828 0.049479
0 0.284178 0.777392 0.048828 0.049479
0 0.205764 0.821327 0.048828 0.049479
0 0.243264 0.754660 0.048828 0.049479
0 0.281898 0.686481 0.048828 0.049479
0 0.463715 0.651620 0.048828 0.049479
0 0.483044 0.603148 0.048828 0.049479
0 0.518264 0.569815 0.048828 0.049479
0 0.531898 0.627392 0.048828 0.049479
0 0.601215 0.609198 0.048828 0.049479
0 0.570544 0.630417 0.048828 0.049479
0 0.580764 0.609198 0.048828 0.049479
0 0.630764 0.569815 0.048828 0.049479
0 0.609178 0.522840 0.048828 0.049479
0 0.561447 0.521327 0.048828 0.049479
0 0.519398 0.522840 0.048828 0.049479
0 0.495544 0.487994 0.048828 0.049479
0 0.419398 0.484954 0.048828 0.049479
0 0.445544 0.518287 0.048828 0.049479
0 0.381898 0.506173 0.048828 0.049479
0 0.436447 0.550108 0.048828 0.049479
0 0.406898 0.574352 0.048828 0.049479
0 0.480764 0.563750 0.048828 0.049479
0 0.468264 0.547083 0.048828 0.049479
0 0.554630 0.572840 0.048828 0.049479
0 0.585312 0.563750 0.048828 0.049479
0 0.600081 0.574352 0.048828 0.049479
0 0.075081 0.216775 0.048828 0.049479
0 0.101215 0.239506 0.048828 0.049479
0 0.111447 0.289506 0.048828 0.049479
0 0.183044 0.321327 0.048828 0.049479
0 0.248947 0.334954 0.048828 0.049479
0 0.290995 0.287994 0.048828 0.049479
0 0.344398 0.278904 0.048828 0.049479
0 0.327361 0.231929 0.048828 0.049479
0 0.280764 0.218287 0.048828 0.049479
0 0.220544 0.257685 0.048828 0.049479
0 0.233044 0.191019 0.048828 0.049479
0 0.187581 0.222840 0.048828 0.049479
0 0.154630 0.257685 0.048828 0.049479
0 0.137581 0.189506 0.048828 0.049479
0 0.740995 0.491019 0.048828 0.049479
0 0.694398 0.497083 0.048828 0.049479
0 0.651215 0.491019 0.048828 0.049479
0 0.617130 0.469815 0.048828 0.049479
0 0.587581 0.428904 0.048828 0.049479
0 0.568264 0.377392 0.048828 0.049479
0 0.608044 0.389506 0.048828 0.049479
0 0.631898 0.430417 0.048828 0.049479
0 0.661447 0.392531 0.048828 0.049479
0 0.667130 0.454660 0.048828 0.049479
0 0.706898 0.466775 0.048828 0.049479
0 0.713715 0.421327 0.048828 0.049479
0 0.729630 0.375864 0.048828 0.049479
0 0.697812 0.362238 0.048828 0.049479
0 0.669398 0.357685 0.048828 0.049479
0 0.642130 0.375864 0.048828 0.049479
0 0.768264 0.415262 0.048828 0.049479
0 0.787581 0.480417 0.048828 0.049479
0 0.747812 0.453148 0.048828 0.049479
0 0.813715 0.491019 0.048828 0.049479
0 0.833044 0.465262 0.048828 0.049479
0 0.848947 0.433441 0.048828 0.049479
0 0.806898 0.430417 0.048828 0.049479
0 0.823947 0.386481 0.048828 0.049479
0 0.850081 0.375864 0.048828 0.049479
0 0.827361 0.344059 0.048828 0.049479
0 0.781898 0.337994 0.048828 0.049479
0 0.730764 0.316775 0.048828 0.049479
0 0.752361 0.357685 0.048828 0.049479
0 0.789861 0.381929 0.048828 0.049479
0 0.973947 0.304660 0.048828 0.049479
0 0.954630 0.316775 0.048828 0.049479
0 0.925081 0.283441 0.048828 0.049479
0 0.973947 0.280417 0.048828 0.049479
0 0.968264 0.253148 0.048828 0.049479
0 0.958044 0.245571 0.048828 0.049479
0 0.960313 0.230417 0.048828 0.049479
0 0.943264 0.227392 0.048828 0.049479
0 0.931898 0.215262 0.048828 0.049479
0 0.918264 0.230417 0.048828 0.049479
0 0.889861 0.224352 0.048828 0.049479
0 0.888715 0.237994 0.048828 0.049479
0 0.871678 0.244059 0.048828 0.049479
0 0.905764 0.254660 0.048828 0.049479
0 0.887581 0.256173 0.048828 0.049479
0 0.934178 0.251620 0.048828 0.049479
0 0.950081 0.271327 0.048828 0.049479
0 0.994398 0.275864 0.048828 0.049479
0 0.990995 0.297083 0.048828 0.049479
0 0.992130 0.253148 0.048828 0.049479
0 0.934178 0.310725 0.048828 0.049479
0 0.948947 0.295571 0.048828 0.049479
0 0.896678 0.345571 0.048828 0.049479
0 0.913715 0.319815 0.048828 0.049479
0 0.903495 0.284954 0.048828 0.049479
0 0.883044 0.307685 0.048828 0.049479
0 0.864861 0.327392 0.048828 0.049479
0 0.873947 0.356173 0.048828 0.049479
0 0.845544 0.306173 0.048828 0.049479
0 0.869398 0.281929 0.048828 0.049479
0 0.827361 0.271327 0.048828 0.049479
0 0.820544 0.300108 0.048828 0.049479
0 0.798947 0.297083 0.048828 0.049479
0 0.803495 0.275864 0.048828 0.049479
0 0.778495 0.286481 0.048828 0.049479
0 0.776215 0.307685 0.048828 0.049479
0 0.813715 0.316775 0.048828 0.049479
0 0.437581 0.245571 0.048828 0.049479
0 0.378495 0.209198 0.048828 0.049479
0 0.329630 0.172840 0.048828 0.049479
0 0.342130 0.136481 0.048828 0.049479
0 0.392130 0.156173 0.048828 0.049479
0 0.423947 0.137994 0.048828 0.049479
0 0.467130 0.169815 0.048828 0.049479
0 0.455764 0.204660 0.048828 0.049479
0 0.423947 0.197083 0.048828 0.049479
0 0.489861 0.198596 0.048828 0.049479
0 0.484178 0.265262 0.048828 0.049479
0 0.520544 0.263750 0.048828 0.049479
0 0.533044 0.224352 0.048828 0.049479
0 0.576215 0.165262 0.048828 0.049479
0 0.544398 0.156173 0.048828 0.049479
0 0.619398 0.165262 0.048828 0.049479
0 0.608044 0.197083 0.048828 0.049479
0 0.654630 0.180417 0.048828 0.049479
0 0.637581 0.204660 0.048828 0.049479
0 0.742130 0.194059 0.048828 0.049479
0 0.762581 0.198596 0.048828 0.049479
0 0.764861 0.181929 0.048828 0.049479
0 0.733044 0.163750 0.048828 0.049479
0 0.713715 0.181929 0.048828 0.049479
0 0.708044 0.150108 0.048828 0.049479
0 0.681898 0.159198 0.048828 0.049479
0 0.671678 0.131929 0.048828 0.049479
0 0.690995 0.121327 0.048828 0.049479
0 0.713715 0.130417 0.048828 0.049479
0 0.648947 0.134954 0.048828 0.049479
0 0.810312 0.178904 0.048828 0.049479
0 0.783044 0.168287 0.048828 0.049479
0 0.770544 0.141019 0.048828 0.049479
0 0.755764 0.151620 0.048828 0.049479
0 0.735312 0.131929 0.048828 0.049479
0 0.760312 0.119815 0.048828 0.049479
0 0.747812 0.098596 0.048828 0.049479
0 0.720544 0.092531 0.048828 0.049479
0 0.715995 0.112238 0.048828 0.049479
0 0.836447 0.169815 0.048828 0.049479
0 0.858044 0.160725 0.048828 0.049479
0 0.886447 0.154660 0.048828 0.049479
0 0.859178 0.137994 0.048828 0.049479
0 0.856898 0.122840 0.048828 0.049479
0 0.840995 0.131929 0.048828 0.049479
0 0.831898 0.139506 0.048828 0.049479
0 0.835313 0.151620 0.048828 0.049479
0 0.800081 0.127392 0.048828 0.049479
0 0.819398 0.115262 0.048828 0.049479
0 0.829630 0.122840 0.048828 0.049479
0 0.831898 0.109198 0.048828 0.049479
0 0.810312 0.104660 0.048828 0.049479
0 0.813715 0.157685 0.048828 0.049479
0 0.881898 0.128904 0.048828 0.049479
0 0.913715 0.148596 0.048828 0.049479
0 0.906898 0.133441 0.048828 0.049479
0 0.897813 0.122840 0.048828 0.049479
0 0.878495 0.107685 0.048828 0.049479
0 0.897813 0.142531 0.048828 0.049479
0 0.995544 0.212238 0.048828 0.049479
0 0.972812 0.216775 0.048828 0.049479
0 0.983044 0.231929 0.048828 0.049479
0 0.958044 0.213750 0.048828 0.049479