0 0.338692 0.312174 0.022135 0.033854
0 0.345923 0.318308 0.022135 0.033854
0 0.354477 0.324451 0.022135 0.033854
0 0.363023 0.331467 0.022135 0.033854
0 0.370915 0.338482 0.022135 0.033854
0 0.380123 0.346369 0.022135 0.033854
0 0.386700 0.351631 0.022135 0.033854
0 0.393931 0.358646 0.022135 0.033854
0 0.405115 0.364779 0.022135 0.033854
0 0.411031 0.370041 0.022135 0.033854
0 0.418923 0.377056 0.022135 0.033854
0 0.428785 0.384954 0.022135 0.033854
0 0.436023 0.390215 0.022135 0.033854
0 0.444569 0.395477 0.022135 0.033854
0 0.452462 0.402492 0.022135 0.033854
0 0.461669 0.407744 0.022135 0.033854
0 0.470877 0.415641 0.022135 0.033854
0 0.477446 0.421774 0.022135 0.033854
0 0.486000 0.427918 0.022135 0.033854
0 0.493892 0.434933 0.022135 0.033854
0 0.501123 0.441949 0.022135 0.033854
0 0.509669 0.448082 0.022135 0.033854
0 0.517562 0.452462 0.022135 0.033854
0 0.525454 0.459477 0.022135 0.033854
0 0.534662 0.466492 0.022135 0.033854
0 0.542554 0.472636 0.022135 0.033854
0 0.551762 0.478769 0.022135 0.033854
0 0.560308 0.485785 0.022135 0.033854
0 0.567546 0.491046 0.022135 0.033854
0 0.576746 0.499815 0.022135 0.033854
0 0.584638 0.505077 0.022135 0.033854
0 0.593846 0.508585 0.022135 0.033854
0 0.604369 0.512092 0.022135 0.033854
0 0.612262 0.519108 0.022135 0.033854
0 0.619492 0.526123 0.022135 0.033854
0 0.628046 0.532256 0.022135 0.033854
0 0.636592 0.537518 0.022135 0.033854
0 0.646454 0.541897 0.022135 0.033854
0 0.654346 0.550667 0.022135 0.033854
0 0.660269 0.557682 0.022135 0.033854
0 0.668815 0.564697 0.022135 0.033854
0 0.678677 0.571713 0.022135 0.033854
0 0.685915 0.578728 0.022135 0.033854
0 0.695777 0.583118 0.022135 0.033854
0 0.704331 0.589251 0.022135 0.033854
0 0.710908 0.596267 0.022135 0.033854
0 0.720108 0.600646 0.022135 0.033854
0 0.728662 0.606790 0.022135 0.033854
0 0.737869 0.613805 0.022135 0.033854
0 0.745754 0.622574 0.022135 0.033854
0 0.286085 0.706749 0.022135 0.033854
0 0.290031 0.701487 0.022135 0.033854
0 0.295946 0.695344 0.022135 0.033854
0 0.301208 0.688328 0.022135 0.033854
0 0.308438 0.680441 0.022135 0.033854
0 0.312385 0.673426 0.022135 0.033854
0 0.317646 0.668164 0.022135 0.033854
0 0.322908 0.662903 0.022135 0.033854
0 0.325538 0.658523 0.022135 0.033854
0 0.331462 0.652379 0.022135 0.033854
0 0.333431 0.647118 0.022135 0.033854
0 0.339346 0.640985 0.022135 0.033854
0 0.340662 0.636595 0.022135 0.033854
0 0.345923 0.630462 0.022135 0.033854
0 0.348554 0.623446 0.022135 0.033854
0 0.351846 0.619938 0.022135 0.033854
0 0.355131 0.613805 0.022135 0.033854
0 0.359738 0.605908 0.022135 0.033854
0 0.363023 0.599774 0.022135 0.033854
0 0.365000 0.594513 0.022135 0.033854