0 0.206380 0.698080 0.031250 0.022569
0 0.218560 0.687920 0.031250 0.022569
0 0.229220 0.681840 0.031250 0.022569
0 0.240880 0.674220 0.031250 0.022569
0 0.250020 0.664580 0.031250 0.022569
0 0.258640 0.658500 0.031250 0.022569
0 0.270320 0.650380 0.031250 0.022569
0 0.279440 0.643260 0.031250 0.022569
0 0.290620 0.634140 0.031250 0.022569
0 0.300760 0.626020 0.031250 0.022569
0 0.311920 0.619920 0.031250 0.022569
0 0.325120 0.612820 0.031250 0.022569
0 0.331720 0.605720 0.031250 0.022569
0 0.343380 0.597100 0.031250 0.022569
0 0.354540 0.589980 0.031250 0.022569
0 0.366720 0.582380 0.031250 0.022569
0 0.377880 0.576280 0.031250 0.022569
0 0.390060 0.569180 0.031250 0.022569
0 0.400720 0.564120 0.031250 0.022569
0 0.410360 0.556500 0.031250 0.022569
0 0.421520 0.547880 0.031250 0.022569
0 0.432680 0.541280 0.031250 0.022569
0 0.441820 0.535180 0.031250 0.022569
0 0.452480 0.528600 0.031250 0.022569
0 0.464660 0.521480 0.031250 0.022569
0 0.475320 0.514900 0.031250 0.022569
0 0.484440 0.506260 0.031250 0.022569
0 0.492060 0.500680 0.031250 0.022569
0 0.501700 0.492560 0.031250 0.022569
0 0.511840 0.484440 0.031250 0.022569
0 0.521480 0.477340 0.031250 0.022569
0 0.530620 0.469220 0.031250 0.022569
0 0.541780 0.463640 0.031250 0.022569
0 0.548880 0.456020 0.031250 0.022569
0 0.559040 0.448420 0.031250 0.022569
0 0.567160 0.440800 0.031250 0.022569
0 0.573240 0.434720 0.031250 0.022569
0 0.581880 0.427100 0.031250 0.022569
0 0.592020 0.418480 0.031250 0.022569
0 0.600140 0.412900 0.031250 0.022569
0 0.607740 0.406300 0.031250 0.022569
0 0.617900 0.397680 0.031250 0.022569
0 0.626520 0.392100 0.031250 0.022569
0 0.637180 0.385500 0.031250 0.022569
0 0.645800 0.378900 0.031250 0.022569
0 0.655440 0.372300 0.031250 0.022569
0 0.666600 0.365700 0.031250 0.022569
0 0.676760 0.359620 0.031250 0.022569
0 0.686900 0.353020 0.031250 0.022569
0 0.695540 0.346940 0.031250 0.022569
0 0.703660 0.340840 0.031250 0.022569
0 0.712280 0.334760 0.031250 0.022569
0 0.721920 0.327140 0.031250 0.022569
0 0.729520 0.322080 0.031250 0.022569
0 0.738160 0.315480 0.031250 0.022569
0 0.747800 0.309380 0.031250 0.022569
0 0.757940 0.303300 0.031250 0.022569
0 0.766060 0.298220 0.031250 0.022569
0 0.773160 0.290100 0.031250 0.022569