0 0.073650 0.009452 0.104432 0.058160
0 0.168050 0.014000 0.104432 0.058160
0 0.262433 0.009452 0.104432 0.058160
0 0.360017 0.015524 0.104432 0.058160
0 0.454417 0.012500 0.104432 0.058160
0 0.549867 0.014000 0.104432 0.058160
0 0.642133 0.010976 0.104432 0.058160
0 0.738650 0.014000 0.104432 0.058160
0 0.828800 0.014000 0.104432 0.058160
0 0.922133 0.015524 0.104432 0.058160
0 0.988950 0.014000 0.104432 0.058160
0 0.970917 0.059452 0.104432 0.058160
0 0.878650 0.057952 0.104432 0.058160
0 0.786383 0.056429 0.104432 0.058160
0 0.690917 0.056429 0.104432 0.058160
0 0.597583 0.053405 0.104432 0.058160
0 0.496833 0.054905 0.104432 0.058160
0 0.406683 0.053405 0.104432 0.058160
0 0.309100 0.053405 0.104432 0.058160
0 0.217900 0.051881 0.104432 0.058160
0 0.116083 0.053405 0.104432 0.058160
0 0.029100 0.051881 0.104432 0.058160
0 0.008950 0.104905 0.104432 0.058160
0 0.007900 0.200357 0.104432 0.058160
0 0.075767 0.103405 0.104432 0.058160
0 0.169100 0.100357 0.104432 0.058160
0 0.264567 0.103405 0.104432 0.058160
0 0.361083 0.100357 0.104432 0.058160
0 0.453350 0.098857 0.104432 0.058160
0 0.545617 0.103405 0.104432 0.058160
0 0.644250 0.104905 0.104432 0.058160
0 0.738650 0.106429 0.104432 0.058160
0 0.830917 0.103405 0.104432 0.058160
0 0.924250 0.104905 0.104432 0.058160
0 0.984717 0.106429 0.104432 0.058160
0 0.966683 0.157952 0.104432 0.058160
0 0.878650 0.154905 0.104432 0.058160
0 0.784250 0.154905 0.104432 0.058160
0 0.693050 0.154905 0.104432 0.058160
0 0.593350 0.154905 0.104432 0.058160
0 0.500017 0.156429 0.104432 0.058160
0 0.402433 0.147333 0.104432 0.058160
0 0.309100 0.154905 0.104432 0.058160
0 0.211533 0.150357 0.104432 0.058160
0 0.121383 0.148857 0.104432 0.058160
0 0.028050 0.148857 0.104432 0.058160
0 0.070467 0.200357 0.104432 0.058160
0 0.170167 0.198857 0.104432 0.058160
0 0.259250 0.203405 0.104432 0.058160
0 0.363200 0.197333 0.104432 0.058160
0 0.453350 0.201881 0.104432 0.058160
0 0.546683 0.201881 0.104432 0.058160
0 0.647433 0.201881 0.104432 0.058160
0 0.741833 0.197333 0.104432 0.058160
0 0.833050 0.197333 0.104432 0.058160
0 0.923200 0.197333 0.104432 0.058160
0 0.997433 0.201881 0.104432 0.058160
0 0.969867 0.256429 0.104432 0.058160
0 0.879717 0.256429 0.104432 0.058160
0 0.791683 0.247333 0.104432 0.058160
0 0.696233 0.248857 0.104432 0.058160
0 0.597583 0.250357 0.104432 0.058160
0 0.502133 0.251881 0.104432 0.058160
0 0.407750 0.251881 0.104432 0.058160
0 0.313350 0.251881 0.104432 0.058160
0 0.217900 0.247333 0.104432 0.058160
0 0.125617 0.242786 0.104432 0.058160
0 0.029100 0.244310 0.104432 0.058160
0 0.071533 0.294310 0.104432 0.058160
0 0.164867 0.295833 0.104432 0.058160
0 0.266683 0.294310 0.104432 0.058160
0 0.355767 0.294310 0.104432 0.058160
0 0.454417 0.294310 0.104432 0.058160
0 0.550917 0.294310 0.104432 0.058160
0 0.644250 0.292786 0.104432 0.058160
0 0.740767 0.292786 0.104432 0.058160
0 0.831983 0.295833 0.104432 0.058160
0 0.920017 0.294310 0.104432 0.058160
0 0.990017 0.298857 0.104432 0.058160
0 0.970917 0.342786 0.104432 0.058160
0 0.883950 0.344310 0.104432 0.058160
0 0.789567 0.342786 0.104432 0.058160
0 0.689867 0.342786 0.104432 0.058160
0 0.596533 0.341286 0.104432 0.058160
0 0.498950 0.342786 0.104432 0.058160
0 0.395017 0.342786 0.104432 0.058160
0 0.309100 0.344310 0.104432 0.058160
0 0.214717 0.344310 0.104432 0.058160
0 0.116083 0.335214 0.104432 0.058160
0 0.033350 0.339762 0.104432 0.058160
0 0.006833 0.298857 0.104432 0.058160
0 0.007900 0.388238 0.104432 0.058160
0 0.071533 0.383690 0.104432 0.058160
0 0.165917 0.385214 0.104432 0.058160
0 0.264567 0.386738 0.104432 0.058160
0 0.364250 0.388238 0.104432 0.058160
0 0.457583 0.386738 0.104432 0.058160
0 0.556233 0.385214 0.104432 0.058160
0 0.651683 0.386738 0.104432 0.058160
0 0.741833 0.389762 0.104432 0.058160
0 0.835167 0.391286 0.104432 0.058160
0 0.926383 0.394310 0.104432 0.058160
0 0.992133 0.392786 0.104432 0.058160
0 0.970917 0.433690 0.104432 0.058160
0 0.877583 0.438238 0.104432 0.058160
0 0.786383 0.435214 0.104432 0.058160
0 0.684567 0.433690 0.104432 0.058160
0 0.589100 0.435214 0.104432 0.058160
0 0.492583 0.435214 0.104432 0.058160
0 0.405617 0.427643 0.104432 0.058160
0 0.302750 0.433690 0.104432 0.058160
0 0.208350 0.433690 0.104432 0.058160
0 0.115017 0.435214 0.104432 0.058160
0 0.030167 0.433690 0.104432 0.058160
0 0.007900 0.486738 0.104432 0.058160
0 0.073650 0.482190 0.104432 0.058160
0 0.170167 0.476119 0.104432 0.058160
0 0.275167 0.474619 0.104432 0.058160
0 0.369567 0.479167 0.104432 0.058160
0 0.462900 0.477643 0.104432 0.058160
0 0.554100 0.480667 0.104432 0.058160
0 0.650617 0.482190 0.104432 0.058160
0 0.741833 0.480667 0.104432 0.058160
0 0.835167 0.477643 0.104432 0.058160
0 0.924250 0.482190 0.104432 0.058160
0 0.993200 0.482190 0.104432 0.058160
0 0.965617 0.529167 0.104432 0.058160
0 0.871233 0.530667 0.104432 0.058160
0 0.775767 0.529167 0.104432 0.058160
0 0.681383 0.530667 0.104432 0.058160
0 0.592283 0.529167 0.104432 0.058160
0 0.498950 0.530667 0.104432 0.058160
0 0.401383 0.529167 0.104432 0.058160
0 0.309100 0.529167 0.104432 0.058160
0 0.211533 0.527643 0.104432 0.058160
0 0.122433 0.527643 0.104432 0.058160
0 0.029100 0.527643 0.104432 0.058160
0 0.011083 0.571571 0.104432 0.058160
0 0.075767 0.574619 0.104432 0.058160
0 0.168050 0.576119 0.104432 0.058160
0 0.263500 0.573095 0.104432 0.058160
0 0.353650 0.579167 0.104432 0.058160
0 0.446983 0.577643 0.104432 0.058160
0 0.555167 0.577643 0.104432 0.058160
0 0.644250 0.577643 0.104432 0.058160
0 0.737583 0.579167 0.104432 0.058160
0 0.839417 0.582190 0.104432 0.058160
0 0.934867 0.579167 0.104432 0.058160
0 0.990017 0.579167 0.104432 0.058160
0 0.966683 0.627643 0.104432 0.058160
0 0.871233 0.627643 0.104432 0.058160
0 0.774717 0.627643 0.104432 0.058160
0 0.678200 0.626119 0.104432 0.058160
0 0.592283 0.626119 0.104432 0.058160
0 0.492583 0.626119 0.104432 0.058160
0 0.401383 0.624619 0.104432 0.058160
0 0.300617 0.624619 0.104432 0.058160
0 0.207283 0.627643 0.104432 0.058160
0 0.121383 0.624619 0.104432 0.058160
0 0.025917 0.617024 0.104432 0.058160
0 0.010017 0.668548 0.104432 0.058160
0 0.078950 0.670071 0.104432 0.058160
0 0.169100 0.673095 0.104432 0.058160
0 0.265617 0.670071 0.104432 0.058160
0 0.362133 0.673095 0.104432 0.058160
0 0.454417 0.670071 0.104432 0.058160
0 0.553050 0.671571 0.104432 0.058160
0 0.643200 0.671571 0.104432 0.058160
0 0.735467 0.670071 0.104432 0.058160
0 0.831983 0.670071 0.104432 0.058160
0 0.921083 0.670071 0.104432 0.058160
0 0.988950 0.670071 0.104432 0.058160
0 0.963500 0.714000 0.104432 0.058160
0 0.877583 0.710976 0.104432 0.058160
0 0.783200 0.718548 0.104432 0.058160
0 0.681383 0.718548 0.104432 0.058160
0 0.597583 0.717024 0.104432 0.058160
0 0.495767 0.718548 0.104432 0.058160
0 0.406683 0.717024 0.104432 0.058160
0 0.312283 0.720071 0.104432 0.058160
0 0.220017 0.718548 0.104432 0.058160
0 0.123500 0.714000 0.104432 0.058160
0 0.023800 0.712500 0.104432 0.058160
0 0.007900 0.765524 0.104432 0.058160
0 0.082133 0.765524 0.104432 0.058160
0 0.175467 0.767024 0.104432 0.058160
0 0.273050 0.764000 0.104432 0.058160
0 0.363200 0.768548 0.104432 0.058160
0 0.450167 0.767024 0.104432 0.058160
0 0.546683 0.765524 0.104432 0.058160
0 0.642133 0.764000 0.104432 0.058160
0 0.737583 0.764000 0.104432 0.058160
0 0.824567 0.760976 0.104432 0.058160
0 0.920017 0.760976 0.104432 0.058160
0 0.983650 0.760976 0.104432 0.058160
0 0.960317 0.807952 0.104432 0.058160
0 0.869100 0.810976 0.104432 0.058160
0 0.773650 0.809452 0.104432 0.058160
0 0.678200 0.810976 0.104432 0.058160
0 0.590167 0.810976 0.104432 0.058160
0 0.493650 0.809452 0.104432 0.058160
0 0.403500 0.810976 0.104432 0.058160
0 0.310167 0.810976 0.104432 0.058160
0 0.220017 0.812500 0.104432 0.058160
0 0.122433 0.803405 0.104432 0.058160
0 0.033350 0.801881 0.104432 0.058160
0 0.012133 0.857952 0.104432 0.058160
0 0.029100 0.907952 0.104432 0.058160
0 0.080017 0.854905 0.104432 0.058160
0 0.125617 0.901881 0.104432 0.058160
0 0.172283 0.859452 0.104432 0.058160
0 0.220017 0.901881 0.104432 0.058160
0 0.266683 0.857952 0.104432 0.058160
0 0.310167 0.906429 0.104432 0.058160
0 0.354717 0.857952 0.104432 0.058160
0 0.410917 0.909452 0.104432 0.058160
0 0.453350 0.864000 0.104432 0.058160
0 0.504250 0.906429 0.104432 0.058160
0 0.542433 0.859452 0.104432 0.058160
0 0.597583 0.904905 0.104432 0.058160
0 0.635767 0.857952 0.104432 0.058160
0 0.682433 0.906429 0.104432 0.058160
0 0.732283 0.859452 0.104432 0.058160
0 0.784250 0.904905 0.104432 0.058160
0 0.820317 0.859452 0.104432 0.058160
0 0.876533 0.906429 0.104432 0.058160
0 0.907283 0.857952 0.104432 0.058160
0 0.966683 0.906429 0.104432 0.058160
0 0.985767 0.857952 0.104432 0.058160
0 0.983650 0.938238 0.104432 0.058160
0 0.078600 0.945833 0.104432 0.058160
0 0.170733 0.941976 0.104432 0.058160
0 0.263767 0.940667 0.104432 0.058160
0 0.356800 0.940667 0.104432 0.058160
0 0.445317 0.939381 0.104432 0.058160
0 0.540150 0.940667 0.104432 0.058160
0 0.633183 0.936810 0.104432 0.058160
0 0.733433 0.938095 0.104432 0.058160
0 0.821950 0.936810 0.104432 0.058160
0 0.903250 0.936810 0.104432 0.058160