0 0.513125 0.662259 0.064787 0.122396
0 0.412187 0.702829 0.064787 0.122396
0 0.445838 0.542346 0.064787 0.122396
0 0.364863 0.581075 0.064787 0.122396
0 0.376437 0.726820 0.064787 0.122396
0 0.329113 0.649342 0.064787 0.122396
0 0.312288 0.499912 0.064787 0.122396
0 0.247100 0.507281 0.064787 0.122396
0 0.261813 0.581075 0.064787 0.122396
0 0.268125 0.389232 0.064787 0.122396
0 0.278638 0.306206 0.064787 0.122396
0 0.370125 0.380000 0.064787 0.122396
0 0.414288 0.427961 0.064787 0.122396
0 0.360662 0.474079 0.064787 0.122396
0 0.534162 0.536798 0.064787 0.122396
0 0.484737 0.558947 0.064787 0.122396
0 0.578325 0.675175 0.064787 0.122396
0 0.633000 0.643816 0.064787 0.122396
0 0.660350 0.588465 0.064787 0.122396
0 0.645625 0.483311 0.064787 0.122396
0 0.597250 0.538662 0.064787 0.122396
0 0.599350 0.431645 0.064787 0.122396
0 0.597250 0.365241 0.064787 0.122396
0 0.662450 0.394759 0.064787 0.122396
0 0.631950 0.298838 0.064787 0.122396
0 0.574125 0.247171 0.064787 0.122396
0 0.545725 0.293289 0.064787 0.122396
0 0.536262 0.400285 0.064787 0.122396
0 0.488950 0.435351 0.064787 0.122396
0 0.473175 0.289605 0.064787 0.122396
0 0.491050 0.195526 0.064787 0.122396
0 0.470012 0.125417 0.064787 0.122396
0 0.424800 0.079298 0.064787 0.122396
0 0.402725 0.154934 0.064787 0.122396
0 0.361712 0.210285 0.064787 0.122396
0 0.307038 0.258246 0.064787 0.122396
0 0.529950 0.191842 0.064787 0.122396
0 0.413237 0.317281 0.064787 0.122396