0 0.967378 0.013889 0.089444 0.047743
0 0.882400 0.012500 0.089444 0.047743
0 0.810689 0.013889 0.089444 0.047743
0 0.715089 0.015278 0.089444 0.047743
0 0.603556 0.018021 0.089444 0.047743
0 0.546022 0.018021 0.089444 0.047743
0 0.449533 0.018021 0.089444 0.047743
0 0.361889 0.013889 0.089444 0.047743
0 0.274267 0.013889 0.089444 0.047743
0 0.182200 0.015278 0.089444 0.047743
0 0.103422 0.023576 0.089444 0.047743
0 0.024644 0.015278 0.089444 0.047743
0 0.035267 0.062292 0.089444 0.047743
0 0.117578 0.062292 0.089444 0.047743
0 0.212311 0.058125 0.089444 0.047743
0 0.302600 0.052604 0.089444 0.047743
0 0.396422 0.052604 0.089444 0.047743
0 0.468133 0.052604 0.089444 0.047743
0 0.553111 0.052604 0.089444 0.047743
0 0.641622 0.052604 0.089444 0.047743
0 0.739889 0.048472 0.089444 0.047743
0 0.828400 0.048472 0.089444 0.047743
0 0.915156 0.051215 0.089444 0.047743
0 0.985956 0.042917 0.089444 0.047743
0 0.984200 0.091319 0.089444 0.047743
0 0.890356 0.096875 0.089444 0.047743
0 0.805378 0.092708 0.089444 0.047743
0 0.706244 0.092708 0.089444 0.047743
0 0.614178 0.092708 0.089444 0.047743
0 0.530978 0.092708 0.089444 0.047743
0 0.453956 0.091319 0.089444 0.047743
0 0.347733 0.101007 0.089444 0.047743
0 0.268956 0.106563 0.089444 0.047743
0 0.183978 0.107917 0.089444 0.047743
0 0.088378 0.103785 0.089444 0.047743
0 0.014022 0.107917 0.089444 0.047743
0 0.025533 0.148056 0.089444 0.047743
0 0.113156 0.148056 0.089444 0.047743
0 0.183978 0.150799 0.089444 0.047743
0 0.291978 0.146667 0.089444 0.047743
0 0.384022 0.145278 0.089444 0.047743
0 0.476089 0.145278 0.089444 0.047743
0 0.570800 0.148056 0.089444 0.047743
0 0.644289 0.146667 0.089444 0.047743
0 0.740756 0.141111 0.089444 0.047743
0 0.839911 0.141111 0.089444 0.047743
0 0.918689 0.141111 0.089444 0.047743
0 0.988622 0.141111 0.089444 0.047743
0 0.980644 0.185382 0.089444 0.047743
0 0.909844 0.195069 0.089444 0.047743
0 0.815111 0.179861 0.089444 0.047743
0 0.719511 0.189549 0.089444 0.047743
0 0.633667 0.185382 0.089444 0.047743
0 0.545133 0.185382 0.089444 0.047743
0 0.450422 0.185382 0.089444 0.047743
0 0.348622 0.189549 0.089444 0.047743
0 0.290200 0.189549 0.089444 0.047743
0 0.184867 0.195069 0.089444 0.047743
0 0.107844 0.190903 0.089444 0.047743
0 0.018444 0.196458 0.089444 0.047743
0 0.029956 0.235174 0.089444 0.047743
0 0.107844 0.229653 0.089444 0.047743
0 0.199911 0.231042 0.089444 0.047743
0 0.290200 0.235174 0.089444 0.047743
0 0.392889 0.228264 0.089444 0.047743
0 0.464578 0.224097 0.089444 0.047743
0 0.555756 0.225486 0.089444 0.047743
0 0.667289 0.240694 0.089444 0.047743
0 0.747844 0.233785 0.089444 0.047743
0 0.832822 0.229653 0.089444 0.047743
0 0.909844 0.231042 0.089444 0.047743
0 0.991267 0.231042 0.089444 0.047743
0 0.977111 0.273889 0.089444 0.047743
0 0.896556 0.272535 0.089444 0.047743
0 0.790333 0.272535 0.089444 0.047743
0 0.715089 0.272535 0.089444 0.047743
0 0.613289 0.272535 0.089444 0.047743
0 0.522111 0.275278 0.089444 0.047743
0 0.429178 0.278056 0.089444 0.047743
0 0.341533 0.283576 0.089444 0.047743
0 0.265422 0.275278 0.089444 0.047743
0 0.171578 0.275278 0.089444 0.047743
0 0.092800 0.279444 0.089444 0.047743
0 0.015778 0.279444 0.089444 0.047743
0 0.028178 0.323681 0.089444 0.047743
0 0.109622 0.319549 0.089444 0.047743
0 0.209644 0.318160 0.089444 0.047743
0 0.286667 0.318160 0.089444 0.047743
0 0.386689 0.323681 0.089444 0.047743
0 0.483178 0.322326 0.089444 0.047743
0 0.570800 0.318160 0.089444 0.047743
0 0.656667 0.316771 0.089444 0.047743
0 0.741644 0.316771 0.089444 0.047743
0 0.839911 0.314028 0.089444 0.047743
0 0.910733 0.311250 0.089444 0.047743
0 0.989511 0.311250 0.089444 0.047743
0 0.964711 0.358264 0.089444 0.047743
0 0.895667 0.367951 0.089444 0.047743
0 0.793867 0.367951 0.089444 0.047743
0 0.712444 0.356910 0.089444 0.047743
0 0.620378 0.356910 0.089444 0.047743
0 0.528311 0.351354 0.089444 0.047743
0 0.440689 0.363819 0.089444 0.047743
0 0.362778 0.363819 0.089444 0.047743
0 0.284000 0.361042 0.089444 0.047743
0 0.189289 0.363819 0.089444 0.047743
0 0.111378 0.363819 0.089444 0.047743
0 0.029956 0.356910 0.089444 0.047743
0 0.029956 0.405312 0.089444 0.047743
0 0.103422 0.405312 0.089444 0.047743
0 0.198133 0.406701 0.089444 0.047743
0 0.287533 0.402535 0.089444 0.047743
0 0.366333 0.401146 0.089444 0.047743
0 0.451311 0.401146 0.089444 0.047743
0 0.553978 0.401146 0.089444 0.047743
0 0.628356 0.401146 0.089444 0.047743
0 0.716867 0.401146 0.089444 0.047743
0 0.816000 0.397014 0.089444 0.047743
0 0.893022 0.397014 0.089444 0.047743
0 0.971800 0.391458 0.089444 0.047743
0 0.977111 0.439896 0.089444 0.047743
0 0.871778 0.441250 0.089444 0.047743
0 0.777067 0.441250 0.089444 0.047743
0 0.684111 0.441250 0.089444 0.047743
0 0.612422 0.441250 0.089444 0.047743
0 0.506178 0.445417 0.089444 0.047743
0 0.430067 0.441250 0.089444 0.047743
0 0.344200 0.446806 0.089444 0.047743
0 0.237978 0.446806 0.089444 0.047743
0 0.168044 0.446806 0.089444 0.047743
0 0.078644 0.445417 0.089444 0.047743
0 0.014911 0.444028 0.089444 0.047743
0 0.036156 0.489687 0.089444 0.047743
0 0.116689 0.482743 0.089444 0.047743
0 0.191067 0.493819 0.089444 0.047743
0 0.295511 0.485521 0.089444 0.047743
0 0.384022 0.485521 0.089444 0.047743
0 0.457511 0.488299 0.089444 0.047743
0 0.550444 0.484132 0.089444 0.047743
0 0.638978 0.484132 0.089444 0.047743
0 0.725711 0.484132 0.089444 0.047743
0 0.817778 0.484132 0.089444 0.047743
0 0.904533 0.485521 0.089444 0.047743
0 0.980644 0.491042 0.089444 0.047743
0 0.978000 0.521493 0.089444 0.047743
0 0.910733 0.532535 0.089444 0.047743
0 0.804489 0.529792 0.089444 0.047743
0 0.709778 0.529792 0.089444 0.047743
0 0.628356 0.529792 0.089444 0.047743
0 0.543356 0.529792 0.089444 0.047743
0 0.435378 0.529792 0.089444 0.047743
0 0.334467 0.540833 0.089444 0.047743
0 0.255667 0.529792 0.089444 0.047743
0 0.174244 0.533924 0.089444 0.047743
0 0.099889 0.533924 0.089444 0.047743
0 0.018444 0.532535 0.089444 0.047743
0 0.024644 0.571285 0.089444 0.047743
0 0.100756 0.572674 0.089444 0.047743
0 0.191067 0.572674 0.089444 0.047743
0 0.280467 0.576806 0.089444 0.047743
0 0.361889 0.579583 0.089444 0.047743
0 0.453067 0.568507 0.089444 0.047743
0 0.553978 0.567118 0.089444 0.047743
0 0.631889 0.568507 0.089444 0.047743
0 0.723956 0.572674 0.089444 0.047743
0 0.825756 0.572674 0.089444 0.047743
0 0.917800 0.572674 0.089444 0.047743
0 0.987733 0.578194 0.089444 0.047743
0 0.017556 0.616910 0.089444 0.047743
0 0.079511 0.616910 0.089444 0.047743
0 0.153000 0.616910 0.089444 0.047743
0 0.265422 0.622465 0.089444 0.047743
0 0.344200 0.616910 0.089444 0.047743
0 0.440689 0.620660 0.089444 0.047743
0 0.533089 0.620660 0.089444 0.047743
0 0.621267 0.615660 0.089444 0.047743
0 0.699867 0.615660 0.089444 0.047743
0 0.783778 0.615660 0.089444 0.047743
0 0.843267 0.610694 0.089444 0.047743
0 0.920822 0.614028 0.089444 0.047743
0 0.039156 0.667118 0.089444 0.047743
0 0.145378 0.663819 0.089444 0.047743
0 0.219733 0.662153 0.089444 0.047743
0 0.325956 0.663819 0.089444 0.047743
0 0.415178 0.662153 0.089444 0.047743
0 0.503356 0.662153 0.089444 0.047743
0 0.601089 0.667118 0.089444 0.047743
0 0.686067 0.657153 0.089444 0.047743
0 0.789089 0.663819 0.089444 0.047743
0 0.863444 0.662153 0.089444 0.047743
0 0.954800 0.655521 0.089444 0.047743
0 0.966489 0.700312 0.089444 0.047743
0 0.898511 0.703646 0.089444 0.047743
0 0.799711 0.706944 0.089444 0.047743
0 0.714733 0.706944 0.089444 0.047743
0 0.630822 0.708611 0.089444 0.047743
0 0.540533 0.703646 0.089444 0.047743
0 0.444933 0.703646 0.089444 0.047743
0 0.354644 0.703646 0.089444 0.047743
0 0.270733 0.703646 0.089444 0.047743
0 0.173000 0.703646 0.089444 0.047743
0 0.068889 0.701979 0.089444 0.047743
0 0.023222 0.701979 0.089444 0.047743
0 0.034911 0.746806 0.089444 0.047743
0 0.108200 0.743472 0.089444 0.047743
0 0.185756 0.740174 0.089444 0.047743
0 0.272844 0.746806 0.089444 0.047743
0 0.374822 0.746806 0.089444 0.047743
0 0.442800 0.740174 0.089444 0.047743
0 0.533089 0.748472 0.089444 0.047743
0 0.629756 0.750104 0.089444 0.047743
0 0.723244 0.755104 0.089444 0.047743
0 0.805022 0.748472 0.089444 0.047743
0 0.899578 0.748472 0.089444 0.047743
0 0.978178 0.748472 0.089444 0.047743
0 0.975000 0.794931 0.089444 0.047743
0 0.903822 0.799896 0.089444 0.047743
0 0.799711 0.796597 0.089444 0.047743
0 0.710489 0.796597 0.089444 0.047743
0 0.622333 0.794931 0.089444 0.047743
0 0.545844 0.794931 0.089444 0.047743
0 0.436444 0.794931 0.089444 0.047743
0 0.358889 0.794931 0.089444 0.047743
0 0.265422 0.789965 0.089444 0.047743
0 0.171933 0.789965 0.089444 0.047743
0 0.088022 0.786632 0.089444 0.047743
0 0.022156 0.788299 0.089444 0.047743
0 0.023222 0.833090 0.089444 0.047743
0 0.120956 0.834757 0.089444 0.047743
0 0.210178 0.829792 0.089444 0.047743
0 0.289844 0.836424 0.089444 0.047743
0 0.408822 0.834757 0.089444 0.047743
0 0.483178 0.841389 0.089444 0.047743
0 0.592578 0.841389 0.089444 0.047743
0 0.672244 0.836424 0.089444 0.047743
0 0.750867 0.834757 0.089444 0.047743
0 0.857089 0.834757 0.089444 0.047743
0 0.937800 0.834757 0.089444 0.047743
0 0.952689 0.876250 0.089444 0.047743
0 0.886822 0.879583 0.089444 0.047743
0 0.797600 0.879583 0.089444 0.047743
0 0.703067 0.882882 0.089444 0.047743
0 0.634000 0.882882 0.089444 0.047743
0 0.527778 0.882882 0.089444 0.047743
0 0.457689 0.879583 0.089444 0.047743
0 0.355711 0.879583 0.089444 0.047743
0 0.266467 0.881250 0.089444 0.047743
0 0.163444 0.881250 0.089444 0.047743
0 0.090133 0.872951 0.089444 0.047743
0 0.015778 0.872951 0.089444 0.047743
0 0.024289 0.919410 0.089444 0.047743
0 0.102889 0.909444 0.089444 0.047743
0 0.192111 0.919410 0.089444 0.047743
0 0.304711 0.922743 0.089444 0.047743
0 0.374822 0.922743 0.089444 0.047743
0 0.460867 0.922743 0.089444 0.047743
0 0.554333 0.916076 0.089444 0.047743
0 0.642511 0.919410 0.089444 0.047743
0 0.727489 0.919410 0.089444 0.047743
0 0.826267 0.919410 0.089444 0.047743
0 0.899578 0.919410 0.089444 0.047743
0 0.976044 0.919410 0.089444 0.047743