0 0.043938 0.058626 0.097222 0.053819
0 0.061446 0.017136 0.097222 0.053819
0 0.099223 0.058626 0.097222 0.053819
0 0.157269 0.012991 0.097222 0.053819
0 0.208862 0.051709 0.097222 0.053819
0 0.248485 0.014365 0.097222 0.053819
0 0.322192 0.051709 0.097222 0.053819
0 0.348915 0.012991 0.097222 0.053819
0 0.408800 0.046178 0.097222 0.053819
0 0.456715 0.017136 0.097222 0.053819
0 0.500023 0.053095 0.097222 0.053819
0 0.548854 0.018522 0.097222 0.053819
0 0.587546 0.058626 0.097222 0.053819
0 0.666785 0.058626 0.097222 0.053819
0 0.647438 0.024053 0.097222 0.053819
0 0.728523 0.017136 0.097222 0.053819
0 0.769985 0.050335 0.097222 0.053819
0 0.805915 0.017136 0.097222 0.053819
0 0.864885 0.061397 0.097222 0.053819
0 0.920169 0.014365 0.097222 0.053819
0 0.956100 0.068314 0.097222 0.053819
0 0.937669 0.111189 0.097222 0.053819
0 0.975446 0.112575 0.097222 0.053819
0 0.828031 0.113949 0.097222 0.053819
0 0.728523 0.113949 0.097222 0.053819
0 0.642831 0.116721 0.097222 0.053819
0 0.551615 0.113949 0.097222 0.053819
0 0.456715 0.108418 0.097222 0.053819
0 0.347992 0.105658 0.097222 0.053819
0 0.266915 0.102887 0.097222 0.053819
0 0.174777 0.095970 0.097222 0.053819
0 0.069738 0.095970 0.097222 0.053819
0 0.042100 0.151293 0.097222 0.053819
0 0.009846 0.111189 0.097222 0.053819
0 0.009846 0.018522 0.097222 0.053819
0 0.128708 0.149919 0.097222 0.053819
0 0.233738 0.156836 0.097222 0.053819
0 0.301000 0.158210 0.097222 0.053819
0 0.400508 0.158210 0.097222 0.053819
0 0.500023 0.151293 0.097222 0.053819
0 0.600446 0.163741 0.097222 0.053819
0 0.712854 0.162367 0.097222 0.053819
0 0.784723 0.156836 0.097222 0.053819
0 0.856592 0.169284 0.097222 0.053819
0 0.953338 0.162367 0.097222 0.053819
0 0.932146 0.213533 0.097222 0.053819
0 0.832638 0.213533 0.097222 0.053819
0 0.722069 0.216305 0.097222 0.053819
0 0.651123 0.210774 0.097222 0.053819
0 0.562669 0.206628 0.097222 0.053819
0 0.453031 0.206628 0.097222 0.053819
0 0.366423 0.206628 0.097222 0.053819
0 0.268754 0.205242 0.097222 0.053819
0 0.180300 0.210774 0.097222 0.053819
0 0.082638 0.210774 0.097222 0.053819
0 0.009846 0.210774 0.097222 0.053819
0 0.031962 0.256420 0.097222 0.053819
0 0.125023 0.257794 0.097222 0.053819
0 0.205177 0.257794 0.097222 0.053819
0 0.303769 0.261952 0.097222 0.053819
0 0.406962 0.261952 0.097222 0.053819
0 0.491731 0.261952 0.097222 0.053819
0 0.587546 0.266097 0.097222 0.053819
0 0.687062 0.267483 0.097222 0.053819
0 0.791177 0.267483 0.097222 0.053819
0 0.878708 0.261952 0.097222 0.053819
0 0.960708 0.263326 0.097222 0.053819
0 0.979131 0.311744 0.097222 0.053819
0 0.930300 0.322806 0.097222 0.053819
0 0.841846 0.324192 0.097222 0.053819
0 0.755238 0.313129 0.097222 0.053819
0 0.655731 0.304827 0.097222 0.053819
0 0.561754 0.307587 0.097222 0.053819
0 0.459477 0.315889 0.097222 0.053819
0 0.367338 0.307587 0.097222 0.053819
0 0.277969 0.307587 0.097222 0.053819
0 0.172931 0.307587 0.097222 0.053819
0 0.083562 0.302055 0.097222 0.053819
0 0.013531 0.307587 0.097222 0.053819
0 0.028277 0.354619 0.097222 0.053819
0 0.119492 0.350473 0.097222 0.053819
0 0.222685 0.357379 0.097222 0.053819
0 0.307454 0.354619 0.097222 0.053819
0 0.379323 0.361536 0.097222 0.053819
0 0.495415 0.361536 0.097222 0.053819
0 0.595846 0.361536 0.097222 0.053819
0 0.681531 0.361536 0.097222 0.053819
0 0.787485 0.365681 0.097222 0.053819
0 0.856592 0.365681 0.097222 0.053819
0 0.949654 0.361536 0.097222 0.053819
0 0.945962 0.407171 0.097222 0.053819
0 0.828031 0.407171 0.097222 0.053819
0 0.746023 0.407171 0.097222 0.053819
0 0.639146 0.409942 0.097222 0.053819
0 0.563592 0.409942 0.097222 0.053819
0 0.475138 0.404411 0.097222 0.053819
0 0.368262 0.411328 0.097222 0.053819
0 0.272438 0.409942 0.097222 0.053819
0 0.186754 0.407171 0.097222 0.053819
0 0.086323 0.404411 0.097222 0.053819
0 0.010769 0.409942 0.097222 0.053819
0 0.040254 0.454203 0.097222 0.053819
0 0.106592 0.455589 0.097222 0.053819
0 0.202415 0.455589 0.097222 0.053819
0 0.320354 0.456963 0.097222 0.053819
0 0.416177 0.459734 0.097222 0.053819
0 0.502785 0.459734 0.097222 0.053819
0 0.585708 0.456963 0.097222 0.053819
0 0.681531 0.454203 0.097222 0.053819
0 0.769062 0.454203 0.097222 0.053819
0 0.886077 0.454203 0.097222 0.053819
0 0.953338 0.455589 0.097222 0.053819
0 0.939515 0.499850 0.097222 0.053819
0 0.992954 0.501224 0.097222 0.053819
0 0.825262 0.510912 0.097222 0.053819
0 0.754315 0.510912 0.097222 0.053819
0 0.664946 0.510912 0.097222 0.053819
0 0.562669 0.506767 0.097222 0.053819
0 0.462246 0.501224 0.097222 0.053819
0 0.355362 0.512298 0.097222 0.053819
0 0.266915 0.499850 0.097222 0.053819
0 0.179385 0.499850 0.097222 0.053819
0 0.093692 0.517829 0.097222 0.053819
0 0.014454 0.515058 0.097222 0.053819
0 0.031962 0.548256 0.097222 0.053819
0 0.116731 0.562090 0.097222 0.053819
0 0.208862 0.562090 0.097222 0.053819
0 0.285338 0.560704 0.097222 0.053819
0 0.429077 0.551016 0.097222 0.053819
0 0.502785 0.556559 0.097222 0.053819
0 0.570962 0.556559 0.097222 0.053819
0 0.669554 0.562090 0.097222 0.053819
0 0.782885 0.555173 0.097222 0.053819
0 0.868569 0.559319 0.097222 0.053819
0 0.963469 0.560704 0.097222 0.053819
0 0.987423 0.600808 0.097222 0.053819
0 0.934908 0.609111 0.097222 0.053819
0 0.847377 0.606351 0.097222 0.053819
0 0.749715 0.606351 0.097222 0.053819
0 0.659415 0.611882 0.097222 0.053819
0 0.561754 0.617413 0.097222 0.053819
0 0.465931 0.604965 0.097222 0.053819
0 0.356285 0.606351 0.097222 0.053819
0 0.267831 0.610497 0.097222 0.053819
0 0.186754 0.610497 0.097222 0.053819
0 0.080792 0.600808 0.097222 0.053819
0 0.010769 0.600808 0.097222 0.053819
0 0.016300 0.650612 0.097222 0.053819
0 0.104746 0.650612 0.097222 0.053819
0 0.200569 0.660289 0.097222 0.053819
0 0.303769 0.661674 0.097222 0.053819
0 0.381162 0.661674 0.097222 0.053819
0 0.486200 0.660289 0.097222 0.053819
0 0.589392 0.660289 0.097222 0.053819
0 0.673238 0.660289 0.097222 0.053819
0 0.784723 0.656143 0.097222 0.053819
0 0.856592 0.654758 0.097222 0.053819
0 0.946885 0.656143 0.097222 0.053819
0 0.937669 0.697633 0.097222 0.053819
0 0.985585 0.700404 0.097222 0.053819
0 0.834477 0.711467 0.097222 0.053819
0 0.739577 0.705935 0.097222 0.053819
0 0.654808 0.705935 0.097222 0.053819
0 0.558985 0.705935 0.097222 0.053819
0 0.458554 0.704550 0.097222 0.053819
0 0.364577 0.700404 0.097222 0.053819
0 0.277969 0.700404 0.097222 0.053819
0 0.180300 0.704550 0.097222 0.053819
0 0.061446 0.699018 0.097222 0.053819
0 0.016300 0.694861 0.097222 0.053819
0 0.028277 0.743279 0.097222 0.053819
0 0.121331 0.744654 0.097222 0.053819
0 0.202415 0.752956 0.097222 0.053819
0 0.304685 0.752956 0.097222 0.053819
0 0.415254 0.750196 0.097222 0.053819
0 0.500938 0.755727 0.097222 0.053819
0 0.580177 0.755727 0.097222 0.053819
0 0.673238 0.758487 0.097222 0.053819
0 0.776431 0.758487 0.097222 0.053819
0 0.876862 0.755727 0.097222 0.053819
0 0.961631 0.755727 0.097222 0.053819
0 0.983738 0.794457 0.097222 0.053819
0 0.921085 0.805520 0.097222 0.053819
0 0.840008 0.805520 0.097222 0.053819
0 0.749715 0.805520 0.097222 0.053819
0 0.657577 0.805520 0.097222 0.053819
0 0.544246 0.802748 0.097222 0.053819
0 0.452108 0.805520 0.097222 0.053819
0 0.364577 0.808279 0.097222 0.053819
0 0.254015 0.794457 0.097222 0.053819
0 0.176615 0.805520 0.097222 0.053819
0 0.088162 0.804134 0.097222 0.053819
0 0.006162 0.797217 0.097222 0.053819
0 0.025508 0.848395 0.097222 0.053819
0 0.116731 0.863603 0.097222 0.053819
0 0.208862 0.853926 0.097222 0.053819
0 0.312977 0.852540 0.097222 0.053819
0 0.408800 0.849781 0.097222 0.053819
0 0.500023 0.852540 0.097222 0.053819
0 0.576492 0.849781 0.097222 0.053819
0 0.674162 0.849781 0.097222 0.053819
0 0.762608 0.848395 0.097222 0.053819
0 0.867646 0.848395 0.097222 0.053819
0 0.957946 0.841478 0.097222 0.053819
0 0.916477 0.896801 0.097222 0.053819
0 0.838162 0.896801 0.097222 0.053819
0 0.731285 0.896801 0.097222 0.053819
0 0.657577 0.896801 0.097222 0.053819
0 0.548854 0.902333 0.097222 0.053819
0 0.459477 0.913395 0.097222 0.053819
0 0.353523 0.909249 0.097222 0.053819
0 0.270600 0.907864 0.097222 0.053819
0 0.182146 0.907864 0.097222 0.053819
0 0.076185 0.896801 0.097222 0.053819
0 0.017215 0.896801 0.097222 0.053819
0 0.035646 0.946594 0.097222 0.053819
0 0.116731 0.952125 0.097222 0.053819
0 0.212554 0.953510 0.097222 0.053819
0 0.312977 0.947979 0.097222 0.053819
0 0.405115 0.947979 0.097222 0.053819
0 0.500938 0.954896 0.097222 0.053819
0 0.600446 0.946594 0.097222 0.053819
0 0.687062 0.943834 0.097222 0.053819
0 0.779192 0.946594 0.097222 0.053819
0 0.862123 0.946594 0.097222 0.053819
0 0.953338 0.942448 0.097222 0.053819
0 0.933985 0.982552 0.097222 0.053819
0 0.839085 0.985323 0.097222 0.053819
0 0.729438 0.985323 0.097222 0.053819
0 0.467769 0.990855 0.097222 0.053819
0 0.533192 0.982552 0.097222 0.053819
0 0.614269 0.982552 0.097222 0.053819
0 0.359969 0.986709 0.097222 0.053819
0 0.266915 0.992240 0.097222 0.053819
0 0.185831 0.992240 0.097222 0.053819
0 0.089269 0.988360 0.097222 0.053819
0 0.012977 0.991686 0.097222 0.053819