0 0.080938 0.574277 0.116694 0.107639
0 0.217631 0.574289 0.116694 0.107639
0 0.341715 0.562460 0.116694 0.107639
0 0.373262 0.417145 0.116694 0.107639
0 0.374308 0.320828 0.116694 0.107639
0 0.383777 0.216057 0.116694 0.107639
0 0.383777 0.128195 0.116694 0.107639
0 0.280723 0.112991 0.116694 0.107639
0 0.266000 0.210989 0.116694 0.107639
0 0.254438 0.305624 0.116694 0.107639
0 0.244969 0.425587 0.116694 0.107639
0 0.111431 0.420519 0.116694 0.107639
0 0.130354 0.303931 0.116694 0.107639
0 0.158746 0.192410 0.116694 0.107639
0 0.178723 0.126502 0.116694 0.107639
0 0.483669 0.129889 0.116694 0.107639
0 0.484723 0.222818 0.116694 0.107639
0 0.485769 0.312373 0.116694 0.107639
0 0.485769 0.427281 0.116694 0.107639
0 0.482615 0.565834 0.116694 0.107639
0 0.620369 0.570902 0.116694 0.107639
0 0.618262 0.432349 0.116694 0.107639
0 0.609854 0.322509 0.116694 0.107639
0 0.594077 0.207614 0.116694 0.107639
0 0.590923 0.114685 0.116694 0.107639
0 0.697131 0.121434 0.116694 0.107639
0 0.701338 0.212682 0.116694 0.107639
0 0.719208 0.325896 0.116694 0.107639
0 0.742346 0.452621 0.116694 0.107639
0 0.760223 0.582732 0.116694 0.107639
0 0.911638 0.592868 0.116694 0.107639
0 0.875885 0.449246 0.116694 0.107639
0 0.835931 0.334339 0.116694 0.107639
0 0.815954 0.222818 0.116694 0.107639
0 0.798077 0.143399 0.116694 0.107639