0 0.887767 0.789745 0.031746 0.110243
0 0.898400 0.788571 0.031746 0.110243
0 0.253300 0.219694 0.031746 0.110243
0 0.212933 0.267959 0.031746 0.110243
0 0.180133 0.304694 0.031746 0.110243
0 0.147333 0.333622 0.031746 0.110243
0 0.120833 0.366480 0.031746 0.110243
0 0.093067 0.395459 0.031746 0.110243
0 0.096833 0.549949 0.031746 0.110243
0 0.117033 0.542245 0.031746 0.110243
0 0.146067 0.520969 0.031746 0.110243
0 0.180133 0.490102 0.031746 0.110243
0 0.216733 0.468827 0.031746 0.110243
0 0.252067 0.447602 0.031746 0.110243
0 0.250800 0.646531 0.031746 0.110243
0 0.219233 0.667755 0.031746 0.110243
0 0.178867 0.683214 0.031746 0.110243
0 0.146067 0.689031 0.031746 0.110243
0 0.114500 0.702551 0.031746 0.110243
0 0.098100 0.704490 0.031746 0.110243
0 0.091800 0.812602 0.031746 0.110243
0 0.115767 0.806837 0.031746 0.110243
0 0.146067 0.801020 0.031746 0.110243
0 0.252067 0.795255 0.031746 0.110243
0 0.327767 0.808776 0.031746 0.110243
0 0.326500 0.658112 0.031746 0.110243
0 0.325233 0.434082 0.031746 0.110243
0 0.327767 0.227398 0.031746 0.110243
0 0.379500 0.254439 0.031746 0.110243
0 0.379500 0.463061 0.031746 0.110243
0 0.379500 0.667755 0.031746 0.110243
0 0.384533 0.801020 0.031746 0.110243
0 0.446367 0.675510 0.031746 0.110243
0 0.445100 0.795255 0.031746 0.110243
0 0.443833 0.488163 0.031746 0.110243
0 0.440067 0.300816 0.031746 0.110243
0 0.484233 0.322041 0.031746 0.110243
0 0.482967 0.497806 0.031746 0.110243
0 0.486767 0.665816 0.031746 0.110243
0 0.490533 0.787500 0.031746 0.110243
0 0.539733 0.791378 0.031746 0.110243
0 0.532167 0.683214 0.031746 0.110243
0 0.530900 0.509388 0.031746 0.110243
0 0.533433 0.351020 0.031746 0.110243
0 0.566233 0.380000 0.031746 0.110243
0 0.565000 0.522908 0.031746 0.110243
0 0.572567 0.685153 0.031746 0.110243
0 0.570033 0.799082 0.031746 0.110243
0 0.607900 0.797194 0.031746 0.110243
0 0.610400 0.702551 0.031746 0.110243
0 0.604100 0.542245 0.031746 0.110243
0 0.607900 0.403163 0.031746 0.110243
0 0.633133 0.416684 0.031746 0.110243
0 0.635633 0.559592 0.031746 0.110243
0 0.630600 0.694796 0.031746 0.110243
0 0.668467 0.430204 0.031746 0.110243
0 0.669700 0.563469 0.031746 0.110243
0 0.673500 0.694796 0.031746 0.110243
0 0.693700 0.706378 0.031746 0.110243
0 0.687367 0.571224 0.031746 0.110243
0 0.684867 0.437959 0.031746 0.110243
0 0.718933 0.453367 0.031746 0.110243
0 0.735333 0.468827 0.031746 0.110243
0 0.718933 0.580867 0.031746 0.110243
0 0.739133 0.596327 0.031746 0.110243
0 0.761833 0.604031 0.031746 0.110243
0 0.761833 0.484286 0.031746 0.110243
0 0.760567 0.712194 0.031746 0.110243
0 0.742900 0.712194 0.031746 0.110243
0 0.722700 0.706378 0.031746 0.110243
0 0.722700 0.797194 0.031746 0.110243
0 0.700000 0.797194 0.031746 0.110243
0 0.670967 0.793316 0.031746 0.110243
0 0.638167 0.795255 0.031746 0.110243
0 0.788333 0.503622 0.031746 0.110243
0 0.792100 0.613673 0.031746 0.110243
0 0.803467 0.509388 0.031746 0.110243
0 0.824933 0.524847 0.031746 0.110243
0 0.840067 0.532551 0.031746 0.110243
0 0.855200 0.542245 0.031746 0.110243
0 0.872867 0.551888 0.031746 0.110243
0 0.886767 0.557704 0.031746 0.110243
0 0.896833 0.567347 0.031746 0.110243
0 0.904400 0.573112 0.031746 0.110243
0 0.913233 0.575051 0.031746 0.110243
0 0.917033 0.661990 0.031746 0.110243
0 0.906933 0.656173 0.031746 0.110243
0 0.896833 0.652296 0.031746 0.110243
0 0.885500 0.644592 0.031746 0.110243
0 0.875400 0.642653 0.031746 0.110243
0 0.856467 0.636888 0.031746 0.110243
0 0.842600 0.634949 0.031746 0.110243
0 0.827433 0.627194 0.031746 0.110243
0 0.808533 0.621429 0.031746 0.110243
0 0.792100 0.718010 0.031746 0.110243
0 0.808533 0.723776 0.031746 0.110243
0 0.826167 0.725714 0.031746 0.110243
0 0.843833 0.727653 0.031746 0.110243
0 0.857733 0.731531 0.031746 0.110243
0 0.877933 0.733418 0.031746 0.110243
0 0.915767 0.737296 0.031746 0.110243
0 0.906933 0.739235 0.031746 0.110243
0 0.898100 0.735357 0.031746 0.110243
0 0.888000 0.735357 0.031746 0.110243
0 0.909467 0.795255 0.031746 0.110243
0 0.876667 0.787500 0.031746 0.110243
0 0.861500 0.787500 0.031746 0.110243
0 0.845100 0.787500 0.031746 0.110243
0 0.827433 0.789439 0.031746 0.110243
0 0.811033 0.791378 0.031746 0.110243
0 0.793367 0.793316 0.031746 0.110243
0 0.764367 0.799082 0.031746 0.110243
0 0.741633 0.797194 0.031746 0.110243