0 0.181514 0.389383 0.044574 0.202257
0 0.213086 0.389383 0.044574 0.202257
0 0.250293 0.386352 0.044574 0.202257
0 0.287500 0.392415 0.044574 0.202257
0 0.324707 0.396955 0.044574 0.202257
0 0.356279 0.401509 0.044574 0.202257
0 0.386719 0.401509 0.044574 0.202257
0 0.418291 0.401509 0.044574 0.202257
0 0.443096 0.401509 0.044574 0.202257
0 0.481426 0.401509 0.044574 0.202257
0 0.510742 0.401509 0.044574 0.202257
0 0.543438 0.401509 0.044574 0.202257
0 0.570498 0.406050 0.044574 0.202257
0 0.606582 0.419685 0.044574 0.202257
0 0.629131 0.424226 0.044574 0.202257
0 0.659570 0.427257 0.044574 0.202257
0 0.686631 0.427257 0.044574 0.202257
0 0.708057 0.427257 0.044574 0.202257
0 0.736240 0.430289 0.044574 0.202257
0 0.757666 0.436352 0.044574 0.202257
0 0.782471 0.446955 0.044574 0.202257
0 0.806143 0.440892 0.044574 0.202257
0 0.846729 0.584843 0.044574 0.202257
0 0.800508 0.593924 0.044574 0.202257
0 0.762168 0.599987 0.044574 0.202257
0 0.719326 0.603018 0.044574 0.202257
0 0.692266 0.603018 0.044574 0.202257
0 0.644912 0.603018 0.044574 0.202257
0 0.602070 0.607559 0.044574 0.202257
0 0.569375 0.612113 0.044574 0.202257
0 0.532168 0.616654 0.044574 0.202257
0 0.496084 0.616654 0.044574 0.202257
0 0.470156 0.613622 0.044574 0.202257
0 0.438584 0.604528 0.044574 0.202257
0 0.393486 0.595446 0.044574 0.202257
0 0.370937 0.596955 0.044574 0.202257
0 0.323584 0.595446 0.044574 0.202257
0 0.289756 0.592415 0.044574 0.202257
0 0.252549 0.592415 0.044574 0.202257
0 0.213086 0.592415 0.044574 0.202257
0 0.163477 0.581811 0.044574 0.202257