0 0.036540 0.811075 0.041182 0.139757
0 0.038260 0.665663 0.041182 0.139757
0 0.033080 0.501685 0.041182 0.139757
0 0.034820 0.334624 0.041182 0.139757
0 0.043440 0.226344 0.041182 0.139757
0 0.027900 0.102616 0.041182 0.139757
0 0.109040 0.065484 0.041182 0.139757
0 0.147020 0.217061 0.041182 0.139757
0 0.131480 0.312975 0.041182 0.139757
0 0.166000 0.504767 0.041182 0.139757
0 0.141840 0.647097 0.041182 0.139757
0 0.172920 0.826523 0.041182 0.139757
0 0.307560 0.965735 0.041182 0.139757
0 0.264400 0.783226 0.041182 0.139757
0 0.235060 0.585233 0.041182 0.139757
0 0.250600 0.452186 0.041182 0.139757
0 0.243700 0.300609 0.041182 0.139757
0 0.235060 0.192330 0.041182 0.139757
0 0.186720 0.077849 0.041182 0.139757
0 0.262680 0.056201 0.041182 0.139757
0 0.304120 0.189211 0.041182 0.139757
0 0.324820 0.325341 0.041182 0.139757
0 0.328280 0.427455 0.041182 0.139757
0 0.333460 0.594516 0.041182 0.139757
0 0.373160 0.752294 0.041182 0.139757
0 0.393880 0.944086 0.041182 0.139757
0 0.506080 0.882222 0.041182 0.139757
0 0.490540 0.684229 0.041182 0.139757
0 0.431860 0.532616 0.041182 0.139757
0 0.435300 0.411971 0.041182 0.139757
0 0.380060 0.306774 0.041182 0.139757
0 0.385240 0.183047 0.041182 0.139757
0 0.342080 0.046918 0.041182 0.139757
0 0.423220 0.034552 0.041182 0.139757
0 0.457740 0.152115 0.041182 0.139757
0 0.468800 0.289247 0.041182 0.139757
0 0.487100 0.424337 0.041182 0.139757
0 0.518160 0.551183 0.041182 0.139757
0 0.588940 0.705878 0.041182 0.139757
0 0.611380 0.869821 0.041182 0.139757
0 0.718420 0.872939 0.041182 0.139757
0 0.682160 0.671828 0.041182 0.139757
0 0.616560 0.489319 0.041182 0.139757
0 0.582040 0.384122 0.041182 0.139757
0 0.550960 0.288244 0.041182 0.139757
0 0.526800 0.170681 0.041182 0.139757
0 0.502640 0.046918 0.041182 0.139757
0 0.568240 0.046918 0.041182 0.139757
0 0.583760 0.145914 0.041182 0.139757
0 0.630380 0.263477 0.041182 0.139757
0 0.666620 0.396487 0.041182 0.139757
0 0.694240 0.520251 0.041182 0.139757
0 0.761580 0.690394 0.041182 0.139757
0 0.808180 0.829606 0.041182 0.139757
0 0.915220 0.792509 0.041182 0.139757
0 0.984260 0.798674 0.041182 0.139757
0 0.944560 0.625448 0.041182 0.139757
0 0.859980 0.616165 0.041182 0.139757
0 0.877240 0.501685 0.041182 0.139757
0 0.784020 0.495520 0.041182 0.139757
0 0.813360 0.350108 0.041182 0.139757
0 0.744320 0.365556 0.041182 0.139757
0 0.701160 0.247993 0.041182 0.139757
0 0.670080 0.130466 0.041182 0.139757
0 0.647640 0.050000 0.041182 0.139757
0 0.730500 0.102616 0.041182 0.139757
0 0.785740 0.229462 0.041182 0.139757
0 0.811640 0.093333 0.041182 0.139757
0 0.839000 0.227957 0.041182 0.139757
0 0.882420 0.325341 0.041182 0.139757
0 0.906800 0.217563 0.041182 0.139757
0 0.930740 0.077849 0.041182 0.139757
0 0.969000 0.208961 0.041182 0.139757
0 0.946200 0.319713 0.041182 0.139757
0 0.946280 0.458387 0.041182 0.139757
0 0.869980 0.076918 0.041182 0.139757
0 0.805080 0.023405 0.041182 0.139757
0 0.730160 0.023405 0.041182 0.139757
0 0.695280 0.025269 0.041182 0.139757
0 0.881040 0.019068 0.041182 0.139757