0 0.009061 0.179950 0.042061 0.156250
0 0.039212 0.184925 0.042061 0.156250
0 0.069364 0.191575 0.042061 0.156250
0 0.098515 0.189900 0.042061 0.156250
0 0.233182 0.208150 0.042061 0.156250
0 0.281424 0.219750 0.042061 0.156250
0 0.314591 0.229700 0.042061 0.156250
0 0.355803 0.224725 0.042061 0.156250
0 0.398015 0.223075 0.042061 0.156250
0 0.437212 0.226400 0.042061 0.156250
0 0.481424 0.228050 0.042061 0.156250
0 0.539727 0.242975 0.042061 0.156250
0 0.578909 0.239650 0.042061 0.156250
0 0.626152 0.249600 0.042061 0.156250
0 0.675394 0.252925 0.042061 0.156250
0 0.724652 0.252925 0.042061 0.156250
0 0.771879 0.264525 0.042061 0.156250
0 0.834197 0.257900 0.042061 0.156250
0 0.788970 0.453575 0.042061 0.156250
0 0.728667 0.456900 0.042061 0.156250
0 0.676409 0.456900 0.042061 0.156250
0 0.629167 0.446950 0.042061 0.156250
0 0.572879 0.440300 0.042061 0.156250
0 0.530682 0.427050 0.042061 0.156250
0 0.482439 0.417100 0.042061 0.156250
0 0.436197 0.410450 0.042061 0.156250
0 0.391985 0.410450 0.042061 0.156250
0 0.346758 0.400525 0.042061 0.156250
0 0.305545 0.392225 0.042061 0.156250
0 0.265348 0.388900 0.042061 0.156250
0 0.219121 0.387250 0.042061 0.156250
0 0.179924 0.372325 0.042061 0.156250
0 0.050273 0.342475 0.042061 0.156250
0 0.013091 0.325900 0.042061 0.156250
0 0.167864 0.528200 0.042061 0.156250
0 0.203030 0.546450 0.042061 0.156250
0 0.250273 0.558050 0.042061 0.156250
0 0.287455 0.559700 0.042061 0.156250
0 0.334697 0.586250 0.042061 0.156250
0 0.376909 0.591225 0.042061 0.156250
0 0.424136 0.599500 0.042061 0.156250
0 0.468364 0.601175 0.042061 0.156250
0 0.523636 0.612775 0.042061 0.156250
0 0.574894 0.627700 0.042061 0.156250
0 0.627152 0.644275 0.042061 0.156250
0 0.675394 0.650925 0.042061 0.156250
0 0.743742 0.662525 0.042061 0.156250
0 0.680227 0.885075 0.042061 0.156250
0 0.623242 0.873950 0.042061 0.156250
0 0.570470 0.846250 0.042061 0.156250
0 0.513485 0.828350 0.042061 0.156250
0 0.464136 0.822875 0.042061 0.156250
0 0.418909 0.810450 0.042061 0.156250
0 0.368667 0.782750 0.042061 0.156250
0 0.319212 0.773125 0.042061 0.156250
0 0.271485 0.749575 0.042061 0.156250
0 0.235500 0.756550 0.042061 0.156250
0 0.190273 0.741300 0.042061 0.156250
0 0.151682 0.727525 0.042061 0.156250
0 0.111485 0.717750 0.042061 0.156250
0 0.067955 0.699825 0.042061 0.156250
0 0.008258 0.896000 0.042061 0.156250
0 0.043439 0.907625 0.042061 0.156250
0 0.082636 0.927525 0.042061 0.156250
0 0.128864 0.940775 0.042061 0.156250
0 0.165045 0.952400 0.042061 0.156250
0 0.219318 0.970625 0.042061 0.156250
0 0.263545 0.972300 0.042061 0.156250
0 0.300727 0.962350 0.042061 0.156250
0 0.351985 0.975600 0.042061 0.156250
0 0.409273 0.988875 0.042061 0.156250
0 0.458515 0.988875 0.042061 0.156250
0 0.517621 0.980300 0.042061 0.156250
0 0.569000 0.989500 0.042061 0.156250