0 0.056771 0.504480 0.059896 0.217882
0 0.104498 0.445391 0.059896 0.217882
0 0.141998 0.422665 0.059896 0.217882
0 0.186316 0.422665 0.059896 0.217882
0 0.235181 0.484784 0.059896 0.217882
0 0.289726 0.493873 0.059896 0.217882
0 0.346543 0.449938 0.059896 0.217882
0 0.428360 0.439331 0.059896 0.217882
0 0.377226 0.362058 0.059896 0.217882
0 0.302226 0.342361 0.059896 0.217882
0 0.252226 0.318117 0.059896 0.217882
0 0.422681 0.269635 0.059896 0.217882
0 0.472681 0.398421 0.059896 0.217882
0 0.463588 0.265087 0.059896 0.217882
0 0.513588 0.351451 0.059896 0.217882
0 0.556771 0.387814 0.059896 0.217882
0 0.598816 0.284784 0.059896 0.217882
0 0.648816 0.418117 0.059896 0.217882
0 0.656771 0.292361 0.059896 0.217882
0 0.732905 0.465087 0.059896 0.217882
0 0.740860 0.336301 0.059896 0.217882
0 0.793133 0.431754 0.059896 0.217882
0 0.838588 0.404480 0.059896 0.217882
0 0.777226 0.315087 0.059896 0.217882
0 0.855633 0.510540 0.059896 0.217882
0 0.903360 0.386301 0.059896 0.217882
0 0.947681 0.422665 0.059896 0.217882
0 0.978360 0.493873 0.059896 0.217882