0 0.075769 0.093893 0.058567 0.171007
0 0.134513 0.087821 0.058567 0.171007
0 0.199795 0.092357 0.058567 0.171007
0 0.262872 0.099929 0.058567 0.171007
0 0.321615 0.101464 0.058567 0.171007
0 0.443462 0.101464 0.058567 0.171007
0 0.507641 0.096893 0.058567 0.171007
0 0.573974 0.101464 0.058567 0.171007
0 0.634897 0.090857 0.058567 0.171007
0 0.699077 0.096893 0.058567 0.171007
0 0.764359 0.089321 0.058567 0.171007
0 0.826359 0.099929 0.058567 0.171007
0 0.893795 0.098429 0.058567 0.171007
0 0.926436 0.256000 0.058567 0.171007
0 0.850282 0.256000 0.058567 0.171007
0 0.780667 0.259036 0.058567 0.171007
0 0.708872 0.246893 0.058567 0.171007
0 0.639256 0.259036 0.058567 0.171007
0 0.569641 0.259036 0.058567 0.171007
0 0.503282 0.249929 0.058567 0.171007
0 0.438000 0.256000 0.058567 0.171007
0 0.372744 0.252964 0.058567 0.171007
0 0.304205 0.243857 0.058567 0.171007
0 0.236769 0.246893 0.058567 0.171007
0 0.164974 0.249929 0.058567 0.171007
0 0.104051 0.256000 0.058567 0.171007
0 0.036615 0.251464 0.058567 0.171007
0 0.056205 0.428714 0.058567 0.171007
0 0.130154 0.443857 0.058567 0.171007
0 0.204128 0.443857 0.058567 0.171007
0 0.348821 0.443857 0.058567 0.171007
0 0.423872 0.446893 0.058567 0.171007
0 0.494564 0.445393 0.058567 0.171007
0 0.578333 0.454464 0.058567 0.171007
0 0.645769 0.446893 0.058567 0.171007
0 0.726282 0.459036 0.058567 0.171007
0 0.802436 0.462071 0.058567 0.171007
0 0.872051 0.454464 0.058567 0.171007
0 0.955795 0.452964 0.058567 0.171007
0 0.987359 0.701464 0.058567 0.171007
0 0.908051 0.704321 0.058567 0.171007
0 0.823744 0.694179 0.058567 0.171007
0 0.736718 0.684179 0.058567 0.171007
0 0.655128 0.684179 0.058567 0.171007
0 0.571692 0.682821 0.058567 0.171007
0 0.490128 0.689179 0.058567 0.171007
0 0.413974 0.676607 0.058567 0.171007
0 0.325205 0.681607 0.058567 0.171007
0 0.243615 0.666464 0.058567 0.171007
0 0.164308 0.676607 0.058567 0.171007
0 0.093615 0.677821 0.058567 0.171007
0 0.014641 0.664464 0.058567 0.171007
0 0.037385 0.894321 0.058567 0.171007
0 0.110795 0.898107 0.058567 0.171007
0 0.205000 0.898107 0.058567 0.171007
0 0.299308 0.905679 0.058567 0.171007
0 0.389923 0.908107 0.058567 0.171007
0 0.475205 0.905679 0.058567 0.171007
0 0.670051 0.910679 0.058567 0.171007
0 0.758051 0.897500 0.058567 0.171007
0 0.853436 0.908429 0.058567 0.171007
0 0.954051 0.913571 0.058567 0.171007