0 0.339200 0.351517 0.085286 0.104167
0 0.273300 0.313633 0.085286 0.104167
0 0.266475 0.221217 0.085286 0.104167
0 0.302838 0.181817 0.085286 0.104167
0 0.332388 0.256067 0.085286 0.104167
0 0.267613 0.393933 0.085286 0.104167
0 0.318750 0.427267 0.085286 0.104167
0 0.343750 0.421217 0.085286 0.104167
0 0.261938 0.466667 0.085286 0.104167
0 0.278975 0.484850 0.085286 0.104167
0 0.248300 0.545450 0.085286 0.104167
0 0.189125 0.453500 0.085286 0.104167
0 0.148300 0.431817 0.085286 0.104167
0 0.089200 0.422733 0.085286 0.104167
0 0.158525 0.378783 0.085286 0.104167
0 0.085800 0.318183 0.085286 0.104167
0 0.100562 0.210600 0.085286 0.104167
0 0.171025 0.215150 0.085286 0.104167
0 0.158525 0.257583 0.085286 0.104167
0 0.210800 0.281817 0.085286 0.104167
0 0.210800 0.178783 0.085286 0.104167
0 0.221025 0.328783 0.085286 0.104167