0 0.530637 0.272250 0.082682 0.409722
0 0.620637 0.285333 0.082682 0.409722
0 0.733550 0.270067 0.082682 0.409722
0 0.851363 0.259150 0.082682 0.409722
0 0.884088 0.730417 0.082682 0.409722
0 0.789188 0.728250 0.082682 0.409722
0 0.687725 0.723883 0.082682 0.409722
0 0.596087 0.712967 0.082682 0.409722
0 0.515912 0.708600 0.082682 0.409722
0 0.430812 0.699883 0.082682 0.409722
0 0.342450 0.721700 0.082682 0.409722
0 0.236088 0.723883 0.082682 0.409722
0 0.144450 0.723883 0.082682 0.409722
0 0.139750 0.251500 0.082682 0.409722
0 0.250000 0.268167 0.082682 0.409722
0 0.352250 0.297000 0.082682 0.409722
0 0.437875 0.263500 0.082682 0.409722