0 0.018962 0.345695 0.069604 0.328993
0 0.111908 0.304096 0.069604 0.328993
0 0.202738 0.288307 0.069604 0.328993
0 0.294623 0.265361 0.069604 0.328993
0 0.164715 0.206531 0.069604 0.328993
0 0.384400 0.291181 0.069604 0.328993
0 0.469946 0.286876 0.069604 0.328993
0 0.356831 0.198067 0.069604 0.328993
0 0.316377 0.144838 0.069604 0.328993
0 0.491808 0.173386 0.069604 0.328993
0 0.585808 0.306677 0.069604 0.328993
0 0.560777 0.208109 0.069604 0.328993
0 0.562046 0.041964 0.069604 0.328993
0 0.633762 0.031066 0.069604 0.328993
0 0.636400 0.164211 0.069604 0.328993
0 0.655415 0.293333 0.069604 0.328993
0 0.735892 0.281996 0.069604 0.328993
0 0.718046 0.154880 0.069604 0.328993
0 0.734623 0.029916 0.069604 0.328993
0 0.795246 0.144692 0.069604 0.328993
0 0.819223 0.039530 0.069604 0.328993
0 0.812046 0.303950 0.069604 0.328993
0 0.899492 0.322173 0.069604 0.328993
0 0.920515 0.061484 0.069604 0.328993
0 0.984623 0.312989 0.069604 0.328993
0 0.073246 0.791327 0.069604 0.328993
0 0.094792 0.653448 0.069604 0.328993
0 0.159538 0.726907 0.069604 0.328993
0 0.128062 0.613563 0.069604 0.328993
0 0.237692 0.710690 0.069604 0.328993
0 0.275192 0.612560 0.069604 0.328993
0 0.331485 0.704378 0.069604 0.328993
0 0.351131 0.591181 0.069604 0.328993
0 0.400769 0.678840 0.069604 0.328993
0 0.428862 0.596343 0.069604 0.328993
0 0.481885 0.663772 0.069604 0.328993
0 0.941954 0.751870 0.069604 0.328993
0 0.845946 0.744692 0.069604 0.328993
0 0.780885 0.703950 0.069604 0.328993
0 0.709592 0.680136 0.069604 0.328993
0 0.644431 0.687304 0.069604 0.328993
0 0.561731 0.709979 0.069604 0.328993
0 0.592462 0.589175 0.069604 0.328993
0 0.687731 0.587168 0.069604 0.328993
0 0.617708 0.588600 0.069604 0.328993
0 0.760608 0.590031 0.069604 0.328993
0 0.813308 0.589603 0.069604 0.328993
0 0.914177 0.777983 0.069604 0.328993
0 0.840769 0.604525 0.069604 0.328993