0 0.003644 0.167378 0.027250 0.192708
0 0.019787 0.181208 0.027250 0.192708
0 0.040975 0.181208 0.027250 0.192708
0 0.057112 0.185356 0.027250 0.192708
0 0.072244 0.185356 0.027250 0.192708
0 0.095450 0.185356 0.027250 0.192708
0 0.116637 0.185356 0.027250 0.192708
0 0.172119 0.161851 0.027250 0.192708
0 0.194312 0.161851 0.027250 0.192708
0 0.230631 0.163231 0.027250 0.192708
0 0.252825 0.163231 0.027250 0.192708
0 0.289144 0.163231 0.027250 0.192708
0 0.317387 0.139717 0.027250 0.192708
0 0.343619 0.114824 0.027250 0.192708
0 0.383969 0.113436 0.027250 0.192708
0 0.428356 0.095458 0.027250 0.192708
0 0.475775 0.095458 0.027250 0.192708
0 0.523187 0.085775 0.027250 0.192708
0 0.580688 0.076093 0.027250 0.192708
0 0.645256 0.073325 0.027250 0.192708
0 0.771356 0.040129 0.027250 0.192708
0 0.837938 0.035981 0.027250 0.192708
0 0.923687 0.029066 0.027250 0.192708
0 0.764938 0.452271 0.027250 0.192708
0 0.843562 0.449357 0.027250 0.192708
0 0.947000 0.452185 0.027250 0.192708
0 0.588312 0.400857 0.027250 0.192708
0 0.531625 0.400771 0.027250 0.192708
0 0.478800 0.399743 0.027250 0.192708
0 0.432394 0.399743 0.027250 0.192708
0 0.371862 0.401131 0.027250 0.192708
0 0.353706 0.401131 0.027250 0.192708
0 0.309319 0.390060 0.027250 0.192708
0 0.279056 0.405278 0.027250 0.192708
0 0.240719 0.408046 0.027250 0.192708
0 0.208437 0.408046 0.027250 0.192708
0 0.177162 0.410805 0.027250 0.192708
0 0.155981 0.412194 0.027250 0.192708
0 0.108562 0.417729 0.027250 0.192708
0 0.079306 0.345801 0.027250 0.192708
0 0.047025 0.352716 0.027250 0.192708
0 0.024831 0.355484 0.027250 0.192708
0 0.000619 0.361020 0.027250 0.192708
0 0.115625 0.712331 0.027250 0.192708
0 0.087381 0.709563 0.027250 0.192708
0 0.060144 0.701268 0.027250 0.192708
0 0.030888 0.701268 0.027250 0.192708
0 0.017369 0.892691 0.027250 0.192708
0 0.009700 0.015236 0.027250 0.192708
0 0.032700 0.015236 0.027250 0.192708