0 0.968683 0.177275 0.032407 0.104167
0 0.796967 0.133337 0.032407 0.104167
0 0.325250 0.145450 0.032407 0.104167
0 0.264650 0.128787 0.032407 0.104167
0 0.102017 0.134850 0.032407 0.104167
0 0.038383 0.178787 0.032407 0.104167
0 0.881817 0.200000 0.032407 0.104167
0 0.411108 0.134850 0.032407 0.104167
0 0.353533 0.131812 0.032407 0.104167
0 0.294950 0.125762 0.032407 0.104167
0 0.234342 0.116663 0.032407 0.104167
0 0.162625 0.159087 0.032407 0.104167
0 0.121208 0.137875 0.032407 0.104167
0 0.060608 0.137875 0.032407 0.104167
0 0.005050 0.148487 0.032407 0.104167
0 0.005050 0.274237 0.032407 0.104167
0 0.062625 0.316663 0.032407 0.104167
0 0.129292 0.283337 0.032407 0.104167
0 0.192933 0.280300 0.032407 0.104167
0 0.256567 0.283337 0.032407 0.104167
0 0.327275 0.312125 0.032407 0.104167
0 0.482825 0.150000 0.032407 0.104167
0 0.545458 0.133337 0.032407 0.104167
0 0.611108 0.116663 0.032407 0.104167
0 0.674750 0.112125 0.032407 0.104167
0 0.746467 0.066662 0.032407 0.104167
0 0.820200 0.112125 0.032407 0.104167
0 0.907067 0.209088 0.032407 0.104167
0 0.996967 0.177275 0.032407 0.104167
0 0.410100 0.369700 0.032407 0.104167
0 0.496967 0.381812 0.032407 0.104167
0 0.543433 0.451512 0.032407 0.104167
0 0.595958 0.531812 0.032407 0.104167
0 0.623233 0.406062 0.032407 0.104167
0 0.681817 0.356063 0.032407 0.104167
0 0.046467 0.475763 0.032407 0.104167
0 0.008083 0.615150 0.032407 0.104167
0 0.085858 0.630300 0.032407 0.104167
0 0.119192 0.477275 0.032407 0.104167
0 0.198992 0.471213 0.032407 0.104167
0 0.275758 0.466662 0.032407 0.104167
0 0.349492 0.469700 0.032407 0.104167
0 0.446467 0.466662 0.032407 0.104167
0 0.682825 0.533338 0.032407 0.104167
0 0.768683 0.543937 0.032407 0.104167
0 0.852525 0.498487 0.032407 0.104167
0 0.929292 0.498487 0.032407 0.104167
0 0.872725 0.436362 0.032407 0.104167
0 0.793942 0.409087 0.032407 0.104167
0 0.940400 0.356063 0.032407 0.104167
0 0.995958 0.433337 0.032407 0.104167
0 0.512125 0.554550 0.032407 0.104167
0 0.430300 0.583337 0.032407 0.104167
0 0.345458 0.624237 0.032407 0.104167
0 0.255558 0.612125 0.032407 0.104167
0 0.170708 0.616663 0.032407 0.104167