0 0.410863 0.596419 0.028595 0.073785
0 0.415367 0.583978 0.028595 0.073785
0 0.420076 0.567855 0.028595 0.073785
0 0.568522 0.561252 0.028595 0.073785
0 0.579375 0.601639 0.028595 0.073785
0 0.574256 0.585670 0.028595 0.073785
0 0.678393 0.832240 0.028595 0.073785
0 0.666177 0.801935 0.028595 0.073785
0 0.650671 0.778678 0.028595 0.073785
0 0.641276 0.758594 0.028595 0.073785
0 0.632817 0.723356 0.028595 0.073785
0 0.627649 0.697984 0.028595 0.073785
0 0.630000 0.669794 0.028595 0.073785
0 0.658661 0.669090 0.028595 0.073785
0 0.651610 0.700804 0.028595 0.073785
0 0.666177 0.725823 0.028595 0.073785
0 0.676984 0.748728 0.028595 0.073785
0 0.683562 0.776565 0.028595 0.073785
0 0.700476 0.804050 0.028595 0.073785
0 0.714101 0.834355 0.028595 0.073785
0 0.315212 0.682832 0.028595 0.073785
0 0.302996 0.706089 0.028595 0.073785
0 0.287960 0.754013 0.028595 0.073785
0 0.277622 0.769869 0.028595 0.073785
0 0.270106 0.787840 0.028595 0.073785
0 0.256481 0.818145 0.028595 0.073785
0 0.295007 0.821669 0.028595 0.073785
0 0.306753 0.787840 0.028595 0.073785
0 0.323667 0.760002 0.028595 0.073785
0 0.316620 0.762470 0.028595 0.073785
0 0.334474 0.707500 0.028595 0.073785
0 0.326958 0.689881 0.028595 0.073785
0 0.347629 0.682480 0.028595 0.073785
0 0.380989 0.682128 0.028595 0.073785
0 0.361723 0.688470 0.028595 0.073785
0 0.368773 0.712785 0.028595 0.073785
0 0.361253 0.753309 0.028595 0.073785
0 0.355146 0.760707 0.028595 0.073785
0 0.348099 0.781498 0.028595 0.073785
0 0.342460 0.822021 0.028595 0.073785
0 0.391323 0.825193 0.028595 0.073785
0 0.383806 0.791364 0.028595 0.073785
0 0.394144 0.760707 0.028595 0.073785
0 0.396961 0.736042 0.028595 0.073785
0 0.404008 0.705737 0.028595 0.073785
0 0.412467 0.689529 0.028595 0.073785
0 0.419514 0.680719 0.028595 0.073785
0 0.453343 0.694462 0.028595 0.073785
0 0.441597 0.713137 0.028595 0.073785
0 0.431260 0.747316 0.028595 0.073785
0 0.440655 0.761059 0.028595 0.073785
0 0.430790 0.789251 0.028595 0.073785
0 0.445354 0.814973 0.028595 0.073785
0 0.467907 0.780089 0.028595 0.073785
0 0.470724 0.688822 0.028595 0.073785
0 0.497507 0.666270 0.028595 0.073785
0 0.460860 0.651471 0.028595 0.073785
0 0.423274 0.659224 0.028595 0.073785
0 0.514891 0.694110 0.028595 0.073785
0 0.523347 0.712785 0.028595 0.073785
0 0.520999 0.746612 0.028595 0.073785
0 0.524755 0.771280 0.028595 0.073785
0 0.532745 0.791012 0.028595 0.073785
0 0.544491 0.822021 0.028595 0.073785
0 0.588654 0.824487 0.028595 0.073785
0 0.575969 0.794184 0.028595 0.073785
0 0.574091 0.768460 0.028595 0.073785
0 0.567983 0.750489 0.028595 0.073785
0 0.562345 0.710317 0.028595 0.073785
0 0.573148 0.693051 0.028595 0.073785
0 0.585364 0.677899 0.028595 0.073785
0 0.600870 0.687061 0.028595 0.073785
0 0.598052 0.708204 0.028595 0.073785
0 0.605099 0.751193 0.028595 0.073785
0 0.614494 0.769164 0.028595 0.073785
0 0.620132 0.800174 0.028595 0.073785
0 0.635169 0.831535 0.028595 0.073785
0 0.255648 0.139735 0.028595 0.073785
0 0.279190 0.139735 0.028595 0.073785
0 0.305982 0.165308 0.028595 0.073785
0 0.336835 0.148259 0.028595 0.073785
0 0.360380 0.150087 0.028595 0.073785
0 0.370933 0.158001 0.028595 0.073785
0 0.383112 0.162872 0.028595 0.073785
0 0.392368 0.165370 0.028595 0.073785
0 0.416075 0.157941 0.028595 0.073785
0 0.434828 0.171215 0.028595 0.073785
0 0.441567 0.177304 0.028595 0.073785
0 0.447169 0.181567 0.028595 0.073785
0 0.505218 0.164273 0.028595 0.073785
0 0.491415 0.156054 0.028595 0.073785
0 0.480456 0.144668 0.028595 0.073785
0 0.554091 0.167989 0.028595 0.073785
0 0.591925 0.154226 0.028595 0.073785
0 0.567487 0.168291 0.028595 0.073785
0 0.608545 0.166424 0.028595 0.073785
0 0.617745 0.157666 0.028595 0.073785
0 0.621991 0.170404 0.028595 0.073785
0 0.640390 0.159524 0.028595 0.073785
0 0.653836 0.167485 0.028595 0.073785
0 0.733796 0.172793 0.028595 0.073785
0 0.715043 0.151565 0.028595 0.073785
0 0.695939 0.174916 0.028595 0.073785
0 0.634749 0.610794 0.028595 0.073785
0 0.718512 0.615841 0.028595 0.073785
0 0.708899 0.595268 0.028595 0.073785
0 0.702235 0.589692 0.028595 0.073785
0 0.696660 0.573829 0.028595 0.073785
0 0.687364 0.553256 0.028595 0.073785
0 0.677368 0.543547 0.028595 0.073785
0 0.671409 0.620838 0.028595 0.073785
0 0.662884 0.599449 0.028595 0.073785
0 0.652887 0.595268 0.028595 0.073785
0 0.652887 0.574407 0.028595 0.073785
0 0.645132 0.559122 0.028595 0.073785
0 0.635837 0.549940 0.028595 0.073785
0 0.604306 0.542153 0.028595 0.073785
0 0.613214 0.550181 0.028595 0.073785
0 0.613598 0.587770 0.028595 0.073785
0 0.592450 0.609737 0.028595 0.073785
0 0.360314 0.575357 0.028595 0.073785
0 0.380046 0.558093 0.028595 0.073785
0 0.392262 0.549283 0.028595 0.073785
0 0.361723 0.540122 0.028595 0.073785
0 0.347159 0.557386 0.028595 0.073785
0 0.337761 0.573948 0.028595 0.073785
0 0.328366 0.599673 0.028595 0.073785
0 0.314269 0.626453 0.028595 0.073785
0 0.271515 0.637024 0.028595 0.073785
0 0.291250 0.583462 0.028595 0.073785
0 0.300175 0.560206 0.028595 0.073785
0 0.314742 0.543643 0.028595 0.073785
0 0.323198 0.525320 0.028595 0.073785
0 0.755747 0.177009 0.028595 0.073785
0 0.776720 0.177009 0.028595 0.073785
0 0.800400 0.181069 0.028595 0.073785
0 0.842348 0.185129 0.028595 0.073785
0 0.820020 0.180563 0.028595 0.073785
0 0.498459 0.800873 0.028595 0.073785
0 0.494726 0.773986 0.028595 0.073785
0 0.484272 0.754382 0.028595 0.073785
0 0.488006 0.733098 0.028595 0.073785
0 0.486511 0.702852 0.028595 0.073785
0 0.348833 0.621483 0.028595 0.073785
0 0.367262 0.598633 0.028595 0.073785