0 0.023039 0.449122 0.031687 0.131944
0 0.067728 0.421655 0.031687 0.131944
0 0.052825 0.424730 0.031687 0.131944
0 0.127311 0.461318 0.031687 0.131944
0 0.112417 0.546689 0.031687 0.131944
0 0.167621 0.461318 0.031687 0.131944
0 0.188650 0.385068 0.031687 0.131944
0 0.239476 0.406419 0.031687 0.131944
0 0.223699 0.406419 0.031687 0.131944
0 0.310456 0.479595 0.031687 0.131944
0 0.339369 0.449122 0.031687 0.131944
0 0.357777 0.464358 0.031687 0.131944
0 0.400709 0.470473 0.031687 0.131944
0 0.439262 0.439966 0.031687 0.131944
0 0.506738 0.436926 0.031687 0.131944
0 0.535650 0.513142 0.031687 0.131944
0 0.518126 0.525338 0.031687 0.131944
0 0.469932 0.561926 0.031687 0.131944
0 0.378806 0.458243 0.031687 0.131944
0 0.580340 0.601588 0.031687 0.131944
0 0.554932 0.507061 0.031687 0.131944
0 0.636427 0.485709 0.031687 0.131944
0 0.625039 0.528378 0.031687 0.131944
0 0.724932 0.491791 0.031687 0.131944
0 0.706524 0.494865 0.031687 0.131944
0 0.681117 0.534493 0.031687 0.131944
0 0.788019 0.574122 0.031687 0.131944
0 0.782767 0.464358 0.031687 0.131944
0 0.804670 0.491791 0.031687 0.131944
0 0.851990 0.494865 0.031687 0.131944
0 0.873893 0.479595 0.031687 0.131944
0 0.908068 0.473514 0.031687 0.131944
0 0.927350 0.470473 0.031687 0.131944
0 0.944874 0.497905 0.031687 0.131944
0 0.963272 0.488750 0.031687 0.131944
0 0.597709 0.525541 0.031687 0.131944