0 0.153692 0.726393 0.184127 0.146701
0 0.221877 0.884038 0.184127 0.146701
0 0.156385 0.349989 0.184127 0.146701
0 0.463408 0.512114 0.184127 0.146701
0 0.434000 0.728601 0.184127 0.146701
0 0.394692 0.878780 0.184127 0.146701
0 0.889031 0.792408 0.184127 0.146701
0 0.946669 0.590894 0.184127 0.146701
0 0.905654 0.395447 0.184127 0.146701
0 0.978808 0.207560 0.184127 0.146701
0 0.937800 0.872713 0.184127 0.146701
0 0.085446 0.078780 0.184127 0.146701
0 0.023377 0.218170 0.184127 0.146701
0 0.179662 0.015142 0.184127 0.146701
0 0.217346 0.125741 0.184127 0.146701
0 0.338162 0.018170 0.184127 0.146701
0 0.381385 0.099989 0.184127 0.146701
0 0.313777 0.206046 0.184127 0.146701
0 0.444569 0.174227 0.184127 0.146701
0 0.529915 0.074227 0.184127 0.146701
0 0.480038 0.012114 0.184127 0.146701
0 0.611931 0.139380 0.184127 0.146701
0 0.517723 0.253018 0.184127 0.146701
0 0.666246 0.210589 0.184127 0.146701
0 0.614154 0.295447 0.184127 0.146701
0 0.791492 0.195447 0.184127 0.146701
0 0.738292 0.131809 0.184127 0.146701
0 0.674000 0.042408 0.184127 0.146701
0 0.799254 0.030294 0.184127 0.146701
0 0.858000 0.098475 0.184127 0.146701
0 0.883492 0.171199 0.184127 0.146701
0 0.967731 0.128780 0.184127 0.146701
0 0.973269 0.042408 0.184127 0.146701
0 0.886815 0.022713 0.184127 0.146701
0 0.211762 0.595384 0.184127 0.146701
0 0.039962 0.515079 0.184127 0.146701
0 0.022231 0.633260 0.184127 0.146701
0 0.058915 0.796898 0.184127 0.146701
0 0.026662 0.883260 0.184127 0.146701