0 0.385987 0.495400 0.218954 0.088542
0 0.130602 0.531778 0.218954 0.088542
0 0.116890 0.452978 0.218954 0.088542
0 0.048495 0.665111 0.218954 0.088542
0 0.335819 0.730244 0.218954 0.088542
0 0.417893 0.592378 0.218954 0.088542
0 0.698395 0.648444 0.218954 0.088542
0 0.657358 0.807533 0.218954 0.088542
0 0.969732 0.739333 0.218954 0.088542
0 0.985719 0.583289 0.218954 0.088542
0 0.965184 0.486311 0.218954 0.088542
0 0.691538 0.519644 0.218954 0.088542
0 0.584381 0.439333 0.218954 0.088542
0 0.814682 0.425711 0.218954 0.088542
0 0.586656 0.357533 0.218954 0.088542
0 0.365452 0.393889 0.218954 0.088542
0 0.144281 0.389333 0.218954 0.088542
0 0.121472 0.327222 0.218954 0.088542
0 0.349498 0.318133 0.218954 0.088542
0 0.359064 0.255244 0.218954 0.088542
0 0.561572 0.280556 0.218954 0.088542
0 0.198094 0.266311 0.218954 0.088542
0 0.306388 0.211622 0.218954 0.088542
0 0.437525 0.181622 0.218954 0.088542
0 0.694047 0.228889 0.218954 0.088542
0 0.764983 0.284644 0.218954 0.088542
0 0.151338 0.201622 0.218954 0.088542
0 0.151338 0.138733 0.218954 0.088542
0 0.979097 0.367533 0.218954 0.088542
0 0.950134 0.274644 0.218954 0.088542
0 0.965652 0.322067 0.218954 0.088542
0 0.825184 0.352533 0.218954 0.088542
0 0.891304 0.228289 0.218954 0.088542
0 0.910234 0.170111 0.218954 0.088542
0 0.756321 0.186622 0.218954 0.088542
0 0.779097 0.152378 0.218954 0.088542
0 0.596923 0.194800 0.218954 0.088542
0 0.493144 0.241467 0.218954 0.088542
0 0.626321 0.154800 0.218954 0.088542
0 0.533278 0.133289 0.218954 0.088542
0 0.688127 0.119644 0.218954 0.088542
0 0.668528 0.091156 0.218954 0.088542
0 0.789833 0.096622 0.218954 0.088542
0 0.509130 0.101911 0.218954 0.088542
0 0.237525 0.118733 0.218954 0.088542
0 0.302074 0.172667 0.218954 0.088542
0 0.375485 0.126622 0.218954 0.088542
0 0.353612 0.105867 0.218954 0.088542
0 0.027291 0.195244 0.218954 0.088542
0 0.034816 0.835111 0.218954 0.088542