0 0.368387 0.354146 0.114005 0.171875
0 0.324588 0.525441 0.114005 0.171875
0 0.288762 0.672814 0.114005 0.171875
0 0.234362 0.838124 0.114005 0.171875
0 0.165350 0.975553 0.114005 0.171875
0 0.353787 0.911820 0.114005 0.171875
0 0.306012 0.997467 0.114005 0.171875
0 0.426762 0.609081 0.114005 0.171875
0 0.410850 0.766435 0.114005 0.171875
0 0.501075 0.441782 0.114005 0.171875
0 0.592637 0.509493 0.114005 0.171875
0 0.547525 0.678799 0.114005 0.171875
0 0.513025 0.852064 0.114005 0.171875
0 0.462600 0.973565 0.114005 0.171875
0 0.612537 0.935722 0.114005 0.171875
0 0.643062 0.768424 0.114005 0.171875
0 0.714725 0.601107 0.114005 0.171875
0 0.759838 0.814221 0.114005 0.171875
0 0.850075 0.672814 0.114005 0.171875
0 0.940300 0.752477 0.114005 0.171875
0 0.897838 0.931745 0.114005 0.171875
0 0.718700 0.971576 0.114005 0.171875
0 0.972150 0.973565 0.114005 0.171875