0 0.166437 0.580347 0.073991 0.076389
0 0.193806 0.507614 0.073991 0.076389
0 0.174254 0.443970 0.073991 0.076389
0 0.251157 0.453059 0.073991 0.076389
0 0.305877 0.503059 0.073991 0.076389
0 0.256362 0.568221 0.073991 0.076389
0 0.352799 0.575792 0.073991 0.076389
0 0.398396 0.501562 0.073991 0.076389
0 0.330634 0.434881 0.073991 0.076389
0 0.444011 0.442451 0.073991 0.076389
0 0.386679 0.404577 0.073991 0.076389
0 0.509179 0.422755 0.073991 0.076389
0 0.552183 0.495488 0.073991 0.076389
0 0.479198 0.501562 0.073991 0.076389
0 0.510466 0.568221 0.073991 0.076389
0 0.437500 0.572755 0.073991 0.076389
0 0.599086 0.565184 0.073991 0.076389
0 0.638190 0.495488 0.073991 0.076389
0 0.599086 0.422755 0.073991 0.076389
0 0.686399 0.431866 0.073991 0.076389
0 0.721586 0.501562 0.073991 0.076389
0 0.761978 0.566703 0.073991 0.076389
0 0.683787 0.572755 0.073991 0.076389