0 0.156538 0.075875 0.203324 0.357639
0 0.125282 0.453188 0.203324 0.357639
0 0.317007 0.305229 0.203324 0.357639
0 0.241984 0.767625 0.203324 0.357639
0 0.031502 0.878604 0.203324 0.357639
0 0.033580 0.593771 0.203324 0.357639
0 0.114859 0.271937 0.203324 0.357639
0 0.429542 0.556771 0.203324 0.357639
0 0.381608 0.985875 0.203324 0.357639
0 0.462887 0.808313 0.203324 0.357639
0 0.581678 0.849000 0.203324 0.357639
0 0.629613 0.445792 0.203324 0.357639
0 0.769237 0.671438 0.203324 0.357639
0 0.819261 0.982167 0.203324 0.357639
0 0.973474 0.590063 0.203324 0.357639
0 0.890117 0.349625 0.203324 0.357639
0 0.758815 0.149875 0.203324 0.357639
0 0.487899 0.168354 0.203324 0.357639
0 0.360775 0.024104 0.203324 0.357639
0 0.262829 0.549375 0.203324 0.357639
0 0.431631 0.368104 0.203324 0.357639
0 0.604601 0.238646 0.203324 0.357639
0 0.748404 0.431000 0.203324 0.357639
0 0.683791 0.982167 0.203324 0.357639
0 0.669202 0.771313 0.203324 0.357639
0 0.948462 0.982167 0.203324 0.357639
0 0.992230 0.815708 0.203324 0.357639
0 0.879695 0.157271 0.203324 0.357639
0 0.992230 0.146167 0.203324 0.357639
0 0.007113 0.330021 0.203324 0.357639