0 0.506419 0.890902 0.128788 0.174479
0 0.611563 0.900326 0.128788 0.174479
0 0.593275 0.818643 0.128788 0.174479
0 0.504131 0.768368 0.128788 0.174479
0 0.659556 0.674115 0.128788 0.174479
0 0.474419 0.670971 0.128788 0.174479
0 0.364706 0.796649 0.128788 0.174479
0 0.346419 0.652122 0.128788 0.174479
0 0.200138 0.677259 0.128788 0.174479
0 0.261850 0.765232 0.128788 0.174479
0 0.229850 0.856340 0.128788 0.174479
0 0.126994 0.856340 0.128788 0.174479
0 0.060713 0.733806 0.128788 0.174479
0 0.019569 0.887758 0.128788 0.174479
0 0.124713 0.582998 0.128788 0.174479
0 0.040144 0.589287 0.128788 0.174479
0 0.079000 0.441624 0.128788 0.174479
0 0.012712 0.504459 0.128788 0.174479
0 0.001288 0.312809 0.128788 0.174479
0 0.037856 0.202844 0.128788 0.174479
0 0.008144 0.143144 0.128788 0.174479
0 0.090425 0.136864 0.128788 0.174479
0 0.140712 0.190275 0.128788 0.174479
0 0.085856 0.271959 0.128788 0.174479
0 0.193281 0.249966 0.128788 0.174479
0 0.211569 0.331658 0.128788 0.174479
0 0.152137 0.441624 0.128788 0.174479
0 0.227569 0.520163 0.128788 0.174479
0 0.293850 0.385069 0.128788 0.174479
0 0.344137 0.501314 0.128788 0.174479
0 0.478988 0.529588 0.128788 0.174479
0 0.538419 0.576718 0.128788 0.174479
0 0.549844 0.419631 0.128788 0.174479
0 0.469850 0.369356 0.128788 0.174479
0 0.357850 0.284527 0.128788 0.174479
0 0.275562 0.262534 0.128788 0.174479
0 0.200138 0.102302 0.128788 0.174479
0 0.133856 0.083454 0.128788 0.174479
0 0.213850 0.020619 0.128788 0.174479
0 0.277850 0.083454 0.128788 0.174479
0 0.227569 0.158857 0.128788 0.174479
0 0.264138 0.180851 0.128788 0.174479
0 0.344137 0.205988 0.128788 0.174479
0 0.339562 0.149433 0.128788 0.174479
0 0.389850 0.180851 0.128788 0.174479
0 0.433275 0.158857 0.128788 0.174479
0 0.385275 0.055180 0.128788 0.174479
0 0.323563 0.033187 0.128788 0.174479
0 0.449275 0.020619 0.128788 0.174479
0 0.469850 0.077174 0.128788 0.174479
0 0.533844 0.111727 0.128788 0.174479
0 0.453850 0.240541 0.128788 0.174479
0 0.485850 0.265679 0.128788 0.174479
0 0.558987 0.287672 0.128788 0.174479
0 0.602419 0.190275 0.128788 0.174479
0 0.634419 0.262534 0.128788 0.174479
0 0.664131 0.344227 0.128788 0.174479
0 0.645844 0.520163 0.128788 0.174479
0 0.625275 0.444759 0.128788 0.174479
0 0.741844 0.432199 0.128788 0.174479
0 0.728131 0.523308 0.128788 0.174479
0 0.817269 0.529588 0.128788 0.174479
0 0.721269 0.626985 0.128788 0.174479
0 0.382994 0.579863 0.128788 0.174479
0 0.389850 0.378780 0.128788 0.174479
0 0.549844 0.020619 0.128788 0.174479
0 0.609275 0.017474 0.128788 0.174479
0 0.613844 0.064605 0.128788 0.174479
0 0.650419 0.143144 0.128788 0.174479
0 0.673275 0.033187 0.128788 0.174479
0 0.728131 0.064605 0.128788 0.174479
0 0.705275 0.162002 0.128788 0.174479
0 0.721269 0.209124 0.128788 0.174479
0 0.689275 0.218548 0.128788 0.174479
0 0.684700 0.256254 0.128788 0.174479
0 0.764700 0.284527 0.128788 0.174479
0 0.826412 0.256254 0.128788 0.174479
0 0.773844 0.155713 0.128788 0.174479
0 0.785269 0.058316 0.128788 0.174479
0 0.840125 0.004905 0.128788 0.174479
0 0.846981 0.061460 0.128788 0.174479
0 0.906413 0.070885 0.128788 0.174479
0 0.853844 0.155713 0.128788 0.174479
0 0.892700 0.224837 0.128788 0.174479
0 0.888125 0.297096 0.128788 0.174479
0 0.936125 0.372500 0.128788 0.174479
0 0.835556 0.334802 0.128788 0.174479
0 0.828700 0.413342 0.128788 0.174479
0 0.972694 0.026899 0.128788 0.174479
0 0.890413 0.020619 0.128788 0.174479
0 0.988694 0.136864 0.128788 0.174479
0 0.954412 0.227981 0.128788 0.174479
0 0.938413 0.168282 0.128788 0.174479
0 0.990981 0.231117 0.128788 0.174479
0 0.988694 0.328514 0.128788 0.174479
0 0.643594 0.839278 0.128788 0.174479
0 0.735650 0.850189 0.128788 0.174479
0 0.784856 0.728007 0.128788 0.174479
0 0.859463 0.656005 0.128788 0.174479
0 0.951519 0.690919 0.128788 0.174479
0 0.907075 0.804373 0.128788 0.174479
0 0.870569 0.902552 0.128788 0.174479
0 0.999137 0.867646 0.128788 0.174479
0 0.943588 0.573093 0.128788 0.174479
0 0.903906 0.481460 0.128788 0.174479
0 0.994375 0.444373 0.128788 0.174479
0 0.995962 0.536005 0.128788 0.174479
0 0.149950 0.741100 0.128788 0.174479