0 0.059127 0.470291 0.031235 0.052083
0 0.085236 0.466117 0.031235 0.052083
0 0.085236 0.429806 0.031235 0.052083
0 0.108655 0.436343 0.031235 0.052083
0 0.122691 0.472686 0.031235 0.052083
0 0.133400 0.448867 0.031235 0.052083
0 0.134745 0.423236 0.031235 0.052083
0 0.115000 0.404207 0.031235 0.052083
0 0.115673 0.397638 0.031235 0.052083
0 0.120364 0.380388 0.031235 0.052083
0 0.132400 0.396440 0.031235 0.052083
0 0.103964 0.392298 0.031235 0.052083
0 0.096945 0.401230 0.031235 0.052083
0 0.079200 0.408350 0.031235 0.052083
0 0.076873 0.399417 0.031235 0.052083
0 0.084564 0.392298 0.031235 0.052083
0 0.065818 0.419676 0.031235 0.052083
0 0.061473 0.401812 0.031235 0.052083
0 0.069164 0.414304 0.031235 0.052083
0 0.045418 0.433981 0.031235 0.052083
0 0.064145 0.439320 0.031235 0.052083
0 0.044073 0.455405 0.031235 0.052083
0 0.041400 0.482816 0.031235 0.052083
0 0.035036 0.504822 0.031235 0.052083
0 0.058800 0.501262 0.031235 0.052083
0 0.079545 0.501262 0.031235 0.052083
0 0.072509 0.535210 0.031235 0.052083
0 0.058473 0.535210 0.031235 0.052083
0 0.066836 0.550097 0.031235 0.052083
0 0.083564 0.557832 0.031235 0.052083
0 0.103291 0.525081 0.031235 0.052083
0 0.101618 0.552460 0.031235 0.052083
0 0.117345 0.562006 0.031235 0.052083
0 0.097945 0.583430 0.031235 0.052083
0 0.128055 0.525663 0.031235 0.052083
0 0.136091 0.552460 0.031235 0.052083
0 0.121018 0.502460 0.031235 0.052083
0 0.149127 0.522104 0.031235 0.052083
0 0.143436 0.502460 0.031235 0.052083
0 0.150473 0.467314 0.031235 0.052083
0 0.166527 0.465534 0.031235 0.052083
0 0.165527 0.504822 0.031235 0.052083
0 0.168873 0.520906 0.031235 0.052083
0 0.186927 0.490550 0.031235 0.052083
0 0.192291 0.473269 0.031235 0.052083
0 0.193964 0.442913 0.031235 0.052083
0 0.188945 0.433366 0.031235 0.052083
0 0.164855 0.439320 0.031235 0.052083
0 0.157164 0.425049 0.031235 0.052083
0 0.152818 0.398835 0.031235 0.052083
0 0.170873 0.411327 0.031235 0.052083
0 0.169200 0.368479 0.031235 0.052083
0 0.187600 0.401230 0.031235 0.052083
0 0.196309 0.408964 0.031235 0.052083
0 0.205000 0.428608 0.031235 0.052083
0 0.210691 0.411327 0.031235 0.052083
0 0.202327 0.390485 0.031235 0.052083
0 0.216382 0.397638 0.031235 0.052083
0 0.213036 0.373819 0.031235 0.052083
0 0.221400 0.366084 0.031235 0.052083
0 0.231091 0.387508 0.031235 0.052083
0 0.198655 0.365502 0.031235 0.052083
0 0.181582 0.327379 0.031235 0.052083
0 0.183582 0.351780 0.031235 0.052083
0 0.170545 0.330939 0.031235 0.052083
0 0.158491 0.330939 0.031235 0.052083
0 0.151473 0.338673 0.031235 0.052083
0 0.137091 0.348803 0.031235 0.052083
0 0.133073 0.372039 0.031235 0.052083
0 0.118345 0.362524 0.031235 0.052083
0 0.107636 0.370259 0.031235 0.052083
0 0.093600 0.376796 0.031235 0.052083
0 0.093255 0.370259 0.031235 0.052083
0 0.075527 0.383948 0.031235 0.052083
0 0.083564 0.364304 0.031235 0.052083
0 0.095927 0.358350 0.031235 0.052083
0 0.070182 0.379773 0.031235 0.052083
0 0.060800 0.378576 0.031235 0.052083
0 0.071182 0.366667 0.031235 0.052083
0 0.075855 0.356570 0.031235 0.052083
0 0.069164 0.360129 0.031235 0.052083
0 0.067164 0.365502 0.031235 0.052083
0 0.049436 0.373819 0.031235 0.052083
0 0.040727 0.372039 0.031235 0.052083
0 0.045418 0.389320 0.031235 0.052083
0 0.039055 0.394078 0.031235 0.052083
0 0.042745 0.405987 0.031235 0.052083
0 0.050091 0.403592 0.031235 0.052083
0 0.054782 0.398835 0.031235 0.052083
0 0.042400 0.416699 0.031235 0.052083
0 0.036055 0.427411 0.031235 0.052083
0 0.049764 0.425049 0.031235 0.052083
0 0.054109 0.448252 0.031235 0.052083
0 0.035709 0.445275 0.031235 0.052083
0 0.023673 0.474466 0.031235 0.052083
0 0.024673 0.449450 0.031235 0.052083
0 0.014964 0.416699 0.031235 0.052083
0 0.008618 0.402395 0.031235 0.052083
0 0.017309 0.389903 0.031235 0.052083
0 0.013964 0.378576 0.031235 0.052083
0 0.007618 0.381553 0.031235 0.052083
0 0.025345 0.372621 0.031235 0.052083
0 0.033036 0.395275 0.031235 0.052083
0 0.029364 0.416699 0.031235 0.052083
0 0.020327 0.433981 0.031235 0.052083
0 0.011964 0.444693 0.031235 0.052083
0 0.002927 0.428026 0.031235 0.052083
0 0.010964 0.475663 0.031235 0.052083
0 0.005273 0.467314 0.031235 0.052083
0 0.002927 0.450647 0.031235 0.052083
0 0.105636 0.352395 0.031235 0.052083
0 0.100618 0.336893 0.031235 0.052083
0 0.094600 0.345243 0.031235 0.052083
0 0.134073 0.334531 0.031235 0.052083
0 0.116345 0.347638 0.031235 0.052083
0 0.116345 0.334531 0.031235 0.052083
0 0.132400 0.309515 0.031235 0.052083
0 0.135073 0.318447 0.031235 0.052083
0 0.126709 0.323204 0.031235 0.052083
0 0.149127 0.319029 0.031235 0.052083
0 0.148127 0.310712 0.031235 0.052083
0 0.144109 0.330939 0.031235 0.052083
0 0.157164 0.317249 0.031235 0.052083
0 0.175891 0.318447 0.031235 0.052083
0 0.169545 0.305340 0.031235 0.052083
0 0.156491 0.304757 0.031235 0.052083
0 0.144109 0.301165 0.031235 0.052083
0 0.193636 0.329159 0.031235 0.052083
0 0.213364 0.332718 0.031235 0.052083
0 0.197636 0.319029 0.031235 0.052083
0 0.199309 0.307120 0.031235 0.052083
0 0.192618 0.300583 0.031235 0.052083
0 0.213364 0.313074 0.031235 0.052083
0 0.227091 0.315469 0.031235 0.052083
0 0.237455 0.324984 0.031235 0.052083
0 0.232764 0.338091 0.031235 0.052083
0 0.231091 0.350000 0.031235 0.052083
0 0.215382 0.355372 0.031235 0.052083
0 0.230436 0.425049 0.031235 0.052083
0 0.227091 0.407184 0.031235 0.052083
0 0.246145 0.389903 0.031235 0.052083
0 0.252836 0.389320 0.031235 0.052083
0 0.259527 0.348220 0.031235 0.052083
0 0.270909 0.367864 0.031235 0.052083
0 0.244145 0.362524 0.031235 0.052083
0 0.252836 0.326764 0.031235 0.052083
0 0.271582 0.320227 0.031235 0.052083
0 0.290982 0.326181 0.031235 0.052083
0 0.300018 0.351780 0.031235 0.052083
0 0.288309 0.354175 0.031235 0.052083
0 0.279618 0.344045 0.031235 0.052083
0 0.284964 0.379773 0.031235 0.052083
0 0.274600 0.397638 0.031235 0.052083
0 0.269909 0.425631 0.031235 0.052083
0 0.253855 0.423851 0.031235 0.052083
0 0.247818 0.451845 0.031235 0.052083
0 0.231091 0.463139 0.031235 0.052083
0 0.224073 0.478641 0.031235 0.052083
0 0.218382 0.469094 0.031235 0.052083
0 0.207673 0.495307 0.031235 0.052083
0 0.217709 0.505437 0.031235 0.052083
0 0.194291 0.511974 0.031235 0.052083
0 0.187600 0.531618 0.031235 0.052083
0 0.208691 0.535210 0.031235 0.052083
0 0.165855 0.552460 0.031235 0.052083
0 0.180909 0.571521 0.031235 0.052083
0 0.190945 0.556634 0.031235 0.052083
0 0.141764 0.596537 0.031235 0.052083
0 0.243145 0.508997 0.031235 0.052083
0 0.269582 0.470906 0.031235 0.052083
0 0.303691 0.439320 0.031235 0.052083
0 0.293327 0.418479 0.031235 0.052083
0 0.305364 0.394660 0.031235 0.052083
0 0.317073 0.366084 0.031235 0.052083
0 0.326782 0.428608 0.031235 0.052083
0 0.345527 0.452427 0.031235 0.052083
0 0.344182 0.401230 0.031235 0.052083
0 0.313727 0.416699 0.031235 0.052083
0 0.328800 0.391683 0.031235 0.052083
0 0.341836 0.377411 0.031235 0.052083
0 0.362582 0.370259 0.031235 0.052083
0 0.382982 0.364887 0.031235 0.052083
0 0.349873 0.350615 0.031235 0.052083
0 0.335491 0.360712 0.031235 0.052083
0 0.323436 0.318447 0.031235 0.052083
0 0.310055 0.295210 0.031235 0.052083
0 0.278945 0.299968 0.031235 0.052083
0 0.396709 0.338091 0.031235 0.052083
0 0.399727 0.329741 0.031235 0.052083
0 0.412436 0.341068 0.031235 0.052083
0 0.422127 0.326764 0.031235 0.052083
0 0.430836 0.330939 0.031235 0.052083
0 0.440200 0.322621 0.031235 0.052083
0 0.440873 0.351780 0.031235 0.052083
0 0.450564 0.340485 0.031235 0.052083
0 0.464964 0.318447 0.031235 0.052083
0 0.254509 0.312492 0.031235 0.052083
0 0.274927 0.508997 0.031235 0.052083
0 0.303036 0.483398 0.031235 0.052083
0 0.323436 0.470906 0.031235 0.052083
0 0.330473 0.507217 0.031235 0.052083
0 0.377636 0.429806 0.031235 0.052083
0 0.377636 0.407184 0.031235 0.052083
0 0.391018 0.397638 0.031235 0.052083
0 0.421127 0.408350 0.031235 0.052083
0 0.421800 0.371456 0.031235 0.052083
0 0.447564 0.386343 0.031235 0.052083
0 0.444218 0.420259 0.031235 0.052083
0 0.435509 0.442913 0.031235 0.052083
0 0.420455 0.458382 0.031235 0.052083
0 0.407745 0.448252 0.031235 0.052083
0 0.407745 0.429806 0.031235 0.052083
0 0.388345 0.485178 0.031235 0.052083
0 0.401055 0.480421 0.031235 0.052083
0 0.370273 0.500680 0.031235 0.052083
0 0.396382 0.527476 0.031235 0.052083
0 0.359909 0.570939 0.031235 0.052083
0 0.326782 0.550097 0.031235 0.052083
0 0.293327 0.523301 0.031235 0.052083
0 0.292327 0.563786 0.031235 0.052083
0 0.271255 0.541748 0.031235 0.052083
0 0.233109 0.544142 0.031235 0.052083
0 0.254182 0.595340 0.031235 0.052083
0 0.211364 0.594175 0.031235 0.052083
0 0.494073 0.501845 0.031235 0.052083
0 0.496400 0.455405 0.031235 0.052083
0 0.458273 0.461942 0.031235 0.052083
0 0.444545 0.510194 0.031235 0.052083
0 0.384327 0.597735 0.031235 0.052083
0 0.395709 0.619773 0.031235 0.052083
0 0.430836 0.575113 0.031235 0.052083
0 0.415436 0.564984 0.031235 0.052083
0 0.472982 0.563204 0.031235 0.052083
0 0.508455 0.548900 0.031235 0.052083
0 0.521836 0.534013 0.031235 0.052083
0 0.527182 0.504239 0.031235 0.052083
0 0.537891 0.450032 0.031235 0.052083
0 0.514800 0.426828 0.031235 0.052083
0 0.533873 0.408964 0.031235 0.052083
0 0.517491 0.385146 0.031235 0.052083
0 0.534891 0.352395 0.031235 0.052083
0 0.490055 0.369644 0.031235 0.052083
0 0.470309 0.391683 0.031235 0.052083
0 0.478000 0.364304 0.031235 0.052083
0 0.479673 0.340485 0.031235 0.052083
0 0.497745 0.331553 0.031235 0.052083
0 0.496073 0.311294 0.031235 0.052083
0 0.525855 0.328576 0.031235 0.052083
0 0.532200 0.311294 0.031235 0.052083
0 0.546927 0.330939 0.031235 0.052083
0 0.554618 0.371456 0.031235 0.052083
0 0.578382 0.352395 0.031235 0.052083
0 0.577036 0.397055 0.031235 0.052083
0 0.591764 0.324984 0.031235 0.052083
0 0.577364 0.448252 0.031235 0.052083
0 0.570018 0.467314 0.031235 0.052083
0 0.563327 0.495307 0.031235 0.052083
0 0.302691 0.667994 0.031235 0.052083
0 0.309382 0.606084 0.031235 0.052083
0 0.266564 0.648350 0.031235 0.052083
0 0.234436 0.685275 0.031235 0.052083
0 0.217709 0.676343 0.031235 0.052083
0 0.217055 0.638220 0.031235 0.052083
0 0.188600 0.639417 0.031235 0.052083
0 0.152818 0.632880 0.031235 0.052083
0 0.197309 0.680518 0.031235 0.052083
0 0.267909 0.721586 0.031235 0.052083
0 0.319764 0.713269 0.031235 0.052083
0 0.347200 0.738867 0.031235 0.052083
0 0.362255 0.693592 0.031235 0.052083
0 0.351545 0.651327 0.031235 0.052083
0 0.412436 0.724563 0.031235 0.052083
0 0.444218 0.677540 0.031235 0.052083
0 0.364255 0.622751 0.031235 0.052083
0 0.474327 0.610227 0.031235 0.052083
0 0.477000 0.688835 0.031235 0.052083
0 0.464291 0.812104 0.031235 0.052083
0 0.445545 0.743042 0.031235 0.052083
0 0.405745 0.796634 0.031235 0.052083
0 0.369273 0.784110 0.031235 0.052083
0 0.302364 0.763883 0.031235 0.052083
0 0.500091 0.748382 0.031235 0.052083
0 0.513800 0.840097 0.031235 0.052083
0 0.237782 0.440518 0.031235 0.052083
0 0.221055 0.439320 0.031235 0.052083
0 0.631564 0.332136 0.031235 0.052083
0 0.611836 0.344660 0.031235 0.052083
0 0.613164 0.367864 0.031235 0.052083
0 0.609164 0.385728 0.031235 0.052083
0 0.605473 0.419676 0.031235 0.052083
0 0.587745 0.421456 0.031235 0.052083
0 0.615855 0.449450 0.031235 0.052083
0 0.629236 0.412524 0.031235 0.052083
0 0.634582 0.386926 0.031235 0.052083
0 0.633909 0.366667 0.031235 0.052083
0 0.671382 0.369061 0.031235 0.052083
0 0.660000 0.344660 0.031235 0.052083
0 0.689455 0.350000 0.031235 0.052083
0 0.687436 0.323204 0.031235 0.052083
0 0.726255 0.338091 0.031235 0.052083
0 0.719564 0.375016 0.031235 0.052083
0 0.696818 0.390485 0.031235 0.052083
0 0.711200 0.417282 0.031235 0.052083
0 0.725582 0.392880 0.031235 0.052083
0 0.757036 0.358932 0.031235 0.052083
0 0.759709 0.405372 0.031235 0.052083
0 0.733618 0.458964 0.031235 0.052083
0 0.709527 0.490550 0.031235 0.052083
0 0.693127 0.446472 0.031235 0.052083
0 0.667364 0.406570 0.031235 0.052083
0 0.645964 0.469709 0.031235 0.052083
0 0.670055 0.487573 0.031235 0.052083
0 0.676073 0.513172 0.031235 0.052083
0 0.640600 0.530453 0.031235 0.052083
0 0.610491 0.522686 0.031235 0.052083
0 0.589073 0.498285 0.031235 0.052083
0 0.594764 0.470906 0.031235 0.052083
0 0.623200 0.494725 0.031235 0.052083
0 0.583400 0.555437 0.031235 0.052083
0 0.605145 0.551294 0.031235 0.052083
0 0.558964 0.612621 0.031235 0.052083
0 0.519491 0.653722 0.031235 0.052083
0 0.509127 0.621553 0.031235 0.052083
0 0.488709 0.621553 0.031235 0.052083
0 0.631564 0.585243 0.031235 0.052083
0 0.599818 0.633333 0.031235 0.052083
0 0.619855 0.669191 0.031235 0.052083
0 0.576364 0.694207 0.031235 0.052083
0 0.659673 0.645372 0.031235 0.052083
0 0.708182 0.603689 0.031235 0.052083
0 0.691455 0.570324 0.031235 0.052083
0 0.679073 0.536990 0.031235 0.052083
0 0.661018 0.594175 0.031235 0.052083
0 0.561655 0.794854 0.031235 0.052083
0 0.590091 0.815696 0.031235 0.052083
0 0.618855 0.775793 0.031235 0.052083
0 0.610491 0.859159 0.031235 0.052083
0 0.571691 0.867508 0.031235 0.052083
0 0.659000 0.843074 0.031235 0.052083
0 0.659673 0.753754 0.031235 0.052083
0 0.701164 0.694790 0.031235 0.052083
0 0.709182 0.772201 0.031235 0.052083
0 0.767073 0.714466 0.031235 0.052083
0 0.762727 0.856764 0.031235 0.052083
0 0.709855 0.865113 0.031235 0.052083
0 0.756691 0.629903 0.031235 0.052083
0 0.737291 0.557249 0.031235 0.052083
0 0.785473 0.967540 0.031235 0.052083
0 0.696473 0.950874 0.031235 0.052083
0 0.646618 0.918123 0.031235 0.052083
0 0.802200 0.916926 0.031235 0.052083
0 0.838673 0.926440 0.031235 0.052083
0 0.823945 0.834757 0.031235 0.052083
0 0.809564 0.695987 0.031235 0.052083
0 0.833982 0.617379 0.031235 0.052083
0 0.837327 0.680518 0.031235 0.052083
0 0.851709 0.729935 0.031235 0.052083
0 0.843691 0.765081 0.031235 0.052083
0 0.930327 0.921100 0.031235 0.052083
0 0.916945 0.975275 0.031235 0.052083
0 0.897545 0.937152 0.031235 0.052083
0 0.889855 0.886537 0.031235 0.052083
0 0.872455 0.815081 0.031235 0.052083
0 0.910600 0.834757 0.031235 0.052083
0 0.894873 0.779353 0.031235 0.052083
0 0.937691 0.809741 0.031235 0.052083
0 0.942709 0.781748 0.031235 0.052083
0 0.953091 0.746019 0.031235 0.052083
0 0.923982 0.753172 0.031235 0.052083
0 0.971145 0.872848 0.031235 0.052083
0 0.971145 0.839515 0.031235 0.052083
0 0.960782 0.961586 0.031235 0.052083
0 0.977509 0.988964 0.031235 0.052083
0 0.883164 0.660259 0.031235 0.052083
0 0.917618 0.632265 0.031235 0.052083
0 0.900218 0.621553 0.031235 0.052083
0 0.891527 0.595955 0.031235 0.052083
0 0.901236 0.569741 0.031235 0.052083
0 0.865436 0.609644 0.031235 0.052083
0 0.867764 0.585825 0.031235 0.052083
0 0.810564 0.650744 0.031235 0.052083
0 0.810564 0.603107 0.031235 0.052083
0 0.814582 0.572718 0.031235 0.052083
0 0.793836 0.578091 0.031235 0.052083
0 0.796182 0.552460 0.031235 0.052083
0 0.767745 0.516149 0.031235 0.052083
0 0.770073 0.441715 0.031235 0.052083
0 0.790818 0.503657 0.031235 0.052083
0 0.811564 0.511974 0.031235 0.052083
0 0.793836 0.482816 0.031235 0.052083
0 0.800527 0.467314 0.031235 0.052083
0 0.830636 0.461359 0.031235 0.052083
0 0.805873 0.436343 0.031235 0.052083
0 0.830309 0.434563 0.031235 0.052083
0 0.821273 0.422071 0.031235 0.052083
0 0.808218 0.405372 0.031235 0.052083
0 0.789491 0.393463 0.031235 0.052083
0 0.848709 0.416117 0.031235 0.052083
0 0.842018 0.404790 0.031235 0.052083
0 0.861073 0.453010 0.031235 0.052083
0 0.869436 0.439320 0.031235 0.052083
0 0.867764 0.476861 0.031235 0.052083
0 0.843345 0.484595 0.031235 0.052083
0 0.833655 0.503657 0.031235 0.052083
0 0.851382 0.526861 0.031235 0.052083
0 0.869782 0.543528 0.031235 0.052083
0 0.895873 0.517929 0.031235 0.052083
0 0.843345 0.572718 0.031235 0.052083
0 0.845691 0.545340 0.031235 0.052083
0 0.915945 0.550680 0.031235 0.052083
0 0.936691 0.509612 0.031235 0.052083
0 0.909255 0.482201 0.031235 0.052083
0 0.921964 0.467314 0.031235 0.052083
0 0.894873 0.457799 0.031235 0.052083
0 0.895873 0.423851 0.031235 0.052083
0 0.910927 0.443495 0.031235 0.052083
0 0.945400 0.445275 0.031235 0.052083
0 0.951745 0.484595 0.031235 0.052083
0 0.945036 0.682104 0.031235 0.052083
0 0.973364 0.699579 0.031235 0.052083
0 0.991291 0.663560 0.031235 0.052083
0 0.975091 0.619320 0.031235 0.052083
0 0.926527 0.597702 0.031235 0.052083
0 0.947927 0.549353 0.031235 0.052083
0 0.982618 0.565825 0.031235 0.052083
0 0.964109 0.543172 0.031235 0.052083
0 0.973364 0.516408 0.031235 0.052083
0 0.972782 0.472168 0.031235 0.052083
0 0.979727 0.440259 0.031235 0.052083
0 0.953127 0.417638 0.031235 0.052083
0 0.989382 0.753495 0.031235 0.052083
0 0.968164 0.790356 0.031235 0.052083
0 0.990818 0.931845 0.031235 0.052083
0 0.993473 0.531748 0.031235 0.052083
0 0.927927 0.572913 0.031235 0.052083
0 0.736218 0.667282 0.031235 0.052083
0 0.990764 0.411133 0.031235 0.052083
0 0.719218 0.526084 0.031235 0.052083