0 0.398992 0.705762 0.104167 0.385417
0 0.297983 0.704237 0.104167 0.385417
0 0.202017 0.690600 0.104167 0.385417
0 0.096967 0.693637 0.104167 0.385417
0 0.192933 0.304237 0.104167 0.385417
0 0.328283 0.342125 0.104167 0.385417
0 0.417175 0.345150 0.104167 0.385417
0 0.504042 0.336062 0.104167 0.385417
0 0.509092 0.714850 0.104167 0.385417
0 0.613133 0.708788 0.104167 0.385417
0 0.604042 0.349700 0.104167 0.385417
0 0.697983 0.345150 0.104167 0.385417
0 0.818183 0.308787 0.104167 0.385417
0 0.915150 0.726975 0.104167 0.385417
0 0.808083 0.699700 0.104167 0.385417
0 0.719192 0.716363 0.104167 0.385417