0 0.532581 0.270095 0.147059 0.050347
0 0.285549 0.364764 0.147059 0.050347
0 0.386520 0.411236 0.147059 0.050347
0 0.487500 0.382301 0.147059 0.050347
0 0.551924 0.451572 0.147059 0.050347
0 0.645935 0.403347 0.147059 0.050347
0 0.710360 0.336707 0.147059 0.050347
0 0.572815 0.340217 0.147059 0.050347
0 0.567590 0.296372 0.147059 0.050347
0 0.440495 0.334076 0.147059 0.050347
0 0.438759 0.294620 0.147059 0.050347
0 0.323849 0.304266 0.147059 0.050347
0 0.134074 0.323555 0.147059 0.050347
0 0.205459 0.274452 0.147059 0.050347
0 0.341259 0.249900 0.147059 0.050347
0 0.461385 0.219212 0.147059 0.050347
0 0.593705 0.236748 0.147059 0.050347
0 0.710360 0.249900 0.147059 0.050347
0 0.703390 0.283220 0.147059 0.050347