0 0.224525 0.980206 0.101852 0.091146
0 0.178012 0.910375 0.101852 0.091146
0 0.099512 0.766379 0.101852 0.091146
0 0.105325 0.652927 0.101852 0.091146
0 0.051550 0.548199 0.101852 0.091146
0 0.021025 0.417298 0.101852 0.091146
0 0.099512 0.347467 0.101852 0.091146
0 0.029737 0.262383 0.101852 0.091146
0 0.013750 0.164203 0.101852 0.091146
0 0.103875 0.046379 0.101852 0.091146
0 0.135862 0.131482 0.101852 0.091146
0 0.169288 0.229662 0.101852 0.091146
0 0.225987 0.306023 0.101852 0.091146
0 0.307387 0.388931 0.101852 0.091146
0 0.343725 0.511107 0.101852 0.091146
0 0.189638 0.556923 0.101852 0.091146
0 0.166388 0.439118 0.101852 0.091146
0 0.252150 0.657298 0.101852 0.091146
0 0.384425 0.631107 0.101852 0.091146
0 0.294300 0.772927 0.101852 0.091146
0 0.428038 0.753302 0.101852 0.091146
0 0.332100 0.895103 0.101852 0.091146
0 0.465838 0.958386 0.101852 0.091146
0 0.372800 0.993302 0.101852 0.091146
0 0.710037 0.945291 0.101852 0.091146
0 0.571950 0.858030 0.101852 0.091146
0 0.531250 0.788199 0.101852 0.091146
0 0.657712 0.733659 0.101852 0.091146
0 0.807438 0.908199 0.101852 0.091146
0 0.753650 0.792570 0.101852 0.091146
0 0.893200 0.823114 0.101852 0.091146
0 0.997862 0.788199 0.101852 0.091146
0 0.993500 0.633302 0.101852 0.091146
0 0.949887 0.585291 0.101852 0.091146
0 0.832150 0.709662 0.101852 0.091146
0 0.739112 0.626754 0.101852 0.091146
0 0.654800 0.661651 0.101852 0.091146
0 0.601025 0.602739 0.101852 0.091146
0 0.478912 0.552570 0.101852 0.091146
0 0.464375 0.432570 0.101852 0.091146
0 0.460012 0.325666 0.101852 0.091146
0 0.346637 0.277655 0.101852 0.091146
0 0.284125 0.183846 0.101852 0.091146
0 0.247787 0.096567 0.101852 0.091146
0 0.224525 0.015835 0.101852 0.091146
0 0.349538 0.035478 0.101852 0.091146
0 0.435300 0.072570 0.101852 0.091146
0 0.393150 0.129287 0.101852 0.091146
0 0.442575 0.216567 0.101852 0.091146
0 0.502175 0.205666 0.101852 0.091146
0 0.465838 0.146754 0.101852 0.091146
0 0.564675 0.258030 0.101852 0.091146
0 0.545787 0.391107 0.101852 0.091146
0 0.570488 0.489287 0.101852 0.091146
0 0.667887 0.432570 0.101852 0.091146
0 0.730387 0.517655 0.101852 0.091146
0 0.881575 0.515478 0.101852 0.091146
0 0.848137 0.421651 0.101852 0.091146
0 0.994663 0.442383 0.101852 0.091146
0 0.976500 0.365141 0.101852 0.091146
0 0.993650 0.221144 0.101852 0.091146
0 0.971550 0.165084 0.101852 0.091146
0 0.928087 0.083265 0.101852 0.091146
0 0.973300 0.013659 0.101852 0.091146
0 0.868637 0.013659 0.101852 0.091146
0 0.771238 0.042026 0.101852 0.091146
0 0.643325 0.007111 0.101852 0.091146
0 0.538662 0.024559 0.101852 0.091146
0 0.569188 0.105291 0.101852 0.091146
0 0.665125 0.066023 0.101852 0.091146
0 0.679662 0.172927 0.101852 0.091146
0 0.672387 0.271107 0.101852 0.091146
0 0.779963 0.255835 0.101852 0.091146
0 0.781412 0.345291 0.101852 0.091146
0 0.900612 0.268931 0.101852 0.091146
0 0.874450 0.216567 0.101852 0.091146
0 0.883175 0.142383 0.101852 0.091146
0 0.807588 0.107467 0.101852 0.091146
0 0.785775 0.170750 0.101852 0.091146
0 0.727488 0.149156 0.101852 0.091146