0 0.269287 0.374493 0.147876 0.100694
0 0.382627 0.399862 0.147876 0.100694
0 0.409250 0.337960 0.147876 0.100694
0 0.514221 0.395807 0.147876 0.100694
0 0.583433 0.500839 0.147876 0.100694
0 0.426754 0.504393 0.147876 0.100694
0 0.320263 0.512503 0.147876 0.100694
0 0.200075 0.501339 0.147876 0.100694
0 0.287542 0.443504 0.147876 0.100694
0 0.303527 0.596233 0.147876 0.100694
0 0.511932 0.577960 0.147876 0.100694
0 0.368180 0.640889 0.147876 0.100694
0 0.497486 0.654080 0.147876 0.100694
0 0.629850 0.632766 0.147876 0.100694
0 0.788068 0.590651 0.147876 0.100694
0 0.716548 0.527735 0.147876 0.100694
0 0.669400 0.390225 0.147876 0.100694
0 0.779700 0.447559 0.147876 0.100694
0 0.695253 0.455682 0.147876 0.100694
0 0.617674 0.333892 0.147876 0.100694
0 0.488368 0.316133 0.147876 0.100694