0 0.482348 0.540911 0.049769 0.099826
0 0.377380 0.471199 0.049769 0.099826
0 0.262316 0.386355 0.049769 0.099826
0 0.202764 0.331823 0.049769 0.099826
0 0.150288 0.301511 0.049769 0.099826
0 0.115974 0.259089 0.049769 0.099826
0 0.083674 0.245444 0.049769 0.099826
0 0.053387 0.207578 0.049769 0.099826
0 0.030176 0.198489 0.049769 0.099826
0 0.009984 0.184844 0.049769 0.099826
0 0.723562 0.418177 0.049769 0.099826
0 0.578227 0.343933 0.049769 0.099826
0 0.493450 0.315156 0.049769 0.099826
0 0.417748 0.286355 0.049769 0.099826
0 0.355176 0.262110 0.049769 0.099826
0 0.301677 0.233333 0.049769 0.099826
0 0.260304 0.204532 0.049769 0.099826
0 0.228003 0.203022 0.049769 0.099826
0 0.192668 0.181823 0.049769 0.099826
0 0.158355 0.165156 0.049769 0.099826
0 0.136054 0.154844 0.049769 0.099826
0 0.114952 0.148777 0.049769 0.099826
0 0.090639 0.139544 0.049769 0.099826
0 0.069137 0.125612 0.049769 0.099826
0 0.058035 0.115300 0.049769 0.099826
0 0.051278 0.115755 0.049769 0.099826
0 0.025224 0.109233 0.049769 0.099826
0 0.015751 0.108633 0.049769 0.099826
0 0.003131 0.102878 0.049769 0.099826
0 0.893419 0.353333 0.049769 0.099826
0 0.981534 0.291199 0.049769 0.099826
0 0.993946 0.191511 0.049769 0.099826
0 0.974265 0.161966 0.049769 0.099826
0 0.946214 0.133933 0.049769 0.099826
0 0.943179 0.214844 0.049769 0.099826
0 0.908962 0.182110 0.049769 0.099826
0 0.883035 0.161966 0.049769 0.099826
0 0.864361 0.132422 0.049769 0.099826
0 0.858099 0.239856 0.049769 0.099826
0 0.838419 0.185300 0.049769 0.099826
0 0.835288 0.149089 0.049769 0.099826
0 0.816310 0.133333 0.049769 0.099826
0 0.811070 0.112422 0.049769 0.099826
0 0.739505 0.280312 0.049769 0.099826
0 0.761821 0.210000 0.049769 0.099826
0 0.761102 0.165755 0.049769 0.099826
0 0.770495 0.140911 0.049769 0.099826
0 0.774936 0.120911 0.049769 0.099826
0 0.769185 0.108177 0.049769 0.099826
0 0.643019 0.276667 0.049769 0.099826
0 0.673195 0.209688 0.049769 0.099826
0 0.704888 0.168489 0.049769 0.099826
0 0.714984 0.138321 0.049769 0.099826
0 0.725783 0.125300 0.049769 0.099826
0 0.559457 0.238777 0.049769 0.099826
0 0.612029 0.185899 0.049769 0.099826
0 0.634345 0.159856 0.049769 0.099826
0 0.658163 0.143645 0.049769 0.099826
0 0.679760 0.125300 0.049769 0.099826
0 0.690160 0.110911 0.049769 0.099826
0 0.488403 0.205755 0.049769 0.099826
0 0.543307 0.163477 0.049769 0.099826
0 0.577620 0.143933 0.049769 0.099826
0 0.605783 0.128489 0.049769 0.099826
0 0.627780 0.106811 0.049769 0.099826
0 0.649073 0.099544 0.049769 0.099826
0 0.431374 0.213022 0.049769 0.099826
0 0.493147 0.152110 0.049769 0.099826
0 0.525431 0.132566 0.049769 0.099826
0 0.560351 0.113789 0.049769 0.099826
0 0.590431 0.100312 0.049769 0.099826
0 0.379601 0.186978 0.049769 0.099826
0 0.453067 0.153333 0.049769 0.099826
0 0.492125 0.117578 0.049769 0.099826
0 0.337604 0.164101 0.049769 0.099826
0 0.376661 0.124700 0.049769 0.099826
0 0.409169 0.133333 0.049769 0.099826
0 0.426326 0.121823 0.049769 0.099826
0 0.455895 0.115444 0.049769 0.099826
0 0.302588 0.152566 0.049769 0.099826
0 0.259281 0.144245 0.049769 0.099826
0 0.236677 0.134844 0.049769 0.099826
0 0.347396 0.120144 0.049769 0.099826
0 0.388482 0.101511 0.049769 0.099826
0 0.414409 0.092566 0.049769 0.099826
0 0.371917 0.086978 0.049769 0.099826
0 0.354872 0.092734 0.049769 0.099826
0 0.316310 0.113189 0.049769 0.099826
0 0.327204 0.098177 0.049769 0.099826
0 0.299968 0.087410 0.049769 0.099826
0 0.278962 0.103189 0.049769 0.099826
0 0.254233 0.101055 0.049769 0.099826
0 0.208626 0.125755 0.049769 0.099826
0 0.191470 0.116355 0.049769 0.099826
0 0.163307 0.115300 0.049769 0.099826
0 0.144026 0.103022 0.049769 0.099826
0 0.230623 0.089089 0.049769 0.099826
0 0.903419 0.099856 0.049769 0.099826
0 0.876565 0.093477 0.049769 0.099826
0 0.847812 0.092422 0.049769 0.099826
0 0.797748 0.084532 0.049769 0.099826
0 0.709633 0.084532 0.049769 0.099826
0 0.670783 0.075755 0.049769 0.099826
0 0.688546 0.077266 0.049769 0.099826
0 0.124137 0.097866 0.049769 0.099826
0 0.103546 0.091055 0.049769 0.099826
0 0.091550 0.085755 0.049769 0.099826
0 0.199840 0.090911 0.049769 0.099826
0 0.169457 0.083933 0.049769 0.099826
0 0.314489 0.082110 0.049769 0.099826
0 0.342348 0.074532 0.049769 0.099826