0 0.114400 0.048500 0.180556 0.186632
0 0.111367 0.348500 0.180556 0.186632
0 0.266067 0.384833 0.180556 0.186632
0 0.453800 0.356500 0.180556 0.186632
0 0.656667 0.367433 0.180556 0.186632
0 0.859533 0.367433 0.180556 0.186632
0 0.750467 0.670600 0.180556 0.186632
0 0.569400 0.681500 0.180556 0.186632
0 0.453800 0.677267 0.180556 0.186632
0 0.266067 0.703333 0.180556 0.186632
0 0.087267 0.681500 0.180556 0.186632
0 0.782867 0.957433 0.180556 0.186632
0 0.581833 0.973167 0.180556 0.186632
0 0.430900 0.979400 0.180556 0.186632
0 0.233033 0.941667 0.180556 0.186632