0 0.038833 0.100583 0.072749 0.152778
0 0.113367 0.106893 0.072749 0.152778
0 0.176000 0.106893 0.072749 0.152778
0 0.276433 0.114757 0.072749 0.152778
0 0.374700 0.095874 0.072749 0.152778
0 0.455700 0.095874 0.072749 0.152778
0 0.570167 0.094320 0.072749 0.152778
0 0.671667 0.095874 0.072749 0.152778
0 0.777500 0.097476 0.072749 0.152778
0 0.877933 0.091165 0.072749 0.152778
0 0.948133 0.083301 0.072749 0.152778
0 0.073400 0.272039 0.072749 0.152778
0 0.201900 0.275146 0.072749 0.152778
0 0.341233 0.275146 0.072749 0.152778
0 0.441633 0.265728 0.072749 0.152778
0 0.543167 0.264175 0.072749 0.152778
0 0.618767 0.257864 0.072749 0.152778
0 0.696500 0.265728 0.072749 0.152778
0 0.774267 0.253155 0.072749 0.152778
0 0.852000 0.254709 0.072749 0.152778
0 0.941633 0.257864 0.072749 0.152778
0 0.949200 0.394709 0.072749 0.152778
0 0.854167 0.404126 0.072749 0.152778
0 0.749433 0.423010 0.072749 0.152778
0 0.678133 0.429272 0.072749 0.152778
0 0.610100 0.429272 0.072749 0.152778
0 0.532367 0.421408 0.072749 0.152778
0 0.463233 0.419854 0.072749 0.152778
0 0.385500 0.419854 0.072749 0.152778
0 0.281833 0.429272 0.072749 0.152778
0 0.174900 0.426165 0.072749 0.152778
0 0.098233 0.437136 0.072749 0.152778
0 0.035600 0.416699 0.072749 0.152778
0 0.050733 0.585000 0.072749 0.152778
0 0.141433 0.591262 0.072749 0.152778
0 0.214867 0.596019 0.072749 0.152778
0 0.293700 0.599126 0.072749 0.152778
0 0.361733 0.596019 0.072749 0.152778
0 0.428700 0.599126 0.072749 0.152778
0 0.539933 0.597573 0.072749 0.152778
0 0.625233 0.588155 0.072749 0.152778
0 0.704067 0.592864 0.072749 0.152778
0 0.780733 0.589709 0.072749 0.152778
0 0.860667 0.591262 0.072749 0.152778
0 0.942733 0.594417 0.072749 0.152778
0 0.941633 0.754854 0.072749 0.152778
0 0.864967 0.750097 0.072749 0.152778
0 0.777500 0.750097 0.072749 0.152778
0 0.706233 0.764272 0.072749 0.152778
0 0.620900 0.753252 0.072749 0.152778
0 0.546400 0.751699 0.072749 0.152778
0 0.426533 0.750097 0.072749 0.152778
0 0.342300 0.753252 0.072749 0.152778
0 0.261300 0.753252 0.072749 0.152778
0 0.186800 0.753252 0.072749 0.152778
0 0.074467 0.764272 0.072749 0.152778
0 0.909567 0.920437 0.072749 0.152778
0 0.836800 0.917621 0.072749 0.152778
0 0.771467 0.923107 0.072749 0.152778
0 0.696833 0.920437 0.072749 0.152778
0 0.618433 0.914951 0.072749 0.152778
0 0.547467 0.917621 0.072749 0.152778
0 0.360867 0.912282 0.072749 0.152778
0 0.280633 0.917621 0.072749 0.152778
0 0.200400 0.917621 0.072749 0.152778
0 0.116500 0.914951 0.072749 0.152778
0 0.041867 0.912282 0.072749 0.152778