0 0.100838 0.618263 0.056424 0.053819
0 0.474925 0.721287 0.056424 0.053819
0 0.470375 0.668262 0.056424 0.053819
0 0.517500 0.662200 0.056424 0.053819
0 0.517500 0.610525 0.056424 0.053819
0 0.553712 0.268263 0.056424 0.053819
0 0.587200 0.171288 0.056424 0.053819
0 0.618862 0.118262 0.056424 0.053819
0 0.700837 0.140988 0.056424 0.053819
0 0.644775 0.190987 0.056424 0.053819
0 0.691587 0.215075 0.056424 0.053819
0 0.776438 0.474162 0.056424 0.053819
0 0.814475 0.515075 0.056424 0.053819
0 0.549312 0.772800 0.056424 0.053819
0 0.529012 0.723562 0.056424 0.053819
0 0.583413 0.707050 0.056424 0.053819
0 0.602350 0.784162 0.056424 0.053819
0 0.659162 0.719775 0.056424 0.053819
0 0.684312 0.775225 0.056424 0.053819
0 0.703263 0.688100 0.056424 0.053819
0 0.694475 0.628862 0.056424 0.053819
0 0.723562 0.611138 0.056424 0.053819
0 0.686900 0.589625 0.056424 0.053819
0 0.657800 0.553100 0.056424 0.053819
0 0.637650 0.602350 0.056424 0.053819
0 0.578263 0.627500 0.056424 0.053819
0 0.635075 0.656587 0.056424 0.053819
0 0.600988 0.559312 0.056424 0.053819
0 0.546737 0.547950 0.056424 0.053819
0 0.524625 0.573562 0.056424 0.053819