0 0.198348 0.797485 0.106120 0.074653
0 0.291623 0.773470 0.106120 0.074653
0 0.384898 0.821481 0.106120 0.074653
0 0.465073 0.749474 0.106120 0.074653
0 0.448713 0.823665 0.106120 0.074653
0 0.504342 0.841111 0.106120 0.074653
0 0.834401 0.834347 0.106120 0.074653
0 0.764035 0.757115 0.106120 0.074653
0 0.821959 0.705400 0.106120 0.074653
0 0.852734 0.643450 0.106120 0.074653
0 0.990175 0.699961 0.106120 0.074653
0 0.644912 0.695595 0.106120 0.074653
0 0.747997 0.625770 0.106120 0.074653
0 0.585994 0.643216 0.106120 0.074653
0 0.523816 0.673762 0.106120 0.074653
0 0.428904 0.704308 0.106120 0.074653
0 0.391930 0.637115 0.106120 0.074653
0 0.286711 0.680097 0.106120 0.074653
0 0.214708 0.632105 0.106120 0.074653
0 0.256433 0.613119 0.106120 0.074653
0 0.101140 0.718070 0.106120 0.074653
0 0.047149 0.677700 0.106120 0.074653
0 0.025380 0.555088 0.106120 0.074653
0 0.192939 0.550058 0.106120 0.074653
0 0.130439 0.537407 0.106120 0.074653
0 0.145658 0.495731 0.106120 0.074653
0 0.161696 0.441404 0.106120 0.074653
0 0.285731 0.484386 0.106120 0.074653
0 0.330234 0.512320 0.106120 0.074653
0 0.393728 0.486998 0.106120 0.074653
0 0.386199 0.540019 0.106120 0.074653
0 0.460000 0.576686 0.106120 0.074653
0 0.538713 0.521033 0.106120 0.074653
0 0.617251 0.551365 0.106120 0.074653
0 0.280980 0.580390 0.106120 0.074653
0 0.407968 0.566433 0.106120 0.074653
0 0.431696 0.564016 0.106120 0.074653
0 0.487485 0.473041 0.106120 0.074653
0 0.531023 0.411306 0.106120 0.074653
0 0.471462 0.397329 0.106120 0.074653
0 0.507456 0.378343 0.106120 0.074653
0 0.351184 0.447739 0.106120 0.074653
0 0.337924 0.415010 0.106120 0.074653
0 0.394708 0.377037 0.106120 0.074653
0 0.245965 0.420019 0.106120 0.074653
0 0.131418 0.412398 0.106120 0.074653
0 0.135175 0.369630 0.106120 0.074653
0 0.178713 0.315302 0.106120 0.074653
0 0.268713 0.315302 0.106120 0.074653
0 0.226170 0.317700 0.106120 0.074653
0 0.307485 0.324016 0.106120 0.074653
0 0.345453 0.351949 0.106120 0.074653
0 0.293421 0.384678 0.106120 0.074653
0 0.239415 0.354347 0.106120 0.074653
0 0.560804 0.357193 0.106120 0.074653
0 0.568333 0.277544 0.106120 0.074653
0 0.630015 0.235887 0.106120 0.074653
0 0.562763 0.182865 0.106120 0.074653
0 0.469006 0.185478 0.106120 0.074653
0 0.487982 0.228460 0.106120 0.074653
0 0.410249 0.222125 0.106120 0.074653
0 0.429240 0.258791 0.106120 0.074653
0 0.361988 0.248538 0.106120 0.074653
0 0.325000 0.268830 0.106120 0.074653
0 0.924401 0.472164 0.106120 0.074653
0 0.953860 0.360897 0.106120 0.074653
0 0.967105 0.290214 0.106120 0.074653
0 0.874327 0.307875 0.106120 0.074653
0 0.880877 0.352164 0.106120 0.074653
0 0.861886 0.149688 0.106120 0.074653
0 0.829488 0.197037 0.106120 0.074653
0 0.760102 0.164308 0.106120 0.074653
0 0.539854 0.103216 0.106120 0.074653
0 0.516944 0.129630 0.106120 0.074653
0 0.561126 0.148616 0.106120 0.074653
0 0.621184 0.123294 0.106120 0.074653
0 0.658977 0.103216 0.106120 0.074653
0 0.447558 0.156901 0.106120 0.074653
0 0.502705 0.167368 0.106120 0.074653
0 0.656857 0.269045 0.106120 0.074653
0 0.823436 0.050643 0.106120 0.074653
0 0.975950 0.075945 0.106120 0.074653
0 0.764035 0.272320 0.106120 0.074653
0 0.727880 0.227797 0.106120 0.074653
0 0.676330 0.227797 0.106120 0.074653
0 0.702018 0.205770 0.106120 0.074653
0 0.645570 0.197914 0.106120 0.074653
0 0.624781 0.145984 0.106120 0.074653
0 0.740643 0.074211 0.106120 0.074653
0 0.926199 0.162573 0.106120 0.074653
0 0.946988 0.190273 0.106120 0.074653
0 0.878904 0.096901 0.106120 0.074653
0 0.841930 0.233041 0.106120 0.074653
0 0.798728 0.264893 0.106120 0.074653
0 0.713480 0.267953 0.106120 0.074653
0 0.738509 0.131579 0.106120 0.074653
0 0.529386 0.258791 0.106120 0.074653
0 0.541988 0.223879 0.106120 0.074653
0 0.588626 0.211871 0.106120 0.074653
0 0.603348 0.183080 0.106120 0.074653
0 0.991813 0.212963 0.106120 0.074653
0 0.809196 0.113470 0.106120 0.074653
0 0.765687 0.212417 0.106120 0.074653
0 0.812076 0.149025 0.106120 0.074653
0 0.873421 0.176472 0.106120 0.074653
0 0.461067 0.344503 0.106120 0.074653
0 0.427295 0.305497 0.106120 0.074653
0 0.692968 0.171774 0.106120 0.074653