0 0.355511 0.203333 0.230115 0.055556
0 0.344889 0.265429 0.230115 0.055556
0 0.342778 0.298762 0.230115 0.055556
0 0.335356 0.329079 0.230115 0.055556
0 0.330044 0.360889 0.230115 0.055556
0 0.323689 0.392698 0.230115 0.055556
0 0.316267 0.429079 0.230115 0.055556
0 0.310956 0.457873 0.230115 0.055556
0 0.298222 0.492698 0.230115 0.055556
0 0.298222 0.507873 0.230115 0.055556
0 0.295044 0.533619 0.230115 0.055556
0 0.287622 0.568476 0.230115 0.055556
0 0.291867 0.598762 0.230115 0.055556
0 0.291867 0.629079 0.230115 0.055556
0 0.126422 0.615429 0.230115 0.055556
0 0.120044 0.598762 0.230115 0.055556
0 0.120044 0.574540 0.230115 0.055556
0 0.122178 0.544222 0.230115 0.055556
0 0.126422 0.520000 0.230115 0.055556
0 0.131711 0.497270 0.230115 0.055556
0 0.133844 0.476032 0.230115 0.055556
0 0.138089 0.448762 0.230115 0.055556
0 0.143378 0.409365 0.230115 0.055556
0 0.629133 0.235143 0.230115 0.055556
0 0.631267 0.292698 0.230115 0.055556
0 0.623844 0.345746 0.230115 0.055556
0 0.613222 0.392698 0.230115 0.055556
0 0.605800 0.432095 0.230115 0.055556
0 0.605800 0.460889 0.230115 0.055556
0 0.605800 0.500286 0.230115 0.055556
0 0.605800 0.539683 0.230115 0.055556
0 0.598378 0.579079 0.230115 0.055556
0 0.583533 0.609365 0.230115 0.055556
0 0.576111 0.654825 0.230115 0.055556
0 0.917622 0.342698 0.230115 0.055556
0 0.913378 0.435143 0.230115 0.055556
0 0.913378 0.476032 0.230115 0.055556
0 0.919756 0.536667 0.230115 0.055556
0 0.930356 0.583619 0.230115 0.055556
0 0.930356 0.618476 0.230115 0.055556
0 0.922933 0.665429 0.230115 0.055556
0 0.781867 0.892698 0.230115 0.055556
0 0.437178 0.892698 0.230115 0.055556
0 0.193222 0.856349 0.230115 0.055556
0 0.139133 0.920000 0.230115 0.055556
0 0.097778 0.927556 0.230115 0.055556
0 0.033089 0.897270 0.230115 0.055556
0 0.028844 0.923016 0.230115 0.055556
0 0.026711 0.863937 0.230115 0.055556
0 0.077622 0.777556 0.230115 0.055556
0 0.229289 0.074540 0.230115 0.055556
0 0.222933 0.053333 0.230115 0.055556
0 0.216556 0.027556 0.230115 0.055556
0 0.199600 0.009365 0.230115 0.055556
0 0.170956 0.006349 0.230115 0.055556
0 0.063844 0.156349 0.230115 0.055556
0 0.078689 0.123016 0.230115 0.055556
0 0.082933 0.103333 0.230115 0.055556
0 0.078689 0.088159 0.230115 0.055556
0 0.076556 0.073016 0.230115 0.055556
0 0.085044 0.041206 0.230115 0.055556
0 0.087178 0.024540 0.230115 0.055556
0 0.078689 0.006349 0.230115 0.055556