0 0.743600 0.010333 0.257738 0.020833
0 0.740086 0.030042 0.257738 0.020833
0 0.734600 0.054167 0.257738 0.020833
0 0.730571 0.081208 0.257738 0.020833
0 0.728086 0.103833 0.257738 0.020833
0 0.725057 0.151333 0.257738 0.020833
0 0.725571 0.125750 0.257738 0.020833
0 0.722057 0.176167 0.257738 0.020833
0 0.720057 0.198833 0.257738 0.020833
0 0.717543 0.222958 0.257738 0.020833
0 0.718057 0.245583 0.257738 0.020833
0 0.719057 0.267500 0.257738 0.020833
0 0.719057 0.292375 0.257738 0.020833
0 0.718543 0.315000 0.257738 0.020833
0 0.718543 0.335458 0.257738 0.020833
0 0.719543 0.361042 0.257738 0.020833
0 0.720057 0.386625 0.257738 0.020833
0 0.722057 0.412208 0.257738 0.020833
0 0.722571 0.432667 0.257738 0.020833
0 0.723057 0.458208 0.257738 0.020833
0 0.724571 0.485250 0.257738 0.020833
0 0.724057 0.507167 0.257738 0.020833
0 0.725057 0.527625 0.257738 0.020833
0 0.723057 0.552500 0.257738 0.020833
0 0.724057 0.573667 0.257738 0.020833
0 0.724057 0.597792 0.257738 0.020833
0 0.725057 0.619708 0.257738 0.020833
0 0.725057 0.648208 0.257738 0.020833
0 0.724571 0.665750 0.257738 0.020833
0 0.724057 0.689875 0.257738 0.020833
0 0.724571 0.715417 0.257738 0.020833
0 0.724057 0.738083 0.257738 0.020833
0 0.723057 0.757792 0.257738 0.020833
0 0.724571 0.786292 0.257738 0.020833
0 0.366686 0.966875 0.257738 0.020833
0 0.370229 0.922125 0.257738 0.020833
0 0.360800 0.872208 0.257738 0.020833
0 0.356057 0.817125 0.257738 0.020833
0 0.358429 0.763750 0.257738 0.020833
0 0.357257 0.720708 0.257738 0.020833
0 0.372600 0.669042 0.257738 0.020833
0 0.366686 0.624292 0.257738 0.020833
0 0.363143 0.574375 0.257738 0.020833
0 0.360800 0.522708 0.257738 0.020833
0 0.370229 0.464167 0.257738 0.020833
0 0.371400 0.421125 0.257738 0.020833
0 0.364343 0.366042 0.257738 0.020833
0 0.371400 0.319542 0.257738 0.020833
0 0.376143 0.266167 0.257738 0.020833
0 0.366686 0.216250 0.257738 0.020833
0 0.360800 0.166333 0.257738 0.020833
0 0.360800 0.109500 0.257738 0.020833
0 0.367857 0.064750 0.257738 0.020833
0 0.376143 0.013083 0.257738 0.020833