0 0.353963 0.098499 0.166667 0.034722
0 0.356013 0.122743 0.166667 0.034722
0 0.356013 0.145468 0.166667 0.034722
0 0.358050 0.166682 0.166667 0.034722
0 0.358050 0.184866 0.166667 0.034722
0 0.360100 0.209101 0.166667 0.034722
0 0.360100 0.230315 0.166667 0.034722
0 0.362137 0.259101 0.166667 0.034722
0 0.362137 0.280315 0.166667 0.034722
0 0.362137 0.301529 0.166667 0.034722
0 0.362137 0.325774 0.166667 0.034722
0 0.362137 0.346988 0.166667 0.034722
0 0.364175 0.369713 0.166667 0.034722
0 0.366225 0.389407 0.166667 0.034722
0 0.368262 0.413652 0.166667 0.034722
0 0.368262 0.434866 0.166667 0.034722
0 0.368262 0.456070 0.166667 0.034722
0 0.368262 0.481835 0.166667 0.034722