0 0.478540 0.861840 0.449653 0.016493
0 0.478540 0.869450 0.449653 0.016493
0 0.480560 0.882140 0.449653 0.016493
0 0.481070 0.894320 0.449653 0.016493
0 0.480060 0.902940 0.449653 0.016493
0 0.479550 0.913600 0.449653 0.016493
0 0.479550 0.923750 0.449653 0.016493
0 0.479550 0.934400 0.449653 0.016493
0 0.477520 0.945060 0.449653 0.016493
0 0.466790 0.049570 0.449653 0.016493
0 0.470450 0.059800 0.449653 0.016493
0 0.471910 0.070760 0.449653 0.016493
0 0.471910 0.083910 0.449653 0.016493
0 0.473370 0.097800 0.449653 0.016493
0 0.473370 0.108760 0.449653 0.016493
0 0.472640 0.119720 0.449653 0.016493
0 0.472640 0.132140 0.449653 0.016493
0 0.472640 0.142370 0.449653 0.016493
0 0.472640 0.152600 0.449653 0.016493
0 0.473370 0.165020 0.449653 0.016493
0 0.474100 0.175250 0.449653 0.016493
0 0.474100 0.190590 0.449653 0.016493
0 0.475560 0.201550 0.449653 0.016493
0 0.474830 0.213980 0.449653 0.016493
0 0.475560 0.225670 0.449653 0.016493
0 0.476290 0.235900 0.449653 0.016493
0 0.476290 0.245400 0.449653 0.016493
0 0.475560 0.259280 0.449653 0.016493
0 0.475560 0.271700 0.449653 0.016493
0 0.473370 0.284120 0.449653 0.016493
0 0.471940 0.294040 0.449653 0.016493
0 0.473970 0.307230 0.449653 0.016493
0 0.473970 0.319920 0.449653 0.016493
0 0.472950 0.329560 0.449653 0.016493
0 0.472950 0.341730 0.449653 0.016493
0 0.472950 0.351880 0.449653 0.016493
0 0.472950 0.366600 0.449653 0.016493
0 0.472950 0.375730 0.449653 0.016493
0 0.472950 0.388420 0.449653 0.016493
0 0.471940 0.398570 0.449653 0.016493
0 0.472450 0.413790 0.449653 0.016493
0 0.472450 0.421910 0.449653 0.016493
0 0.472450 0.435610 0.449653 0.016493
0 0.472450 0.447280 0.449653 0.016493
0 0.473460 0.456410 0.449653 0.016493
0 0.476000 0.595450 0.449653 0.016493
0 0.473460 0.607620 0.449653 0.016493
0 0.473460 0.618790 0.449653 0.016493
0 0.473460 0.630960 0.449653 0.016493
0 0.472950 0.641620 0.449653 0.016493
0 0.472450 0.652280 0.449653 0.016493
0 0.472450 0.662930 0.449653 0.016493
0 0.470920 0.676630 0.449653 0.016493
0 0.471430 0.686270 0.449653 0.016493
0 0.473970 0.697940 0.449653 0.016493
0 0.477010 0.707590 0.449653 0.016493
0 0.478030 0.720780 0.449653 0.016493
0 0.479040 0.731940 0.449653 0.016493
0 0.479040 0.738540 0.449653 0.016493
0 0.479040 0.752750 0.449653 0.016493
0 0.479550 0.764420 0.449653 0.016493
0 0.479550 0.775070 0.449653 0.016493
0 0.479550 0.785730 0.449653 0.016493
0 0.479550 0.796380 0.449653 0.016493
0 0.479550 0.807040 0.449653 0.016493
0 0.479550 0.818200 0.449653 0.016493
0 0.479550 0.830380 0.449653 0.016493
0 0.479550 0.840530 0.449653 0.016493
0 0.479550 0.850680 0.449653 0.016493
0 0.471940 0.470110 0.449653 0.016493
0 0.472450 0.484830 0.449653 0.016493
0 0.473460 0.493450 0.449653 0.016493
0 0.473460 0.505120 0.449653 0.016493
0 0.473460 0.515780 0.449653 0.016493
0 0.470420 0.526440 0.449653 0.016493
0 0.473460 0.539120 0.449653 0.016493
0 0.473460 0.550280 0.449653 0.016493
0 0.470420 0.561960 0.449653 0.016493
0 0.470420 0.576160 0.449653 0.016493
0 0.470420 0.583770 0.449653 0.016493