0 0.498586 0.409618 0.588186 0.037326
0 0.500071 0.439927 0.588186 0.037326
0 0.495643 0.468708 0.588186 0.037326
0 0.500071 0.497504 0.588186 0.037326
0 0.495643 0.535374 0.588186 0.037326
0 0.494171 0.564170 0.588186 0.037326
0 0.495643 0.591439 0.588186 0.037326
0 0.495643 0.621747 0.588186 0.037326
0 0.494171 0.653568 0.588186 0.037326
0 0.492700 0.688414 0.588186 0.037326
0 0.494171 0.718708 0.588186 0.037326
0 0.491214 0.755081 0.588186 0.037326
0 0.497114 0.374772 0.588186 0.037326
0 0.497114 0.349016 0.588186 0.037326
0 0.491214 0.314170 0.588186 0.037326
0 0.492700 0.286902 0.588186 0.037326
0 0.491214 0.252041 0.588186 0.037326
0 0.491214 0.218708 0.588186 0.037326
0 0.489743 0.191439 0.588186 0.037326
0 0.488271 0.158106 0.588186 0.037326
0 0.482371 0.127195 0.588186 0.037326
0 0.483857 0.095374 0.588186 0.037326