0 0.919594 0.282346 0.069490 0.109375
0 0.906271 0.259092 0.069490 0.109375
0 0.801492 0.135054 0.069490 0.109375
0 0.352711 0.575963 0.069490 0.109375
0 0.422964 0.575963 0.069490 0.109375
0 0.248586 0.270163 0.069490 0.109375
0 0.334052 0.432029 0.069490 0.109375
0 0.259049 0.490646 0.069490 0.109375
0 0.273003 0.565983 0.069490 0.109375
0 0.120375 0.512971 0.069490 0.109375
0 0.172708 0.395758 0.069490 0.109375
0 0.146547 0.355279 0.069490 0.109375
0 0.145354 0.309354 0.069490 0.109375
0 0.158016 0.299613 0.069490 0.109375
0 0.169448 0.296504 0.069490 0.109375
0 0.196219 0.327667 0.069490 0.109375
0 0.145596 0.261062 0.069490 0.109375
0 0.115898 0.351017 0.069490 0.109375
0 0.329500 0.400425 0.069490 0.109375
0 0.369198 0.711854 0.069490 0.109375
0 0.426227 0.638371 0.069490 0.109375
0 0.338914 0.505938 0.069490 0.109375
0 0.581948 0.739642 0.069490 0.109375
0 0.560250 0.636267 0.069490 0.109375
0 0.623333 0.654846 0.069490 0.109375
0 0.744440 0.666317 0.069490 0.109375
0 0.847000 0.611062 0.069490 0.109375
0 0.776523 0.270092 0.069490 0.109375
0 0.707474 0.227458 0.069490 0.109375
0 0.409224 0.158871 0.069490 0.109375
0 0.462221 0.130604 0.069490 0.109375
0 0.518997 0.139354 0.069490 0.109375
0 0.541292 0.148104 0.069490 0.109375
0 0.563576 0.126575 0.069490 0.109375