0 0.037752 0.536971 0.072971 0.100694
0 0.032354 0.419743 0.072971 0.100694
0 0.127387 0.394043 0.072971 0.100694
0 0.187858 0.443829 0.072971 0.100694
0 0.198655 0.390829 0.072971 0.100694
0 0.288290 0.549829 0.072971 0.100694
0 0.248338 0.411714 0.072971 0.100694
0 0.265610 0.387614 0.072971 0.100694
0 0.295850 0.418129 0.072971 0.100694
0 0.363890 0.414914 0.072971 0.100694
0 0.461076 0.519314 0.072971 0.100694
0 0.484832 0.410100 0.072971 0.100694
0 0.556110 0.403671 0.072971 0.100694
0 0.600384 0.402071 0.072971 0.100694
0 0.643583 0.405286 0.072971 0.100694
0 0.681383 0.408500 0.072971 0.100694
0 0.645744 0.482371 0.072971 0.100694
0 0.814207 0.564271 0.072971 0.100694
0 0.922200 0.487186 0.072971 0.100694
0 0.866042 0.437400 0.072971 0.100694
0 0.766695 0.421343 0.072971 0.100694
0 0.739693 0.414914 0.072971 0.100694
0 0.791527 0.382800 0.072971 0.100694