0 0.128413 0.786367 0.177734 0.232639
0 0.369312 0.772733 0.177734 0.232639
0 0.156812 0.515150 0.177734 0.232639
0 0.418188 0.481817 0.177734 0.232639
0 0.173863 0.268183 0.177734 0.232639
0 0.318188 0.230300 0.177734 0.232639
0 0.195450 0.075750 0.177734 0.232639
0 0.330688 0.084850 0.177734 0.232639
0 0.476138 0.093933 0.177734 0.232639
0 0.487500 0.233333 0.177734 0.232639
0 0.590913 0.100000 0.177734 0.232639
0 0.623862 0.268183 0.177734 0.232639
0 0.698863 0.103033 0.177734 0.232639
0 0.737500 0.268183 0.177734 0.232639
0 0.647725 0.439400 0.177734 0.232639
0 0.676137 0.719700 0.177734 0.232639
0 0.905687 0.712117 0.177734 0.232639
0 0.868188 0.474250 0.177734 0.232639
0 0.890912 0.274250 0.177734 0.232639
0 0.859088 0.101517 0.177734 0.232639