0 0.177275 0.760600 0.276910 0.254340
0 0.504550 0.771212 0.276910 0.254340
0 0.772725 0.777275 0.276910 0.254340
0 0.766662 0.556063 0.276910 0.254340
0 0.469700 0.540913 0.276910 0.254340
0 0.203025 0.503025 0.276910 0.254340
0 0.216663 0.300000 0.276910 0.254340
0 0.483337 0.345450 0.276910 0.254340
0 0.725762 0.357575 0.276910 0.254340
0 0.695450 0.168188 0.276910 0.254340
0 0.478787 0.154550 0.276910 0.254340
0 0.306062 0.168188 0.276910 0.254340
0 0.487875 0.033337 0.276910 0.254340
0 0.684850 0.034850 0.276910 0.254340