0 0.264699 0.685138 0.078431 0.051215
0 0.245000 0.722775 0.078431 0.051215
0 0.270432 0.754062 0.078431 0.051215
0 0.246898 0.800162 0.078431 0.051215
0 0.257068 0.841175 0.078431 0.051215
0 0.363271 0.845400 0.078431 0.051215
0 0.343553 0.799737 0.078431 0.051215
0 0.364530 0.761675 0.078431 0.051215
0 0.343553 0.720238 0.078431 0.051215
0 0.425583 0.726575 0.078431 0.051215
0 0.424944 0.686412 0.078431 0.051215
0 0.333383 0.682600 0.078431 0.051215
0 0.464361 0.902913 0.078431 0.051215
0 0.463102 0.851325 0.078431 0.051215
0 0.373440 0.894450 0.078431 0.051215
0 0.380432 0.956187 0.078431 0.051215
0 0.491071 0.957875 0.078431 0.051215
0 0.077763 0.770138 0.078431 0.051215
0 0.324474 0.502888 0.078431 0.051215
0 0.631598 0.715587 0.078431 0.051215