0 0.019312 0.042417 0.137370 0.197049
0 0.051137 0.193933 0.137370 0.197049
0 0.085225 0.042417 0.137370 0.197049
0 0.143187 0.101517 0.137370 0.197049
0 0.178413 0.022733 0.137370 0.197049
0 0.207950 0.196967 0.137370 0.197049
0 0.310225 0.159083 0.137370 0.197049
0 0.400000 0.040917 0.137370 0.197049
0 0.247725 0.062117 0.137370 0.197049
0 0.517050 0.095450 0.137370 0.197049
0 0.659087 0.046967 0.137370 0.197049
0 0.779550 0.048483 0.137370 0.197049
0 0.906813 0.074250 0.137370 0.197049
0 0.863637 0.283333 0.137370 0.197049
0 0.706813 0.245450 0.137370 0.197049
0 0.931813 0.186367 0.137370 0.197049
0 0.550000 0.303033 0.137370 0.197049
0 0.423862 0.240917 0.137370 0.197049
0 0.368188 0.392417 0.137370 0.197049
0 0.269313 0.392417 0.137370 0.197049
0 0.151138 0.296967 0.137370 0.197049
0 0.117050 0.416667 0.137370 0.197049
0 0.056813 0.519700 0.137370 0.197049
0 0.010225 0.556067 0.137370 0.197049
0 0.063637 0.689400 0.137370 0.197049
0 0.129550 0.587883 0.137370 0.197049
0 0.023863 0.869700 0.137370 0.197049
0 0.136362 0.859083 0.137370 0.197049
0 0.269313 0.887883 0.137370 0.197049
0 0.373862 0.627267 0.137370 0.197049
0 0.488638 0.524250 0.137370 0.197049
0 0.227275 0.657583 0.137370 0.197049
0 0.613638 0.628783 0.137370 0.197049
0 0.515912 0.713633 0.137370 0.197049
0 0.525000 0.907583 0.137370 0.197049
0 0.647725 0.871217 0.137370 0.197049
0 0.713637 0.734850 0.137370 0.197049
0 0.820450 0.915150 0.137370 0.197049
0 0.759088 0.836367 0.137370 0.197049
0 0.945450 0.883333 0.137370 0.197049
0 0.982950 0.787883 0.137370 0.197049
0 0.898863 0.756067 0.137370 0.197049
0 0.953412 0.528783 0.137370 0.197049
0 0.784088 0.621217 0.137370 0.197049
0 0.772725 0.434850 0.137370 0.197049
0 0.630688 0.453033 0.137370 0.197049
0 0.650000 0.366667 0.137370 0.197049
0 0.876138 0.430300 0.137370 0.197049
0 0.986363 0.298483 0.137370 0.197049
0 0.986363 0.203033 0.137370 0.197049
0 0.304550 0.780300 0.137370 0.197049
0 0.979550 0.656067 0.137370 0.197049
0 0.417762 0.878083 0.137370 0.197049