0 0.489732 0.960250 0.070261 0.049479
0 0.254875 0.928587 0.070261 0.049479
0 0.227911 0.843337 0.070261 0.049479
0 0.134839 0.839075 0.070261 0.049479
0 0.156571 0.716688 0.070261 0.049479
0 0.295750 0.688675 0.070261 0.049479
0 0.289661 0.633262 0.070261 0.049479
0 0.336643 0.735563 0.070261 0.049479
0 0.393179 0.753825 0.070261 0.049479
0 0.377518 0.805588 0.070261 0.049479
0 0.438411 0.806188 0.070261 0.049479
0 0.477554 0.779400 0.070261 0.049479
0 0.421018 0.865862 0.070261 0.049479
0 0.490607 0.868300 0.070261 0.049479
0 0.561929 0.887787 0.070261 0.049479
0 0.560196 0.842112 0.070261 0.049479
0 0.621089 0.844550 0.070261 0.049479
0 0.702857 0.809850 0.070261 0.049479
0 0.601071 0.776963 0.070261 0.049479
0 0.479304 0.705725 0.070261 0.049479
0 0.494964 0.652750 0.070261 0.049479
0 0.419286 0.648487 0.070261 0.049479
0 0.601071 0.706338 0.070261 0.049479
0 0.661964 0.713025 0.070261 0.049479
0 0.577589 0.644837 0.070261 0.049479
0 0.569768 0.613775 0.070261 0.049479
0 0.497571 0.608300 0.070261 0.049479
0 0.487125 0.571150 0.070261 0.049479
0 0.446250 0.584550 0.070261 0.049479
0 0.415804 0.555937 0.070261 0.049479
0 0.381000 0.512700 0.070261 0.049479
0 0.398393 0.474950 0.070261 0.049479
0 0.352304 0.487737 0.070261 0.049479
0 0.325339 0.460938 0.070261 0.049479
0 0.358393 0.446937 0.070261 0.049479
0 0.334893 0.406138 0.070261 0.049479
0 0.386214 0.412837 0.070261 0.049479
0 0.434071 0.370212 0.070261 0.049479
0 0.401875 0.340987 0.070261 0.049479
0 0.355786 0.372650 0.070261 0.049479
0 0.493214 0.339775 0.070261 0.049479
0 0.498429 0.380562 0.070261 0.049479
0 0.546286 0.390925 0.070261 0.049479
0 0.456679 0.407363 0.070261 0.049479
0 0.455804 0.439637 0.070261 0.049479
0 0.410571 0.441463 0.070261 0.049479
0 0.440161 0.502350 0.070261 0.049479
0 0.481911 0.513312 0.070261 0.049479
0 0.481911 0.544362 0.070261 0.049479
0 0.572375 0.564462 0.070261 0.049479
0 0.542804 0.542538 0.070261 0.049479
0 0.550625 0.512088 0.070261 0.049479
0 0.567161 0.474950 0.070261 0.049479
0 0.498429 0.478600 0.070261 0.049479
0 0.545411 0.454850 0.070261 0.049479
0 0.496696 0.419537 0.070261 0.049479
0 0.499304 0.451200 0.070261 0.049479
0 0.666321 0.573588 0.070261 0.049479
0 0.628054 0.596125 0.070261 0.049479
0 0.642839 0.616825 0.070261 0.049479
0 0.734161 0.565675 0.070261 0.049479
0 0.690679 0.534012 0.070261 0.049479
0 0.648929 0.523663 0.070261 0.049479
0 0.601071 0.526700 0.070261 0.049479
0 0.623696 0.566287 0.070261 0.049479
0 0.742000 0.529137 0.070261 0.049479
0 0.708071 0.496875 0.070261 0.049479
0 0.665446 0.488950 0.070261 0.049479
0 0.633268 0.482862 0.070261 0.049479
0 0.611518 0.435975 0.070261 0.049479
0 0.610643 0.413450 0.070261 0.049479
0 0.608911 0.384225 0.070261 0.049479
0 0.577589 0.357425 0.070261 0.049479
0 0.629786 0.350737 0.070261 0.049479
0 0.686321 0.335513 0.070261 0.049479
0 0.683714 0.377525 0.070261 0.049479
0 0.742000 0.343425 0.070261 0.049479
0 0.738518 0.376912 0.070261 0.049479
0 0.680232 0.402487 0.070261 0.049479
0 0.779393 0.362912 0.070261 0.049479
0 0.803750 0.408575 0.070261 0.049479
0 0.721125 0.421975 0.070261 0.049479
0 0.763750 0.449987 0.070261 0.049479
0 0.701107 0.463375 0.070261 0.049479
0 0.659357 0.447550 0.070261 0.049479
0 0.765482 0.494438 0.070261 0.049479
0 0.820286 0.457900 0.070261 0.049479
0 0.789839 0.526700 0.070261 0.049479