0 0.772227 0.714467 0.083333 0.104167
0 0.700893 0.654907 0.083333 0.104167
0 0.462467 0.944573 0.083333 0.104167
0 0.159440 0.344720 0.083333 0.104167
0 0.025320 0.418427 0.083333 0.104167
0 0.108613 0.378240 0.083333 0.104167
0 0.175107 0.424267 0.083333 0.104167
0 0.054547 0.512680 0.083333 0.104167
0 0.152453 0.528760 0.083333 0.104167
0 0.249640 0.490760 0.083333 0.104167
0 0.349013 0.497347 0.083333 0.104167
0 0.275213 0.424267 0.083333 0.104167
0 0.240867 0.400160 0.083333 0.104167
0 0.221147 0.352667 0.083333 0.104167
0 0.311747 0.286173 0.083333 0.104167
0 0.320520 0.373120 0.083333 0.104167
0 0.407467 0.311013 0.083333 0.104167
0 0.391387 0.406000 0.083333 0.104167
0 0.473960 0.316867 0.083333 0.104167
0 0.235760 0.278133 0.083333 0.104167
0 0.348280 0.224800 0.083333 0.104167
0 0.390667 0.215293 0.083333 0.104167
0 0.391387 0.257680 0.083333 0.104167
0 0.478347 0.248173 0.083333 0.104167
0 0.550680 0.300053 0.083333 0.104167
0 0.551413 0.254027 0.083333 0.104167
0 0.175107 0.591600 0.083333 0.104167
0 0.068427 0.612787 0.083333 0.104167
0 0.086693 0.670507 0.083333 0.104167
0 0.270827 0.636173 0.083333 0.104167
0 0.161960 0.747960 0.083333 0.104167
0 0.151000 0.699013 0.083333 0.104167
0 0.060387 0.779387 0.083333 0.104167
0 0.015813 0.772813 0.083333 0.104167
0 0.091813 0.846613 0.083333 0.104167
0 0.163413 0.918213 0.083333 0.104167
0 0.264987 0.899213 0.083333 0.104167
0 0.245987 0.756000 0.083333 0.104167
0 0.346813 0.733347 0.083333 0.104167
0 0.305173 0.822493 0.083333 0.104167
0 0.359240 0.845880 0.083333 0.104167
0 0.454227 0.839307 0.083333 0.104167
0 0.460800 0.735547 0.083333 0.104167
0 0.425000 0.688787 0.083333 0.104167
0 0.532413 0.628867 0.083333 0.104167
0 0.471040 0.566760 0.083333 0.104167
0 0.382627 0.594520 0.083333 0.104167
0 0.612787 0.650787 0.083333 0.104167
0 0.284707 0.575520 0.083333 0.104167
0 0.334400 0.983973 0.083333 0.104167
0 0.490760 0.985440 0.083333 0.104167
0 0.526573 0.890453 0.083333 0.104167
0 0.612053 0.928440 0.083333 0.104167
0 0.700467 0.946707 0.083333 0.104167
0 0.686587 0.834920 0.083333 0.104167
0 0.741387 0.796187 0.083333 0.104167
0 0.669787 0.725320 0.083333 0.104167
0 0.562373 0.755267 0.083333 0.104167
0 0.511960 0.506107 0.083333 0.104167
0 0.433040 0.477613 0.083333 0.104167
0 0.478347 0.416240 0.083333 0.104167
0 0.568947 0.423547 0.083333 0.104167
0 0.593787 0.359240 0.083333 0.104167
0 0.525107 0.359973 0.083333 0.104167
0 0.644933 0.316133 0.083333 0.104167
0 0.696813 0.357053 0.083333 0.104167
0 0.693160 0.406733 0.083333 0.104167
0 0.666133 0.488573 0.083333 0.104167
0 0.766227 0.458613 0.083333 0.104167
0 0.732627 0.526573 0.083333 0.104167
0 0.635440 0.577720 0.083333 0.104167
0 0.878027 0.693160 0.083333 0.104167
0 0.779387 0.606213 0.083333 0.104167
0 0.909453 0.617907 0.083333 0.104167
0 0.941600 0.570413 0.083333 0.104167
0 0.883147 0.503187 0.083333 0.104167
0 0.920413 0.421347 0.083333 0.104167
0 0.973013 0.497347 0.083333 0.104167
0 0.823960 0.540453 0.083333 0.104167
0 0.802773 0.416240 0.083333 0.104167
0 0.763307 0.322707 0.083333 0.104167
0 0.856107 0.356320 0.083333 0.104167
0 0.737733 0.340973 0.083333 0.104167
0 0.614253 0.275947 0.083333 0.104167
0 0.580640 0.516333 0.083333 0.104167
0 0.627400 0.430120 0.083333 0.104167
0 0.795467 0.863413 0.083333 0.104167
0 0.940867 0.785960 0.083333 0.104167
0 0.988360 0.696093 0.083333 0.104167