0 0.423244 0.976525 0.063725 0.041667
0 0.493285 0.900850 0.063725 0.041667
0 0.418244 0.885713 0.063725 0.041667
0 0.343182 0.885713 0.063725 0.041667
0 0.173058 0.940200 0.063725 0.041667
0 0.057975 0.867550 0.063725 0.041667
0 0.153058 0.867550 0.063725 0.041667
0 0.308161 0.834250 0.063725 0.041667
0 0.373202 0.834250 0.063725 0.041667
0 0.403223 0.803975 0.063725 0.041667
0 0.493285 0.861500 0.063725 0.041667
0 0.558347 0.867550 0.063725 0.041667
0 0.643409 0.837275 0.063725 0.041667
0 0.533326 0.807000 0.063725 0.041667
0 0.603368 0.749487 0.063725 0.041667
0 0.528326 0.749487 0.063725 0.041667
0 0.353202 0.752512 0.063725 0.041667
0 0.323182 0.788838 0.063725 0.041667
0 0.263140 0.773712 0.063725 0.041667
0 0.223099 0.728300 0.063725 0.041667
0 0.088017 0.752512 0.063725 0.041667
0 0.223099 0.682887 0.063725 0.041667
0 0.343182 0.698025 0.063725 0.041667
0 0.408244 0.701050 0.063725 0.041667
0 0.488285 0.667750 0.063725 0.041667
0 0.418244 0.658675 0.063725 0.041667
0 0.393223 0.625375 0.063725 0.041667
0 0.338182 0.613262 0.063725 0.041667
0 0.408244 0.604187 0.063725 0.041667
0 0.493285 0.619325 0.063725 0.041667
0 0.553347 0.649587 0.063725 0.041667
0 0.578347 0.673812 0.063725 0.041667
0 0.518306 0.691975 0.063725 0.041667
0 0.628388 0.634463 0.063725 0.041667
0 0.548326 0.622350 0.063725 0.041667
0 0.573347 0.601162 0.063725 0.041667
0 0.523326 0.586025 0.063725 0.041667
0 0.478285 0.595100 0.063725 0.041667
0 0.473285 0.573912 0.063725 0.041667
0 0.398223 0.583000 0.063725 0.041667
0 0.323182 0.567863 0.063725 0.041667
0 0.618388 0.583000 0.063725 0.041667
0 0.488285 0.543637 0.063725 0.041667
0 0.418244 0.540613 0.063725 0.041667
0 0.558347 0.546675 0.063725 0.041667
0 0.593368 0.552725 0.063725 0.041667
0 0.633388 0.555750 0.063725 0.041667
0 0.683430 0.604187 0.063725 0.041667
0 0.668430 0.573912 0.063725 0.041667
0 0.763492 0.528513 0.063725 0.041667
0 0.753471 0.474012 0.063725 0.041667
0 0.698450 0.510350 0.063725 0.041667
0 0.713450 0.549700 0.063725 0.041667
0 0.653409 0.489150 0.063725 0.041667
0 0.678430 0.452825 0.063725 0.041667
0 0.718450 0.440725 0.063725 0.041667
0 0.673430 0.419525 0.063725 0.041667
0 0.618388 0.419525 0.063725 0.041667
0 0.608368 0.446775 0.063725 0.041667
0 0.613388 0.477050 0.063725 0.041667
0 0.543326 0.483100 0.063725 0.041667
0 0.548326 0.452825 0.063725 0.041667
0 0.563347 0.425588 0.063725 0.041667
0 0.498306 0.434663 0.063725 0.041667
0 0.473285 0.461912 0.063725 0.041667
0 0.433244 0.495212 0.063725 0.041667
0 0.373202 0.480075 0.063725 0.041667
0 0.413244 0.452825 0.063725 0.041667
0 0.418244 0.413475 0.063725 0.041667
0 0.333182 0.507312 0.063725 0.041667
0 0.248120 0.528513 0.063725 0.041667
0 0.278140 0.510350 0.063725 0.041667
0 0.328182 0.540613 0.063725 0.041667
0 0.283140 0.543637 0.063725 0.041667
0 0.428244 0.516400 0.063725 0.041667
0 0.473285 0.519425 0.063725 0.041667
0 0.373202 0.510350 0.063725 0.041667
0 0.343182 0.455850 0.063725 0.041667
0 0.308161 0.486125 0.063725 0.041667
0 0.263140 0.480075 0.063725 0.041667
0 0.278140 0.452825 0.063725 0.041667
0 0.253120 0.504287 0.063725 0.041667
0 0.323182 0.419525 0.063725 0.041667
0 0.718450 0.579975 0.063725 0.041667
0 0.633388 0.525475 0.063725 0.041667
0 0.593368 0.513375 0.063725 0.041667
0 0.548326 0.507312 0.063725 0.041667
0 0.673430 0.543637 0.063725 0.041667