0 0.216475 0.477267 0.030599 0.399306
0 0.202838 0.528783 0.030599 0.399306
0 0.232387 0.503033 0.030599 0.399306
0 0.282388 0.496967 0.030599 0.399306
0 0.344888 0.451517 0.030599 0.399306
0 0.369888 0.519700 0.030599 0.399306
0 0.521025 0.451517 0.030599 0.399306
0 0.667613 0.457583 0.030599 0.399306
0 0.710800 0.524250 0.030599 0.399306
0 0.781250 0.524250 0.030599 0.399306
0 0.801700 0.412117 0.030599 0.399306
0 0.863063 0.501517 0.030599 0.399306
0 0.911937 0.487883 0.030599 0.399306
0 0.926700 0.477267 0.030599 0.399306