0 0.123300 0.516667 0.119141 0.106771
0 0.218750 0.390917 0.119141 0.106771
0 0.308525 0.412117 0.119141 0.106771
0 0.235800 0.465150 0.119141 0.106771
0 0.355112 0.372733 0.119141 0.106771
0 0.425563 0.333333 0.119141 0.106771
0 0.503975 0.354550 0.119141 0.106771
0 0.446025 0.401517 0.119141 0.106771
0 0.401700 0.445450 0.119141 0.106771
0 0.331250 0.495450 0.119141 0.106771
0 0.221025 0.543933 0.119141 0.106771
0 0.206250 0.639400 0.119141 0.106771
0 0.336938 0.581817 0.119141 0.106771
0 0.447163 0.510600 0.119141 0.106771
0 0.513062 0.456067 0.119141 0.106771
0 0.552837 0.409083 0.119141 0.106771
0 0.599438 0.365150 0.119141 0.106771
0 0.650563 0.327267 0.119141 0.106771
0 0.711938 0.395450 0.119141 0.106771
0 0.661937 0.433333 0.119141 0.106771
0 0.618750 0.495450 0.119141 0.106771
0 0.557388 0.574250 0.119141 0.106771
0 0.455112 0.642417 0.119141 0.106771
0 0.586938 0.706067 0.119141 0.106771
0 0.673300 0.634850 0.119141 0.106771
0 0.735800 0.550000 0.119141 0.106771
0 0.788063 0.477267 0.119141 0.106771
0 0.816475 0.433333 0.119141 0.106771
0 0.883525 0.603033 0.119141 0.106771