0 0.384062 0.663769 0.022965 0.030382
0 0.389125 0.685857 0.022965 0.030382
0 0.389125 0.711106 0.022965 0.030382
0 0.397575 0.746885 0.022965 0.030382
0 0.411075 0.777399 0.022965 0.030382
0 0.428813 0.814221 0.022965 0.030382
0 0.454138 0.839486 0.022965 0.030382
0 0.481163 0.864735 0.022965 0.030382
0 0.511563 0.885779 0.022965 0.030382
0 0.549562 0.887882 0.022965 0.030382
0 0.578263 0.877352 0.022965 0.030382
0 0.599375 0.851059 0.022965 0.030382
0 0.616262 0.820545 0.022965 0.030382
0 0.621325 0.790031 0.022965 0.030382
0 0.617950 0.763723 0.022965 0.030382
0 0.612037 0.730047 0.022965 0.030382
0 0.603600 0.700592 0.022965 0.030382
0 0.590087 0.679548 0.022965 0.030382
0 0.586712 0.658505 0.022965 0.030382
0 0.574050 0.649034 0.022965 0.030382