0 0.716394 0.393350 0.023693 0.021701
0 0.691090 0.412350 0.023693 0.021701
0 0.711699 0.413812 0.023693 0.021701
0 0.723878 0.430625 0.023693 0.021701
0 0.711699 0.444500 0.023693 0.021701
0 0.689215 0.451075 0.023693 0.021701
0 0.667676 0.432812 0.023693 0.021701
0 0.666731 0.456200 0.023693 0.021701
0 0.653622 0.464963 0.023693 0.021701
0 0.679856 0.483963 0.023693 0.021701
0 0.700465 0.477388 0.023693 0.021701
0 0.723878 0.466425 0.023693 0.021701
0 0.718253 0.502225 0.023693 0.021701
0 0.694840 0.494925 0.023693 0.021701
0 0.683606 0.513912 0.023693 0.021701
0 0.662051 0.492000 0.023693 0.021701
0 0.634888 0.501500 0.023693 0.021701
0 0.654567 0.516837 0.023693 0.021701
0 0.689215 0.532187 0.023693 0.021701
0 0.711699 0.543875 0.023693 0.021701
0 0.659247 0.546063 0.023693 0.021701
0 0.656426 0.532913 0.023693 0.021701
0 0.614279 0.536575 0.023693 0.021701
0 0.623654 0.548987 0.023693 0.021701
0 0.640513 0.567263 0.023693 0.021701
0 0.668606 0.567263 0.023693 0.021701
0 0.689215 0.577488 0.023693 0.021701
0 0.603974 0.573838 0.023693 0.021701
0 0.588990 0.557025 0.023693 0.021701
0 0.620833 0.573100 0.023693 0.021701
0 0.643317 0.596487 0.023693 0.021701
0 0.658301 0.605250 0.023693 0.021701
0 0.622708 0.603787 0.023693 0.021701
0 0.570256 0.602325 0.023693 0.021701
0 0.602099 0.637400 0.023693 0.021701
0 0.612404 0.620600 0.023693 0.021701
0 0.565561 0.624250 0.023693 0.021701
0 0.566506 0.659325 0.023693 0.021701
0 0.586170 0.654212 0.023693 0.021701
0 0.526218 0.649825 0.023693 0.021701
0 0.542147 0.672475 0.023693 0.021701
0 0.496250 0.681250 0.023693 0.021701
0 0.525288 0.619862 0.023693 0.021701
0 0.542147 0.569450 0.023693 0.021701
0 0.497179 0.576762 0.023693 0.021701
0 0.472821 0.571637 0.023693 0.021701
0 0.434423 0.548262 0.023693 0.021701
0 0.407244 0.518300 0.023693 0.021701
0 0.389455 0.481037 0.023693 0.021701
0 0.378205 0.443775 0.023693 0.021701
0 0.372596 0.407963 0.023693 0.021701
0 0.360417 0.364125 0.023693 0.021701
0 0.365096 0.388975 0.023693 0.021701
0 0.341683 0.397738 0.023693 0.021701
0 0.358542 0.426962 0.023693 0.021701
0 0.335112 0.433537 0.023693 0.021701
0 0.357596 0.463500 0.023693 0.021701
0 0.336987 0.458387 0.023693 0.021701
0 0.335112 0.421125 0.023693 0.021701
0 0.334183 0.473725 0.023693 0.021701
0 0.348237 0.500037 0.023693 0.021701
0 0.338862 0.513912 0.023693 0.021701
0 0.363221 0.506613 0.023693 0.021701
0 0.389455 0.507337 0.023693 0.021701
0 0.367901 0.527800 0.023693 0.021701
0 0.346362 0.538025 0.023693 0.021701
0 0.370721 0.541687 0.023693 0.021701
0 0.407244 0.543875 0.023693 0.021701
0 0.392260 0.559950 0.023693 0.021701
0 0.381026 0.578212 0.023693 0.021701
0 0.354792 0.575300 0.023693 0.021701
0 0.376330 0.605250 0.023693 0.021701
0 0.395080 0.616212 0.023693 0.021701
0 0.416619 0.624987 0.023693 0.021701
0 0.416619 0.593562 0.023693 0.021701
0 0.428798 0.605988 0.023693 0.021701
0 0.476571 0.604525 0.023693 0.021701
0 0.473766 0.618413 0.023693 0.021701
0 0.459712 0.624987 0.023693 0.021701
0 0.492500 0.624987 0.023693 0.021701
0 0.418494 0.648363 0.023693 0.021701
0 0.453157 0.673212 0.023693 0.021701