0 0.106687 0.882150 0.064236 0.068576
0 0.151937 0.843225 0.064236 0.068576
0 0.201388 0.788512 0.064236 0.068576
0 0.184550 0.703287 0.064236 0.068576
0 0.142462 0.744313 0.064236 0.068576
0 0.115113 0.791663 0.064236 0.068576
0 0.129837 0.319238 0.064236 0.068576
0 0.129837 0.338175 0.064236 0.068576
0 0.134050 0.373950 0.064236 0.068576
0 0.138262 0.420250 0.064236 0.068576
0 0.181400 0.466537 0.064236 0.068576
0 0.241375 0.491787 0.064236 0.068576
0 0.305550 0.524412 0.064236 0.068576
0 0.384475 0.554925 0.064236 0.068576
0 0.458125 0.560187 0.064236 0.068576
0 0.543350 0.582275 0.064236 0.068576
0 0.634887 0.592800 0.064236 0.068576
0 0.718012 0.597013 0.064236 0.068576
0 0.770625 0.597013 0.064236 0.068576
0 0.842175 0.586487 0.064236 0.068576
0 0.890575 0.569650 0.064236 0.068576
0 0.934762 0.546512 0.064236 0.068576
0 0.956863 0.531775 0.064236 0.068576
0 0.971587 0.507575 0.064236 0.068576
0 0.971587 0.478112 0.064236 0.068576
0 0.954750 0.447600 0.064236 0.068576
0 0.231900 0.199287 0.064236 0.068576
0 0.187712 0.195075 0.064236 0.068576
0 0.145625 0.199287 0.064236 0.068576
0 0.125637 0.226638 0.064236 0.068576
0 0.139313 0.264525 0.064236 0.068576
0 0.175087 0.310812 0.064236 0.068576
0 0.223487 0.358162 0.064236 0.068576
0 0.266625 0.402362 0.064236 0.068576
0 0.328700 0.446550 0.064236 0.068576
0 0.399200 0.483375 0.064236 0.068576
0 0.479162 0.506525 0.064236 0.068576
0 0.555975 0.519150 0.064236 0.068576
0 0.642250 0.520200 0.064236 0.068576
0 0.724325 0.524412 0.064236 0.068576
0 0.205600 0.271888 0.064236 0.068576
0 0.224537 0.241375 0.064236 0.068576
0 0.261362 0.226638 0.064236 0.068576
0 0.255050 0.252950 0.064236 0.068576
0 0.260313 0.289775 0.064236 0.068576
0 0.293988 0.327650 0.064236 0.068576
0 0.337125 0.353950 0.064236 0.068576
0 0.393937 0.392888 0.064236 0.068576
0 0.457075 0.418137 0.064236 0.068576
0 0.529675 0.438138 0.064236 0.068576
0 0.617000 0.453912 0.064236 0.068576
0 0.712750 0.465487 0.064236 0.068576
0 0.790612 0.482325 0.064236 0.068576
0 0.773775 0.446550 0.064236 0.068576
0 0.837963 0.486538 0.064236 0.068576
0 0.894775 0.483375 0.064236 0.068576
0 0.912663 0.456012 0.064236 0.068576
0 0.918988 0.431812 0.064236 0.068576
0 0.918988 0.410775 0.064236 0.068576
0 0.905300 0.385525 0.064236 0.068576
0 0.873737 0.364475 0.064236 0.068576
0 0.810600 0.371838 0.064236 0.068576
0 0.802187 0.418137 0.064236 0.068576
0 0.821125 0.319238 0.064236 0.068576
0 0.806400 0.280300 0.064236 0.068576
0 0.792725 0.242425 0.064236 0.068576
0 0.715912 0.224537 0.064236 0.068576
0 0.743263 0.258213 0.064236 0.068576
0 0.753787 0.298187 0.064236 0.068576
0 0.735900 0.346587 0.064236 0.068576
0 0.685400 0.382362 0.064236 0.068576
0 0.607537 0.393937 0.064236 0.068576
0 0.524412 0.381312 0.064236 0.068576
0 0.447600 0.347637 0.064236 0.068576
0 0.396050 0.304500 0.064236 0.068576
0 0.352900 0.254000 0.064236 0.068576
0 0.323437 0.220325 0.064236 0.068576
0 0.297137 0.178238 0.064236 0.068576
0 0.297137 0.129837 0.064236 0.068576
0 0.336075 0.136150 0.064236 0.068576
0 0.360275 0.133000 0.064236 0.068576
0 0.398150 0.140363 0.064236 0.068576
0 0.390788 0.170875 0.064236 0.068576
0 0.468650 0.155087 0.064236 0.068576
0 0.530725 0.154037 0.064236 0.068576
0 0.672775 0.188762 0.064236 0.068576
0 0.350800 0.184550 0.064236 0.068576