0 0.286363 0.286367 0.080729 0.083333
0 0.361362 0.325750 0.080729 0.083333
0 0.525000 0.357583 0.080729 0.083333
0 0.621587 0.386367 0.080729 0.083333
0 0.729550 0.428783 0.080729 0.083333
0 0.836363 0.443933 0.080729 0.083333
0 0.936363 0.496967 0.080729 0.083333
0 0.850000 0.533333 0.080729 0.083333
0 0.740913 0.513633 0.080729 0.083333
0 0.640912 0.501517 0.080729 0.083333
0 0.561362 0.451517 0.080729 0.083333
0 0.451138 0.418183 0.080729 0.083333
0 0.298863 0.422733 0.080729 0.083333
0 0.257950 0.368183 0.080729 0.083333
0 0.202275 0.343933 0.080729 0.083333
0 0.177275 0.418183 0.080729 0.083333
0 0.126137 0.481817 0.080729 0.083333
0 0.056813 0.553033 0.080729 0.083333
0 0.011362 0.662117 0.080729 0.083333
0 0.123863 0.709083 0.080729 0.083333
0 0.184088 0.609083 0.080729 0.083333
0 0.227275 0.509083 0.080729 0.083333
0 0.284087 0.525750 0.080729 0.083333
0 0.300000 0.766667 0.080729 0.083333
0 0.363638 0.615150 0.080729 0.083333
0 0.460225 0.643933 0.080729 0.083333
0 0.413638 0.521217 0.080729 0.083333
0 0.538637 0.551517 0.080729 0.083333
0 0.668187 0.619700 0.080729 0.083333
0 0.603413 0.731817 0.080729 0.083333
0 0.468188 0.783333 0.080729 0.083333
0 0.704550 0.880300 0.080729 0.083333
0 0.752275 0.762117 0.080729 0.083333
0 0.805688 0.645450 0.080729 0.083333
0 0.936363 0.675750 0.080729 0.083333
0 0.872725 0.807583 0.080729 0.083333
0 0.859088 0.946967 0.080729 0.083333