0 0.352837 0.792417 0.080729 0.112847
0 0.259663 0.707583 0.080729 0.112847
0 0.214200 0.633333 0.080729 0.112847
0 0.206250 0.496967 0.080729 0.112847
0 0.259663 0.390917 0.080729 0.112847
0 0.297162 0.307583 0.080729 0.112847
0 0.363063 0.278783 0.080729 0.112847
0 0.418750 0.209083 0.080729 0.112847
0 0.493750 0.204550 0.080729 0.112847
0 0.497163 0.275750 0.080729 0.112847
0 0.560800 0.263633 0.080729 0.112847
0 0.539200 0.330300 0.080729 0.112847
0 0.543750 0.396967 0.080729 0.112847
0 0.618750 0.371217 0.080729 0.112847
0 0.626700 0.516667 0.080729 0.112847
0 0.667613 0.681817 0.080729 0.112847
0 0.608525 0.737883 0.080729 0.112847
0 0.552837 0.703033 0.080729 0.112847
0 0.514200 0.759083 0.080729 0.112847
0 0.443750 0.736367 0.080729 0.112847
0 0.455112 0.803033 0.080729 0.112847
0 0.341475 0.677267 0.080729 0.112847
0 0.291475 0.581817 0.080729 0.112847
0 0.289200 0.483333 0.080729 0.112847
0 0.378975 0.369700 0.080729 0.112847
0 0.461938 0.322733 0.080729 0.112847
0 0.438063 0.422733 0.080729 0.112847
0 0.392612 0.559083 0.080729 0.112847
0 0.358525 0.493933 0.080729 0.112847
0 0.415337 0.654550 0.080729 0.112847
0 0.483525 0.650000 0.080729 0.112847
0 0.543750 0.589400 0.080729 0.112847
0 0.467612 0.559083 0.080729 0.112847