0 0.326688 0.210300 0.156250 0.213542
0 0.236687 0.253933 0.156250 0.213542
0 0.152138 0.357583 0.156250 0.213542
0 0.060775 0.497583 0.156250 0.213542
0 0.499862 0.104850 0.156250 0.213542
0 0.596688 0.133933 0.156250 0.213542
0 0.743950 0.146667 0.156250 0.213542
0 0.813500 0.073933 0.156250 0.213542
0 0.930775 0.257583 0.156250 0.213542
0 0.659412 0.063033 0.156250 0.213542
0 0.602137 0.246667 0.156250 0.213542
0 0.733050 0.319400 0.156250 0.213542
0 0.883050 0.417583 0.156250 0.213542
0 0.688050 0.379400 0.156250 0.213542
0 0.499862 0.303033 0.156250 0.213542
0 0.385313 0.383033 0.156250 0.213542
0 0.325313 0.484850 0.156250 0.213542
0 0.190312 0.586667 0.156250 0.213542
0 0.115312 0.715750 0.156250 0.213542
0 0.295313 0.679400 0.156250 0.213542
0 0.458950 0.593933 0.156250 0.213542
0 0.600775 0.523033 0.156250 0.213542
0 0.596688 0.397583 0.156250 0.213542
0 0.739862 0.508483 0.156250 0.213542
0 0.870775 0.608483 0.156250 0.213542
0 0.772588 0.681217 0.156250 0.213542
0 0.663500 0.672117 0.156250 0.213542
0 0.606225 0.786667 0.156250 0.213542
0 0.951225 0.835750 0.156250 0.213542
0 0.813500 0.888483 0.156250 0.213542
0 0.420775 0.813933 0.156250 0.213542
0 0.272138 0.837583 0.156250 0.213542
0 0.348225 0.915217 0.156250 0.213542
0 0.164413 0.943400 0.156250 0.213542
0 0.487187 0.955933 0.156250 0.213542
0 0.701688 0.946667 0.156250 0.213542
0 0.414225 0.088850 0.156250 0.213542
0 0.706588 0.802483 0.156250 0.213542
0 0.906775 0.156850 0.156250 0.213542
0 0.770900 0.232283 0.156250 0.213542
0 0.986937 0.384433 0.156250 0.213542
0 0.993037 0.132400 0.156250 0.213542
0 0.935500 0.569167 0.156250 0.213542