0 0.013550 0.014267 0.044271 0.065104
0 0.046212 0.015950 0.044271 0.065104
0 0.033212 0.068383 0.044271 0.065104
0 0.092513 0.019333 0.044271 0.065104
0 0.095050 0.052317 0.044271 0.065104
0 0.064613 0.058233 0.044271 0.065104
0 0.068413 0.108983 0.044271 0.065104
0 0.022425 0.120817 0.044271 0.065104
0 0.056675 0.087833 0.044271 0.065104
0 0.005300 0.090800 0.044271 0.065104
0 0.108375 0.095450 0.044271 0.065104
0 0.120425 0.075567 0.044271 0.065104
0 0.161975 0.091217 0.044271 0.065104
0 0.157525 0.035400 0.044271 0.065104
0 0.135650 0.028633 0.044271 0.065104
0 0.024650 0.184250 0.044271 0.065104
0 0.115038 0.154217 0.044271 0.065104
0 0.139137 0.127583 0.044271 0.065104
0 0.078250 0.180867 0.044271 0.065104
0 0.087125 0.216383 0.044271 0.065104
0 0.041775 0.223150 0.044271 0.065104
0 0.056675 0.159717 0.044271 0.065104
0 0.019575 0.263317 0.044271 0.065104
0 0.024325 0.304750 0.044271 0.065104
0 0.067150 0.277267 0.044271 0.065104
0 0.105200 0.269667 0.044271 0.065104
0 0.123912 0.308983 0.044271 0.065104
0 0.076338 0.319983 0.044271 0.065104
0 0.094100 0.347467 0.044271 0.065104
0 0.046212 0.361000 0.044271 0.065104
0 0.011650 0.390167 0.044271 0.065104
0 0.003400 0.433733 0.044271 0.065104
0 0.025600 0.437117 0.044271 0.065104
0 0.045900 0.473467 0.044271 0.065104
0 0.095687 0.430767 0.044271 0.065104
0 0.067150 0.405400 0.044271 0.065104
0 0.110275 0.394400 0.044271 0.065104
0 0.133738 0.390167 0.044271 0.065104
0 0.170538 0.370717 0.044271 0.065104
0 0.154038 0.336467 0.044271 0.065104
0 0.149913 0.304750 0.044271 0.065104
0 0.159113 0.259933 0.044271 0.065104
0 0.133738 0.221883 0.044271 0.065104
0 0.039238 0.547467 0.044271 0.065104
0 0.010375 0.492933 0.044271 0.065104
0 0.002763 0.532250 0.044271 0.065104
0 0.093150 0.528017 0.044271 0.065104
0 0.115038 0.500967 0.044271 0.065104
0 0.145162 0.469250 0.044271 0.065104
0 0.157850 0.517450 0.044271 0.065104
0 0.133425 0.576650 0.044271 0.065104
0 0.079200 0.590600 0.044271 0.065104
0 0.031625 0.628667 0.044271 0.065104
0 0.072850 0.640917 0.044271 0.065104
0 0.009737 0.598217 0.044271 0.065104
0 0.003713 0.637117 0.044271 0.065104
0 0.034800 0.695050 0.044271 0.065104
0 0.005938 0.739033 0.044271 0.065104
0 0.005300 0.807533 0.044271 0.065104
0 0.040188 0.767350 0.044271 0.065104
0 0.052562 0.823167 0.044271 0.065104
0 0.052562 0.823167 0.044271 0.065104
0 0.016400 0.871800 0.044271 0.065104
0 0.072850 0.888300 0.044271 0.065104
0 0.109637 0.847700 0.044271 0.065104
0 0.104250 0.780050 0.044271 0.065104
0 0.086175 0.716617 0.044271 0.065104
0 0.164187 0.755100 0.044271 0.065104
0 0.129625 0.741567 0.044271 0.065104
0 0.148338 0.691250 0.044271 0.065104
0 0.199713 0.709433 0.044271 0.065104
0 0.015137 0.938183 0.044271 0.065104
0 0.033850 0.981317 0.044271 0.065104
0 0.077613 0.965250 0.044271 0.065104
0 0.004350 0.993167 0.044271 0.065104
0 0.134063 0.903083 0.044271 0.065104
0 0.122650 0.978783 0.044271 0.065104
0 0.167675 0.953417 0.044271 0.065104
0 0.180050 0.889983 0.044271 0.065104
0 0.204150 0.987233 0.044271 0.065104
0 0.225075 0.947917 0.044271 0.065104
0 0.225075 0.884917 0.044271 0.065104
0 0.265037 0.898017 0.044271 0.065104
0 0.198438 0.829100 0.044271 0.065104
0 0.148650 0.826550 0.044271 0.065104
0 0.210175 0.772433 0.044271 0.065104
0 0.244737 0.754667 0.044271 0.065104
0 0.244425 0.818517 0.044271 0.065104
0 0.282800 0.839233 0.044271 0.065104
0 0.303725 0.791883 0.044271 0.065104
0 0.315463 0.916617 0.044271 0.065104
0 0.280575 0.964400 0.044271 0.065104
0 0.266313 0.994850 0.044271 0.065104
0 0.338300 0.981750 0.044271 0.065104
0 0.374762 0.926767 0.044271 0.065104
0 0.340200 0.848550 0.044271 0.065104
0 0.352888 0.796117 0.044271 0.065104
0 0.393162 0.849817 0.044271 0.065104
0 0.409338 0.986400 0.044271 0.065104
0 0.417900 0.920000 0.044271 0.065104
0 0.456275 0.942417 0.044271 0.065104
0 0.482912 0.972867 0.044271 0.065104
0 0.512413 0.936500 0.044271 0.065104
0 0.529537 0.988083 0.044271 0.065104
0 0.574562 0.952150 0.044271 0.065104
0 0.599625 0.991883 0.044271 0.065104
0 0.643063 0.968633 0.044271 0.065104
0 0.626263 0.899717 0.044271 0.065104
0 0.480063 0.914083 0.044271 0.065104
0 0.120738 0.637533 0.044271 0.065104
0 0.174650 0.640917 0.044271 0.065104
0 0.181950 0.569033 0.044271 0.065104
0 0.220000 0.579617 0.044271 0.065104
0 0.224763 0.651500 0.044271 0.065104
0 0.249812 0.676867 0.044271 0.065104
0 0.287237 0.736483 0.044271 0.065104
0 0.305638 0.670950 0.044271 0.065104
0 0.298975 0.618083 0.044271 0.065104
0 0.269475 0.555083 0.044271 0.065104
0 0.321487 0.564817 0.044271 0.065104
0 0.358275 0.616400 0.044271 0.065104
0 0.364300 0.653183 0.044271 0.065104
0 0.352888 0.678133 0.044271 0.065104
0 0.360812 0.713650 0.044271 0.065104
0 0.326563 0.750867 0.044271 0.065104
0 0.396012 0.743683 0.044271 0.065104
0 0.414100 0.775383 0.044271 0.065104
0 0.402363 0.673483 0.044271 0.065104
0 0.413463 0.621467 0.044271 0.065104
0 0.432800 0.582150 0.044271 0.065104
0 0.486400 0.813450 0.044271 0.065104
0 0.434713 0.849817 0.044271 0.065104
0 0.458813 0.889133 0.044271 0.065104
0 0.520975 0.860800 0.044271 0.065104
0 0.533975 0.814717 0.044271 0.065104
0 0.548875 0.763550 0.044271 0.065104
0 0.512725 0.741567 0.044271 0.065104
0 0.457863 0.752133 0.044271 0.065104
0 0.467687 0.710267 0.044271 0.065104
0 0.421700 0.722117 0.044271 0.065104
0 0.575200 0.862067 0.044271 0.065104
0 0.588200 0.806683 0.044271 0.065104
0 0.613263 0.855733 0.044271 0.065104
0 0.537775 0.901817 0.044271 0.065104
0 0.542538 0.957217 0.044271 0.065104
0 0.652588 0.889983 0.044271 0.065104
0 0.683025 0.828667 0.044271 0.065104
0 0.639900 0.785117 0.044271 0.065104
0 0.700788 0.895900 0.044271 0.065104
0 0.645600 0.840083 0.044271 0.065104
0 0.748988 0.915783 0.044271 0.065104
0 0.760413 0.858267 0.044271 0.065104
0 0.725525 0.783850 0.044271 0.065104
0 0.697613 0.969483 0.044271 0.065104
0 0.766437 0.983433 0.044271 0.065104
0 0.813688 0.969483 0.044271 0.065104
0 0.860625 0.969483 0.044271 0.065104
0 0.837475 0.898867 0.044271 0.065104
0 0.787050 0.906900 0.044271 0.065104
0 0.803538 0.836283 0.044271 0.065104
0 0.803538 0.770733 0.044271 0.065104
0 0.958625 0.972017 0.044271 0.065104
0 0.990337 0.948333 0.044271 0.065104
0 0.907250 0.913667 0.044271 0.065104
0 0.901537 0.991883 0.044271 0.065104
0 0.952913 0.920000 0.044271 0.065104
0 0.890437 0.792733 0.044271 0.065104
0 0.874575 0.848967 0.044271 0.065104
0 0.937688 0.816400 0.044271 0.065104
0 0.924687 0.867150 0.044271 0.065104
0 0.976375 0.850650 0.044271 0.065104
0 0.962738 0.751717 0.044271 0.065104
0 0.887575 0.736483 0.044271 0.065104
0 0.840325 0.784700 0.044271 0.065104
0 0.828588 0.716617 0.044271 0.065104
0 0.827963 0.823600 0.044271 0.065104
0 0.788312 0.712817 0.044271 0.065104
0 0.744875 0.720000 0.044271 0.065104
0 0.700788 0.676017 0.044271 0.065104
0 0.735038 0.658683 0.044271 0.065104
0 0.782613 0.648117 0.044271 0.065104
0 0.695713 0.748750 0.044271 0.065104
0 0.668125 0.721683 0.044271 0.065104
0 0.639263 0.685750 0.044271 0.065104
0 0.580588 0.719150 0.044271 0.065104
0 0.589150 0.648950 0.044271 0.065104
0 0.642438 0.607517 0.044271 0.065104
0 0.683975 0.621050 0.044271 0.065104
0 0.735038 0.594417 0.044271 0.065104
0 0.765487 0.604133 0.044271 0.065104
0 0.191775 0.437117 0.044271 0.065104
0 0.243163 0.429083 0.044271 0.065104
0 0.142937 0.434567 0.044271 0.065104
0 0.236175 0.509833 0.044271 0.065104
0 0.211438 0.483617 0.044271 0.065104
0 0.204788 0.524633 0.044271 0.065104
0 0.262825 0.463333 0.044271 0.065104
0 0.286600 0.511533 0.044271 0.065104
0 0.309438 0.489550 0.044271 0.065104
0 0.319900 0.453183 0.044271 0.065104
0 0.355100 0.466283 0.044271 0.065104
0 0.350662 0.517450 0.044271 0.065104
0 0.383338 0.557617 0.044271 0.065104
0 0.409650 0.506883 0.044271 0.065104
0 0.404263 0.464600 0.044271 0.065104
0 0.395388 0.415117 0.044271 0.065104
0 0.440412 0.442600 0.044271 0.065104
0 0.359225 0.425267 0.044271 0.065104
0 0.363675 0.400317 0.044271 0.065104
0 0.323075 0.400317 0.044271 0.065104
0 0.273925 0.385100 0.044271 0.065104
0 0.252350 0.319133 0.044271 0.065104
0 0.228888 0.371983 0.044271 0.065104
0 0.308800 0.329700 0.044271 0.065104
0 0.202563 0.311100 0.044271 0.065104
0 0.231737 0.265850 0.044271 0.065104
0 0.286600 0.433300 0.044271 0.065104
0 0.461350 0.501383 0.044271 0.065104
0 0.457863 0.558050 0.044271 0.065104
0 0.499725 0.571150 0.044271 0.065104
0 0.483862 0.606250 0.044271 0.065104
0 0.544438 0.620200 0.044271 0.065104
0 0.528575 0.524633 0.044271 0.065104
0 0.585037 0.528867 0.044271 0.065104
0 0.551100 0.568617 0.044271 0.065104
0 0.588838 0.583833 0.044271 0.065104
0 0.566000 0.486583 0.044271 0.065104
0 0.519388 0.467550 0.044271 0.065104
0 0.475612 0.456567 0.044271 0.065104
0 0.507337 0.422317 0.044271 0.065104
0 0.454050 0.402017 0.044271 0.065104
0 0.481013 0.362267 0.044271 0.065104
0 0.441688 0.350000 0.044271 0.065104
0 0.405525 0.357183 0.044271 0.065104
0 0.355425 0.346200 0.044271 0.065104
0 0.384600 0.319983 0.044271 0.065104
0 0.422975 0.295033 0.044271 0.065104
0 0.461987 0.321667 0.044271 0.065104
0 0.523188 0.355083 0.044271 0.065104
0 0.527000 0.311100 0.044271 0.065104
0 0.553312 0.391450 0.044271 0.065104
0 0.560613 0.438383 0.044271 0.065104
0 0.603113 0.402433 0.044271 0.065104
0 0.598988 0.458683 0.044271 0.065104
0 0.618650 0.497583 0.044271 0.065104
0 0.617062 0.552550 0.044271 0.065104
0 0.648775 0.448533 0.044271 0.065104
0 0.645600 0.393983 0.044271 0.065104
0 0.201613 0.053167 0.044271 0.065104
0 0.206050 0.108133 0.044271 0.065104
0 0.182900 0.149567 0.044271 0.065104
0 0.163238 0.178317 0.044271 0.065104
0 0.208275 0.193550 0.044271 0.065104
0 0.186388 0.235833 0.044271 0.065104
0 0.221275 0.229917 0.044271 0.065104
0 0.273288 0.244717 0.044271 0.065104
0 0.291363 0.194400 0.044271 0.065104
0 0.240937 0.154217 0.044271 0.065104
0 0.251400 0.107283 0.044271 0.065104
0 0.268525 0.068800 0.044271 0.065104
0 0.257425 0.031167 0.044271 0.065104
0 0.214925 0.025683 0.044271 0.065104
0 0.231100 0.007917 0.044271 0.065104
0 0.275188 0.004950 0.044271 0.065104
0 0.307850 0.025683 0.044271 0.065104
0 0.323713 0.063317 0.044271 0.065104
0 0.355100 0.022717 0.044271 0.065104
0 0.297075 0.111517 0.044271 0.065104
0 0.285013 0.140267 0.044271 0.065104
0 0.324338 0.135200 0.044271 0.065104
0 0.343050 0.197783 0.044271 0.065104
0 0.376350 0.157183 0.044271 0.065104
0 0.353837 0.121233 0.044271 0.065104
0 0.376987 0.118283 0.044271 0.065104
0 0.371912 0.073033 0.044271 0.065104
0 0.416950 0.089950 0.044271 0.065104
0 0.408387 0.136467 0.044271 0.065104
0 0.435662 0.145350 0.044271 0.065104
0 0.386825 0.203700 0.044271 0.065104
0 0.429638 0.196500 0.044271 0.065104
0 0.432800 0.235833 0.044271 0.065104
0 0.379213 0.262900 0.044271 0.065104
0 0.340838 0.277700 0.044271 0.065104
0 0.317688 0.245983 0.044271 0.065104
0 0.277413 0.287850 0.044271 0.065104
0 0.421388 0.041317 0.044271 0.065104
0 0.421388 0.007067 0.044271 0.065104
0 0.449613 0.021017 0.044271 0.065104
0 0.493063 0.015100 0.044271 0.065104
0 0.476575 0.049350 0.044271 0.065104
0 0.462300 0.092917 0.044271 0.065104
0 0.466100 0.123783 0.044271 0.065104
0 0.500350 0.150000 0.044271 0.065104
0 0.525412 0.116583 0.044271 0.065104
0 0.516850 0.071767 0.044271 0.065104
0 0.558713 0.027367 0.044271 0.065104
0 0.570125 0.066700 0.044271 0.065104
0 0.607550 0.009600 0.044271 0.065104
0 0.598988 0.055283 0.044271 0.065104
0 0.627212 0.085300 0.044271 0.065104
0 0.631962 0.037933 0.044271 0.065104
0 0.583125 0.121233 0.044271 0.065104
0 0.598662 0.111933 0.044271 0.065104
0 0.607550 0.154650 0.044271 0.065104
0 0.564100 0.146617 0.044271 0.065104
0 0.558388 0.204533 0.044271 0.065104
0 0.519388 0.193550 0.044271 0.065104
0 0.476250 0.222717 0.044271 0.065104
0 0.473713 0.191433 0.044271 0.065104
0 0.520975 0.227800 0.044271 0.065104
0 0.511138 0.259933 0.044271 0.065104
0 0.550775 0.261200 0.044271 0.065104
0 0.467050 0.288683 0.044271 0.065104
0 0.596763 0.250217 0.044271 0.065104
0 0.594550 0.188900 0.044271 0.065104
0 0.636088 0.172833 0.044271 0.065104
0 0.675413 0.157600 0.044271 0.065104
0 0.642438 0.133933 0.044271 0.065104
0 0.655438 0.229067 0.044271 0.065104
0 0.642438 0.273883 0.044271 0.065104
0 0.687787 0.267967 0.044271 0.065104
0 0.676050 0.310683 0.044271 0.065104
0 0.687463 0.204533 0.044271 0.065104
0 0.733775 0.199883 0.044271 0.065104
0 0.708400 0.157600 0.044271 0.065104
0 0.733137 0.122933 0.044271 0.065104
0 0.696025 0.120400 0.044271 0.065104
0 0.703325 0.071350 0.044271 0.065104
0 0.655750 0.064583 0.044271 0.065104
0 0.682712 0.031600 0.044271 0.065104
0 0.723938 0.025683 0.044271 0.065104
0 0.670338 0.110667 0.044271 0.065104
0 0.750263 0.070500 0.044271 0.065104
0 0.667175 0.006217 0.044271 0.065104
0 0.639900 0.006217 0.044271 0.065104
0 0.976700 0.015950 0.044271 0.065104
0 0.976063 0.056117 0.044271 0.065104
0 0.981137 0.101367 0.044271 0.065104
0 0.944987 0.078950 0.044271 0.065104
0 0.918662 0.028633 0.044271 0.065104
0 0.908200 0.105167 0.044271 0.065104
0 0.944350 0.050200 0.044271 0.065104
0 0.892338 0.054850 0.044271 0.065104
0 0.878700 0.078117 0.044271 0.065104
0 0.863162 0.045967 0.044271 0.065104
0 0.835250 0.016800 0.044271 0.065104
0 0.788312 0.026100 0.044271 0.065104
0 0.768025 0.056117 0.044271 0.065104
0 0.759775 0.004533 0.044271 0.065104
0 0.818763 0.065850 0.044271 0.065104
0 0.817813 0.097133 0.044271 0.065104
0 0.783238 0.103900 0.044271 0.065104
0 0.765162 0.125050 0.044271 0.065104
0 0.796250 0.147033 0.044271 0.065104
0 0.852375 0.128000 0.044271 0.065104
0 0.862213 0.100100 0.044271 0.065104
0 0.889488 0.149567 0.044271 0.065104
0 0.851113 0.176633 0.044271 0.065104
0 0.881875 0.180433 0.044271 0.065104
0 0.846350 0.215533 0.044271 0.065104
0 0.809562 0.199467 0.044271 0.065104
0 0.773413 0.183400 0.044271 0.065104
0 0.755975 0.161417 0.044271 0.065104
0 0.773413 0.216800 0.044271 0.065104
0 0.762950 0.244717 0.044271 0.065104
0 0.735988 0.266700 0.044271 0.065104
0 0.716325 0.317867 0.044271 0.065104
0 0.756925 0.300950 0.044271 0.065104
0 0.810512 0.286567 0.044271 0.065104
0 0.808925 0.241750 0.044271 0.065104
0 0.838113 0.265433 0.044271 0.065104
0 0.858400 0.278967 0.044271 0.065104
0 0.864425 0.323783 0.044271 0.065104
0 0.911363 0.301800 0.044271 0.065104
0 0.891700 0.247667 0.044271 0.065104
0 0.913587 0.211733 0.044271 0.065104
0 0.869188 0.219767 0.044271 0.065104
0 0.945937 0.262900 0.044271 0.065104
0 0.939912 0.200733 0.044271 0.065104
0 0.957350 0.168600 0.044271 0.065104
0 0.926275 0.144067 0.044271 0.065104
0 0.971625 0.147033 0.044271 0.065104
0 0.988113 0.180433 0.044271 0.065104
0 0.980500 0.222300 0.044271 0.065104
0 0.989700 0.272617 0.044271 0.065104
0 0.961787 0.304750 0.044271 0.065104
0 0.987475 0.333933 0.044271 0.065104
0 0.955450 0.363117 0.044271 0.065104
0 0.920250 0.355917 0.044271 0.065104
0 0.574887 0.331817 0.044271 0.065104
0 0.605012 0.298833 0.044271 0.065104
0 0.625625 0.331817 0.044271 0.065104
0 0.590738 0.371983 0.044271 0.065104
0 0.660512 0.356767 0.044271 0.065104
0 0.561250 0.295883 0.044271 0.065104
0 0.696025 0.452333 0.044271 0.065104
0 0.692862 0.396933 0.044271 0.065104
0 0.710938 0.374950 0.044271 0.065104
0 0.736625 0.391017 0.044271 0.065104
0 0.756288 0.369033 0.044271 0.065104
0 0.734400 0.432033 0.044271 0.065104
0 0.777850 0.402433 0.044271 0.065104
0 0.741063 0.480667 0.044271 0.065104
0 0.777850 0.456567 0.044271 0.065104
0 0.759775 0.529717 0.044271 0.065104
0 0.683662 0.499683 0.044271 0.065104
0 0.661150 0.550850 0.044271 0.065104
0 0.790850 0.528450 0.044271 0.065104
0 0.796563 0.573683 0.044271 0.065104
0 0.824475 0.525483 0.044271 0.065104
0 0.806713 0.485733 0.044271 0.065104
0 0.811150 0.437117 0.044271 0.065104
0 0.844137 0.442600 0.044271 0.065104
0 0.807350 0.372833 0.044271 0.065104
0 0.785463 0.325900 0.044271 0.065104
0 0.859988 0.373267 0.044271 0.065104
0 0.883463 0.426117 0.044271 0.065104
0 0.896775 0.382983 0.044271 0.065104
0 0.933887 0.417233 0.044271 0.065104
0 0.947200 0.381300 0.044271 0.065104
0 0.979862 0.425267 0.044271 0.065104
0 0.948150 0.471367 0.044271 0.065104
0 0.917388 0.494617 0.044271 0.065104
0 0.875850 0.512800 0.044271 0.065104
0 0.906612 0.541550 0.044271 0.065104
0 0.887900 0.572850 0.044271 0.065104
0 0.853962 0.564817 0.044271 0.065104
0 0.839688 0.601183 0.044271 0.065104
0 0.836838 0.637117 0.044271 0.065104
0 0.882513 0.630783 0.044271 0.065104
0 0.931350 0.604983 0.044271 0.065104
0 0.955763 0.538600 0.044271 0.065104
0 0.984938 0.499267 0.044271 0.065104
0 0.987163 0.580883 0.044271 0.065104
0 0.945937 0.640083 0.044271 0.065104
0 0.917075 0.684900 0.044271 0.065104
0 0.860938 0.692083 0.044271 0.065104
0 0.949738 0.702233 0.044271 0.065104
0 0.985900 0.652767 0.044271 0.065104
0 0.994775 0.725917 0.044271 0.065104
0 0.995650 0.794433 0.044271 0.065104
0 0.986937 0.916383 0.044271 0.065104
0 0.458612 0.668300 0.044271 0.065104
0 0.504387 0.671467 0.044271 0.065104
0 0.548575 0.704083 0.044271 0.065104
0 0.696937 0.574667 0.044271 0.065104
0 0.262125 0.611483 0.044271 0.065104
0 0.500438 0.783000 0.044271 0.065104
0 0.356025 0.244283 0.044271 0.065104
0 0.620387 0.219017 0.044271 0.065104