0 0.587050 0.378362 0.034542 0.055556
0 0.611000 0.412881 0.034542 0.055556
0 0.595375 0.463107 0.034542 0.055556
0 0.630800 0.470942 0.034542 0.055556
0 0.616212 0.526648 0.034542 0.055556
0 0.653713 0.496045 0.034542 0.055556
0 0.677662 0.467815 0.034542 0.055556
0 0.680787 0.430151 0.034542 0.055556
0 0.644338 0.439567 0.034542 0.055556
0 0.638600 0.386987 0.034542 0.055556
0 0.668288 0.381507 0.034542 0.055556
0 0.639125 0.346968 0.034542 0.055556
0 0.610487 0.368945 0.034542 0.055556
0 0.613613 0.331281 0.034542 0.055556
0 0.591738 0.337552 0.034542 0.055556
0 0.635487 0.316384 0.034542 0.055556
0 0.673500 0.333635 0.034542 0.055556
0 0.667250 0.295970 0.034542 0.055556
0 0.704225 0.312448 0.034542 0.055556
0 0.705263 0.354030 0.034542 0.055556
0 0.705788 0.387778 0.034542 0.055556
0 0.662562 0.572166 0.034542 0.055556
0 0.701625 0.595706 0.034542 0.055556
0 0.695888 0.554124 0.034542 0.055556
0 0.694850 0.513315 0.034542 0.055556
0 0.663087 0.526648 0.034542 0.055556
0 0.744850 0.578437 0.034542 0.055556
0 0.726625 0.544708 0.034542 0.055556
0 0.733912 0.507815 0.034542 0.055556
0 0.710475 0.456045 0.034542 0.055556
0 0.875050 0.520377 0.034542 0.055556
0 0.843275 0.560395 0.034542 0.055556
0 0.817763 0.587853 0.034542 0.055556
0 0.791200 0.576083 0.034542 0.055556
0 0.765162 0.623955 0.034542 0.055556
0 0.782862 0.501544 0.034542 0.055556
0 0.827138 0.503898 0.034542 0.055556
0 0.842763 0.454463 0.034542 0.055556
0 0.876612 0.469379 0.034542 0.055556
0 0.807863 0.451337 0.034542 0.055556
0 0.771925 0.417589 0.034542 0.055556
0 0.749013 0.461525 0.034542 0.055556
0 0.805775 0.540000 0.034542 0.055556
0 0.758388 0.547062 0.034542 0.055556
0 0.647975 0.255951 0.034542 0.055556
0 0.674025 0.247326 0.034542 0.055556
0 0.696937 0.273220 0.034542 0.055556
0 0.717763 0.245763 0.034542 0.055556
0 0.733912 0.276365 0.034542 0.055556
0 0.760988 0.311676 0.034542 0.055556
0 0.738075 0.343842 0.034542 0.055556
0 0.764112 0.274783 0.034542 0.055556
0 0.779737 0.247326 0.034542 0.055556
0 0.796925 0.284991 0.034542 0.055556
0 0.813075 0.265367 0.034542 0.055556
0 0.831825 0.331281 0.034542 0.055556
0 0.784950 0.342260 0.034542 0.055556
0 0.802650 0.321092 0.034542 0.055556
0 0.868275 0.367382 0.034542 0.055556
0 0.819837 0.384633 0.034542 0.055556
0 0.853175 0.410527 0.034542 0.055556
0 0.769325 0.379153 0.034542 0.055556
0 0.876088 0.430923 0.034542 0.055556
0 0.435500 0.539209 0.034542 0.055556
0 0.492787 0.527439 0.034542 0.055556
0 0.524550 0.462316 0.034542 0.055556
0 0.534450 0.587853 0.034542 0.055556
0 0.383413 0.824802 0.034542 0.055556
0 0.431325 0.784011 0.034542 0.055556
0 0.541737 0.860904 0.034542 0.055556
0 0.534963 0.765179 0.034542 0.055556
0 0.547463 0.700056 0.034542 0.055556