0 0.175450 0.569700 0.241013 0.180556
0 0.764083 0.228789 0.241013 0.180556
0 0.666367 0.307578 0.241013 0.180556
0 0.782267 0.350000 0.241013 0.180556
0 0.714083 0.437878 0.241013 0.180556
0 0.527733 0.478789 0.241013 0.180556
0 0.552733 0.631822 0.241013 0.180556
0 0.625450 0.645456 0.241013 0.180556
0 0.955000 0.521211 0.241013 0.180556
0 0.884550 0.654544 0.241013 0.180556
0 0.818633 0.713633 0.241013 0.180556
0 0.818633 0.769700 0.241013 0.180556
0 0.462500 0.945300 0.241013 0.180556
0 0.332500 0.847278 0.241013 0.180556