0 0.349433 0.793955 0.347222 0.186632
0 0.668088 0.742432 0.347222 0.186632
0 0.918626 0.618193 0.347222 0.186632
0 0.973555 0.378799 0.347222 0.186632
0 0.799943 0.453047 0.347222 0.186632
0 0.481289 0.530312 0.347222 0.186632
0 0.158244 0.625771 0.347222 0.186632
0 0.021997 0.468193 0.347222 0.186632
0 0.276912 0.392432 0.347222 0.186632
0 0.138470 0.260615 0.347222 0.186632
0 0.041771 0.151523 0.347222 0.186632
0 0.283513 0.093955 0.347222 0.186632
0 0.109901 0.030313 0.347222 0.186632
0 0.573598 0.033350 0.347222 0.186632
0 0.468102 0.192432 0.347222 0.186632
0 0.628541 0.316680 0.347222 0.186632
0 0.874674 0.269707 0.347222 0.186632
0 0.731827 0.163652 0.347222 0.186632