0 0.292050 0.466667 0.225911 0.333333
0 0.161363 0.619700 0.225911 0.333333
0 0.461362 0.272733 0.225911 0.333333
0 0.579550 0.566667 0.225911 0.333333
0 0.785225 0.489400 0.225911 0.333333
0 0.923863 0.271217 0.225911 0.333333
0 0.829550 0.133333 0.225911 0.333333
0 0.539087 0.043483 0.225911 0.333333
0 0.689887 0.062267 0.225911 0.333333
0 0.414200 0.059250 0.225911 0.333333
0 0.298750 0.100000 0.225911 0.333333
0 0.147950 0.140917 0.225911 0.333333
0 0.030113 0.266517 0.225911 0.333333
0 0.491938 0.785000 0.225911 0.333333