0 0.420410 0.063501 0.022876 0.019965
0 0.484740 0.070517 0.022876 0.019965
0 0.544400 0.065255 0.022876 0.019965
0 0.629780 0.075780 0.022876 0.019965
0 0.660190 0.090682 0.022876 0.019965
0 0.688270 0.084543 0.022876 0.019965
0 0.732710 0.096822 0.022876 0.019965
0 0.745580 0.107339 0.022876 0.019965
0 0.798220 0.125757 0.022876 0.019965
0 0.843830 0.143291 0.022876 0.019965
0 0.882430 0.165210 0.022876 0.019965
0 0.711660 0.116987 0.022876 0.019965
0 0.760790 0.137151 0.022876 0.019965
0 0.805230 0.158201 0.022876 0.019965
0 0.843830 0.180997 0.022876 0.019965
0 0.912850 0.202039 0.022876 0.019965
0 0.889450 0.184505 0.022876 0.019965
0 0.863720 0.206424 0.022876 0.019965
0 0.868400 0.215195 0.022876 0.019965
0 0.841490 0.228343 0.022876 0.019965
0 0.898810 0.235360 0.022876 0.019965
0 0.625100 0.122249 0.022876 0.019965
0 0.677740 0.131019 0.022876 0.019965
0 0.725700 0.158201 0.022876 0.019965
0 0.648500 0.148553 0.022876 0.019965
0 0.766640 0.180120 0.022876 0.019965
0 0.802900 0.204670 0.022876 0.019965
0 0.368940 0.088051 0.022876 0.019965
0 0.333850 0.073148 0.022876 0.019965
0 0.295250 0.079280 0.022876 0.019965
0 0.295250 0.093313 0.022876 0.019965
0 0.216880 0.109093 0.022876 0.019965
0 0.254310 0.113478 0.022876 0.019965
0 0.332680 0.104715 0.022876 0.019965
0 0.572470 0.150307 0.022876 0.019965
0 0.485910 0.152939 0.022876 0.019965
0 0.406370 0.124880 0.022876 0.019965
0 0.406370 0.135397 0.022876 0.019965
0 0.370110 0.116987 0.022876 0.019965
0 0.292910 0.126634 0.022876 0.019965
0 0.333850 0.141537 0.022876 0.019965
0 0.375960 0.159955 0.022876 0.019965
0 0.454330 0.159955 0.022876 0.019965
0 0.416900 0.183628 0.022876 0.019965
0 0.497610 0.187136 0.022876 0.019965
0 0.539720 0.166964 0.022876 0.019965
0 0.171270 0.125757 0.022876 0.019965
0 0.212210 0.133643 0.022876 0.019965
0 0.254310 0.148553 0.022876 0.019965
0 0.297590 0.167841 0.022876 0.019965
0 0.338530 0.188883 0.022876 0.019965
0 0.379470 0.209933 0.022876 0.019965
0 0.299930 0.216064 0.022876 0.019965
0 0.257820 0.195022 0.022876 0.019965
0 0.218050 0.173981 0.022876 0.019965
0 0.173610 0.153816 0.022876 0.019965
0 0.130330 0.147676 0.022876 0.019965
0 0.104590 0.165210 0.022876 0.019965
0 0.112780 0.195022 0.022876 0.019965
0 0.139690 0.182751 0.022876 0.019965
0 0.181790 0.202916 0.022876 0.019965
0 0.139690 0.227466 0.022876 0.019965
0 0.222730 0.225712 0.022876 0.019965
0 0.575980 0.188883 0.022876 0.019965
0 0.615750 0.166964 0.022876 0.019965
0 0.652010 0.196777 0.022876 0.019965
0 0.614580 0.216064 0.022876 0.019965
0 0.689440 0.176612 0.022876 0.019965
0 0.726870 0.202039 0.022876 0.019965
0 0.689440 0.223081 0.022876 0.019965
0 0.653180 0.244123 0.022876 0.019965
0 0.728040 0.248508 0.022876 0.019965
0 0.575980 0.238868 0.022876 0.019965
0 0.536210 0.212564 0.022876 0.019965
0 0.496440 0.235360 0.022876 0.019965
0 0.457840 0.209055 0.022876 0.019965
0 0.418070 0.233606 0.022876 0.019965
0 0.339700 0.237114 0.022876 0.019965
0 0.260160 0.245000 0.022876 0.019965
0 0.186470 0.255525 0.022876 0.019965
0 0.168930 0.259033 0.022876 0.019965
0 0.132670 0.280075 0.022876 0.019965
0 0.103420 0.248508 0.022876 0.019965
0 0.084710 0.218696 0.022876 0.019965
0 0.080030 0.191514 0.022876 0.019965
0 0.067160 0.244123 0.022876 0.019965
0 0.076520 0.273058 0.022876 0.019965
0 0.764300 0.227466 0.022876 0.019965
0 0.802900 0.254648 0.022876 0.019965
0 0.870740 0.269558 0.022876 0.019965
0 0.923370 0.259033 0.022876 0.019965
0 0.904660 0.291477 0.022876 0.019965
0 0.928050 0.316904 0.022876 0.019965
0 0.935070 0.369513 0.022876 0.019965
0 0.911680 0.344963 0.022876 0.019965
0 0.873080 0.322166 0.022876 0.019965
0 0.836820 0.281829 0.022876 0.019965
0 0.841490 0.300240 0.022876 0.019965
0 0.820440 0.333561 0.022876 0.019965
0 0.800560 0.305502 0.022876 0.019965
0 0.765470 0.276567 0.022876 0.019965
0 0.731540 0.297616 0.022876 0.019965
0 0.656680 0.290600 0.022876 0.019965
0 0.615750 0.264295 0.022876 0.019965
0 0.536210 0.262541 0.022876 0.019965
0 0.577150 0.287969 0.022876 0.019965
0 0.615750 0.313396 0.022876 0.019965
0 0.692950 0.319535 0.022876 0.019965
0 0.763130 0.327421 0.022876 0.019965
0 0.577150 0.339700 0.022876 0.019965
0 0.537380 0.313396 0.022876 0.019965
0 0.497610 0.286214 0.022876 0.019965
0 0.457840 0.259910 0.022876 0.019965
0 0.377130 0.259910 0.022876 0.019965
0 0.418070 0.284460 0.022876 0.019965
0 0.459010 0.312519 0.022876 0.019965
0 0.378300 0.313396 0.022876 0.019965
0 0.337360 0.288846 0.022876 0.019965
0 0.299930 0.265172 0.022876 0.019965
0 0.301100 0.317781 0.022876 0.019965
0 0.262500 0.295862 0.022876 0.019965
0 0.226240 0.274813 0.022876 0.019965
0 0.192320 0.306379 0.022876 0.019965
0 0.166590 0.310765 0.022876 0.019965
0 0.096410 0.302871 0.022876 0.019965
0 0.127990 0.333561 0.022876 0.019965
0 0.060150 0.297616 0.022876 0.019965
0 0.069500 0.325675 0.022876 0.019965
0 0.091730 0.357234 0.022876 0.019965
0 0.160740 0.363373 0.022876 0.019965
0 0.206360 0.354603 0.022876 0.019965
0 0.230920 0.325675 0.022876 0.019965
0 0.271860 0.347594 0.022876 0.019965
0 0.308120 0.372144 0.022876 0.019965
0 0.246130 0.380915 0.022876 0.019965
0 0.193490 0.399325 0.022876 0.019965
0 0.120970 0.391432 0.022876 0.019965
0 0.061320 0.381784 0.022876 0.019965
0 0.090560 0.415982 0.022876 0.019965
0 0.339700 0.342331 0.022876 0.019965
0 0.418070 0.338823 0.022876 0.019965
0 0.378300 0.366882 0.022876 0.019965
0 0.457840 0.367759 0.022876 0.019965
0 0.496440 0.339700 0.022876 0.019965
0 0.536210 0.367759 0.022876 0.019965
0 0.495270 0.394940 0.022876 0.019965
0 0.418070 0.394940 0.022876 0.019965
0 0.343210 0.398448 0.022876 0.019965
0 0.277710 0.409843 0.022876 0.019965
0 0.216880 0.417736 0.022876 0.019965
0 0.572470 0.394940 0.022876 0.019965
0 0.614580 0.369513 0.022876 0.019965
0 0.655520 0.343208 0.022876 0.019965
0 0.649670 0.398448 0.022876 0.019965
0 0.688270 0.372144 0.022876 0.019965
0 0.726870 0.348471 0.022876 0.019965
0 0.787690 0.356357 0.022876 0.019965
0 0.747920 0.380037 0.022876 0.019965
0 0.708150 0.401079 0.022876 0.019965
0 0.683590 0.428261 0.022876 0.019965
0 0.611070 0.425630 0.022876 0.019965
0 0.766640 0.407219 0.022876 0.019965
0 0.805230 0.383538 0.022876 0.019965
0 0.840330 0.351102 0.022876 0.019965
0 0.881260 0.374775 0.022876 0.019965
0 0.918690 0.398448 0.022876 0.019965
0 0.940920 0.422121 0.022876 0.019965
0 0.957290 0.450180 0.022876 0.019965
0 0.922200 0.451934 0.022876 0.019965
0 0.889450 0.426507 0.022876 0.019965
0 0.849680 0.404588 0.022876 0.019965
0 0.818100 0.431769 0.022876 0.019965
0 0.783010 0.431769 0.022876 0.019965
0 0.728040 0.430015 0.022876 0.019965
0 0.857870 0.457196 0.022876 0.019965
0 0.896470 0.479115 0.022876 0.019965
0 0.923370 0.504543 0.022876 0.019965
0 0.954950 0.529093 0.022876 0.019965
0 0.965480 0.502789 0.022876 0.019965
0 0.947940 0.476484 0.022876 0.019965
0 0.972500 0.556274 0.022876 0.019965
0 0.959630 0.581702 0.022876 0.019965
0 0.978350 0.608883 0.022876 0.019965
0 0.928050 0.558028 0.022876 0.019965
0 0.897640 0.532601 0.022876 0.019965
0 0.866060 0.507174 0.022876 0.019965
0 0.828630 0.483501 0.022876 0.019965
0 0.806400 0.508928 0.022876 0.019965
0 0.839160 0.533478 0.022876 0.019965
0 0.874250 0.558906 0.022876 0.019965
0 0.897640 0.586087 0.022876 0.019965
0 0.932730 0.610637 0.022876 0.019965
0 0.866060 0.610637 0.022876 0.019965
0 0.832140 0.607129 0.022876 0.019965
0 0.852020 0.582579 0.022876 0.019965
0 0.819270 0.556274 0.022876 0.019965
0 0.786520 0.510682 0.022876 0.019965
0 0.795880 0.458951 0.022876 0.019965
0 0.770140 0.484378 0.022876 0.019965
0 0.746750 0.457196 0.022876 0.019965
0 0.961970 0.636942 0.022876 0.019965
0 0.974840 0.661492 0.022876 0.019965
0 0.933900 0.663246 0.022876 0.019965
0 0.898810 0.637819 0.022876 0.019965
0 0.846170 0.633433 0.022876 0.019965
0 0.864890 0.662369 0.022876 0.019965
0 0.898810 0.689550 0.022876 0.019965
0 0.959630 0.688673 0.022876 0.019965
0 0.973670 0.713231 0.022876 0.019965
0 0.932730 0.716732 0.022876 0.019965
0 0.863720 0.714978 0.022876 0.019965
0 0.830970 0.707091 0.022876 0.019965
0 0.843830 0.685172 0.022876 0.019965
0 0.827460 0.657114 0.022876 0.019965
0 0.843830 0.737781 0.022876 0.019965
0 0.896470 0.742159 0.022876 0.019965
0 0.953780 0.740412 0.022876 0.019965
0 0.976010 0.764963 0.022876 0.019965
0 0.928050 0.769340 0.022876 0.019965
0 0.862550 0.765840 0.022876 0.019965
0 0.846170 0.788636 0.022876 0.019965
0 0.891790 0.793898 0.022876 0.019965
0 0.951450 0.792144 0.022876 0.019965
0 0.978350 0.817571 0.022876 0.019965
0 0.924540 0.820202 0.022876 0.019965
0 0.861380 0.818448 0.022876 0.019965
0 0.849680 0.839490 0.022876 0.019965
0 0.890620 0.846507 0.022876 0.019965
0 0.956120 0.843876 0.022876 0.019965
0 0.980690 0.870180 0.022876 0.019965
0 0.924540 0.872811 0.022876 0.019965
0 0.861380 0.870180 0.022876 0.019965
0 0.850850 0.889468 0.022876 0.019965
0 0.857870 0.915772 0.022876 0.019965
0 0.887110 0.895607 0.022876 0.019965
0 0.958460 0.896484 0.022876 0.019965
0 0.983030 0.918403 0.022876 0.019965
0 0.923370 0.919280 0.022876 0.019965
0 0.884770 0.937691 0.022876 0.019965
0 0.956120 0.938568 0.022876 0.019965
0 0.016870 0.892976 0.022876 0.019965
0 0.039090 0.920157 0.022876 0.019965
0 0.111610 0.919280 0.022876 0.019965
0 0.070670 0.939445 0.022876 0.019965
0 0.074180 0.895607 0.022876 0.019965
0 0.115120 0.869303 0.022876 0.019965
0 0.047280 0.866672 0.022876 0.019965
0 0.021550 0.836859 0.022876 0.019965
0 0.078860 0.841244 0.022876 0.019965
0 0.143190 0.838613 0.022876 0.019965
0 0.138520 0.893853 0.022876 0.019965
0 0.049620 0.811432 0.022876 0.019965
0 0.110440 0.812309 0.022876 0.019965
0 0.152550 0.806169 0.022876 0.019965
0 0.137350 0.782496 0.022876 0.019965
0 0.070670 0.785127 0.022876 0.019965
0 0.023890 0.781619 0.022876 0.019965
0 0.154890 0.751807 0.022876 0.019965
0 0.103420 0.756192 0.022876 0.019965
0 0.040260 0.756192 0.022876 0.019965
0 0.021550 0.725502 0.022876 0.019965
0 0.066000 0.729010 0.022876 0.019965
0 0.133840 0.727256 0.022876 0.019965
0 0.156060 0.699198 0.022876 0.019965
0 0.132670 0.675525 0.022876 0.019965
0 0.101090 0.700952 0.022876 0.019965
0 0.064830 0.674648 0.022876 0.019965
0 0.036750 0.700075 0.022876 0.019965
0 0.016870 0.672016 0.022876 0.019965
0 0.035580 0.646589 0.022876 0.019965
0 0.016870 0.619408 0.022876 0.019965
0 0.039090 0.593981 0.022876 0.019965
0 0.068330 0.622916 0.022876 0.019965
0 0.103420 0.650975 0.022876 0.019965
0 0.135010 0.630802 0.022876 0.019965
0 0.164250 0.650975 0.022876 0.019965
0 0.102260 0.603621 0.022876 0.019965
0 0.025060 0.566799 0.022876 0.019965
0 0.071840 0.574693 0.022876 0.019965
0 0.138520 0.588718 0.022876 0.019965
0 0.160740 0.609760 0.022876 0.019965
0 0.174780 0.588718 0.022876 0.019965
0 0.158400 0.568553 0.022876 0.019965
0 0.189980 0.549258 0.022876 0.019965
0 0.138520 0.546634 0.022876 0.019965
0 0.108100 0.561537 0.022876 0.019965
0 0.044940 0.405465 0.022876 0.019965
0 0.053130 0.435277 0.022876 0.019965
0 0.037920 0.462459 0.022876 0.019965
0 0.082370 0.474730 0.022876 0.019965
0 0.116290 0.456319 0.022876 0.019965
0 0.156060 0.430015 0.022876 0.019965
0 0.184130 0.469468 0.022876 0.019965
0 0.172440 0.526462 0.022876 0.019965
0 0.147870 0.495772 0.022876 0.019965
0 0.110440 0.514190 0.022876 0.019965
0 0.077690 0.529093 0.022876 0.019965
0 0.042600 0.545757 0.022876 0.019965
0 0.032070 0.515945 0.022876 0.019965
0 0.047280 0.493141 0.022876 0.019965
0 0.229750 0.483501 0.022876 0.019965
0 0.250800 0.450180 0.022876 0.019965
0 0.316310 0.434400 0.022876 0.019965
0 0.379470 0.423876 0.022876 0.019965
0 0.419240 0.449303 0.022876 0.019965
0 0.380640 0.481747 0.022876 0.019965
0 0.342040 0.459828 0.022876 0.019965
0 0.313970 0.498403 0.022876 0.019965
0 0.288230 0.474730 0.022876 0.019965
0 0.263670 0.509805 0.022876 0.019965
0 0.239110 0.540495 0.022876 0.019965
0 0.292910 0.529970 0.022876 0.019965
0 0.343210 0.518576 0.022876 0.019965
0 0.455500 0.422121 0.022876 0.019965
0 0.271860 0.558906 0.022876 0.019965
0 0.242620 0.584333 0.022876 0.019965
0 0.222730 0.603621 0.022876 0.019965
0 0.275370 0.601874 0.022876 0.019965
0 0.290570 0.578193 0.022876 0.019965
0 0.311630 0.550135 0.022876 0.019965
0 0.248470 0.622916 0.022876 0.019965
0 0.285900 0.622039 0.022876 0.019965
0 0.309290 0.597489 0.022876 0.019965
0 0.226240 0.643958 0.022876 0.019965
0 0.271860 0.644835 0.022876 0.019965
0 0.280050 0.670262 0.022876 0.019965
0 0.264840 0.695690 0.022876 0.019965
0 0.253140 0.667631 0.022876 0.019965
0 0.229750 0.691304 0.022876 0.019965
0 0.249640 0.721117 0.022876 0.019965
0 0.273030 0.723748 0.022876 0.019965
0 0.226240 0.743036 0.022876 0.019965
0 0.256650 0.748298 0.022876 0.019965
0 0.243790 0.771972 0.022876 0.019965
0 0.275370 0.778111 0.022876 0.019965
0 0.225070 0.799153 0.022876 0.019965
0 0.251970 0.804415 0.022876 0.019965
0 0.241450 0.830720 0.022876 0.019965
0 0.276540 0.835982 0.022876 0.019965
0 0.232090 0.939445 0.022876 0.019965
0 0.276540 0.946462 0.022876 0.019965
0 0.249640 0.921034 0.022876 0.019965
0 0.236770 0.889468 0.022876 0.019965
0 0.225070 0.855270 0.022876 0.019965
0 0.249640 0.862286 0.022876 0.019965
0 0.276540 0.895607 0.022876 0.019965
0 0.311630 0.923666 0.022876 0.019965
0 0.347890 0.948216 0.022876 0.019965
0 0.380640 0.925420 0.022876 0.019965
0 0.350230 0.897361 0.022876 0.019965
0 0.311630 0.865795 0.022876 0.019965
0 0.412220 0.949970 0.022876 0.019965
0 0.414560 0.899115 0.022876 0.019965
0 0.384150 0.866672 0.022876 0.019965
0 0.349060 0.837736 0.022876 0.019965
0 0.415730 0.838613 0.022876 0.019965
0 0.343210 0.568553 0.022876 0.019965
0 0.384150 0.536109 0.022876 0.019965
0 0.419240 0.560660 0.022876 0.019965
0 0.384150 0.589595 0.022876 0.019965
0 0.345550 0.618531 0.022876 0.019965
0 0.308120 0.645712 0.022876 0.019965
0 0.308120 0.697444 0.022876 0.019965
0 0.345550 0.671139 0.022876 0.019965
0 0.382980 0.643081 0.022876 0.019965
0 0.416900 0.616777 0.022876 0.019965
0 0.454330 0.589595 0.022876 0.019965
0 0.309290 0.751807 0.022876 0.019965
0 0.347890 0.724625 0.022876 0.019965
0 0.384150 0.697444 0.022876 0.019965
0 0.418070 0.671139 0.022876 0.019965
0 0.453160 0.644835 0.022876 0.019965
0 0.491760 0.617654 0.022876 0.019965
0 0.491760 0.560660 0.022876 0.019965
0 0.455500 0.533478 0.022876 0.019965
0 0.308120 0.807924 0.022876 0.019965
0 0.346720 0.778988 0.022876 0.019965
0 0.384150 0.751807 0.022876 0.019965
0 0.416900 0.725502 0.022876 0.019965
0 0.382980 0.807924 0.022876 0.019965
0 0.415730 0.780742 0.022876 0.019965
0 0.453160 0.810555 0.022876 0.019965
0 0.453160 0.754438 0.022876 0.019965
0 0.453160 0.700075 0.022876 0.019965
0 0.450820 0.927174 0.022876 0.019965
0 0.490590 0.950847 0.022876 0.019965
0 0.491760 0.899115 0.022876 0.019965
0 0.450820 0.870180 0.022876 0.019965
0 0.490590 0.841244 0.022876 0.019965
0 0.531530 0.869303 0.022876 0.019965
0 0.531530 0.927174 0.022876 0.019965
0 0.535040 0.423876 0.022876 0.019965
0 0.494100 0.451057 0.022876 0.019965
0 0.456670 0.478238 0.022876 0.019965
0 0.418070 0.505420 0.022876 0.019965
0 0.494100 0.506297 0.022876 0.019965
0 0.532700 0.479115 0.022876 0.019965
0 0.571300 0.451057 0.022876 0.019965
0 0.643820 0.453688 0.022876 0.019965
0 0.608730 0.479115 0.022876 0.019965
0 0.571300 0.507174 0.022876 0.019965
0 0.530360 0.533478 0.022876 0.019965
0 0.529190 0.590472 0.022876 0.019965
0 0.566620 0.562414 0.022876 0.019965
0 0.606390 0.536109 0.022876 0.019965
0 0.640310 0.507174 0.022876 0.019965
0 0.678910 0.481747 0.022876 0.019965
0 0.702300 0.455442 0.022876 0.019965
0 0.717510 0.482624 0.022876 0.019965
0 0.736220 0.508928 0.022876 0.019965
0 0.705810 0.510682 0.022876 0.019965
0 0.674230 0.536987 0.022876 0.019965
0 0.637970 0.563291 0.022876 0.019965
0 0.706980 0.564168 0.022876 0.019965
0 0.730370 0.563291 0.022876 0.019965
0 0.717510 0.536987 0.022876 0.019965
0 0.757280 0.536987 0.022876 0.019965
0 0.787690 0.533478 0.022876 0.019965
0 0.777160 0.562414 0.022876 0.019965
0 0.785350 0.584333 0.022876 0.019965
0 0.745580 0.587841 0.022876 0.019965
0 0.726870 0.589595 0.022876 0.019965
0 0.668380 0.590472 0.022876 0.019965
0 0.605220 0.590472 0.022876 0.019965
0 0.767800 0.612391 0.022876 0.019965
0 0.785350 0.636942 0.022876 0.019965
0 0.778330 0.687796 0.022876 0.019965
0 0.758450 0.664123 0.022876 0.019965
0 0.740900 0.616777 0.022876 0.019965
0 0.704640 0.618531 0.022876 0.019965
0 0.750260 0.641327 0.022876 0.019965
0 0.731540 0.643958 0.022876 0.019965
0 0.746750 0.669385 0.022876 0.019965
0 0.754940 0.693058 0.022876 0.019965
0 0.731540 0.696567 0.022876 0.019965
0 0.701130 0.671139 0.022876 0.019965
0 0.670720 0.644835 0.022876 0.019965
0 0.640310 0.618531 0.022876 0.019965
0 0.566620 0.617654 0.022876 0.019965
0 0.528020 0.644835 0.022876 0.019965
0 0.491760 0.672894 0.022876 0.019965
0 0.605220 0.645712 0.022876 0.019965
0 0.565450 0.672016 0.022876 0.019965
0 0.526850 0.699198 0.022876 0.019965
0 0.489420 0.727256 0.022876 0.019965
0 0.489420 0.782496 0.022876 0.019965
0 0.526850 0.754438 0.022876 0.019965
0 0.566620 0.726379 0.022876 0.019965
0 0.605220 0.699198 0.022876 0.019965
0 0.642650 0.672894 0.022876 0.019965
0 0.674230 0.699198 0.022876 0.019965
0 0.643820 0.727256 0.022876 0.019965
0 0.604050 0.752684 0.022876 0.019965
0 0.566620 0.779865 0.022876 0.019965
0 0.529190 0.809678 0.022876 0.019965
0 0.701130 0.725502 0.022876 0.019965
0 0.677740 0.753561 0.022876 0.019965
0 0.751430 0.721994 0.022876 0.019965
0 0.764300 0.716732 0.022876 0.019965
0 0.775990 0.738658 0.022876 0.019965
0 0.763130 0.746544 0.022876 0.019965
0 0.790030 0.762331 0.022876 0.019965
0 0.731540 0.751807 0.022876 0.019965
0 0.770140 0.770217 0.022876 0.019965
0 0.753770 0.775480 0.022876 0.019965
0 0.767800 0.800907 0.022876 0.019965
0 0.779500 0.792144 0.022876 0.019965
0 0.795880 0.786004 0.022876 0.019965
0 0.792370 0.815817 0.022876 0.019965
0 0.792370 0.835982 0.022876 0.019965
0 0.770140 0.821957 0.022876 0.019965
0 0.758450 0.829843 0.022876 0.019965
0 0.768970 0.854393 0.022876 0.019965
0 0.781840 0.844753 0.022876 0.019965
0 0.790030 0.869303 0.022876 0.019965
0 0.773650 0.879820 0.022876 0.019965
0 0.757280 0.889468 0.022876 0.019965
0 0.770140 0.921912 0.022876 0.019965
0 0.779500 0.919280 0.022876 0.019965
0 0.775990 0.940322 0.022876 0.019965
0 0.763130 0.942954 0.022876 0.019965
0 0.747920 0.925420 0.022876 0.019965
0 0.717510 0.895607 0.022876 0.019965
0 0.738560 0.862286 0.022876 0.019965
0 0.682420 0.866672 0.022876 0.019965
0 0.716340 0.948216 0.022876 0.019965
0 0.684760 0.924543 0.022876 0.019965
0 0.646160 0.895607 0.022876 0.019965
0 0.607560 0.922789 0.022876 0.019965
0 0.646160 0.949093 0.022876 0.019965
0 0.568960 0.950847 0.022876 0.019965
0 0.570130 0.897361 0.022876 0.019965
0 0.606390 0.868426 0.022876 0.019965
0 0.567790 0.839490 0.022876 0.019965
0 0.604050 0.810555 0.022876 0.019965
0 0.644990 0.839490 0.022876 0.019965
0 0.712830 0.836859 0.022876 0.019965
0 0.680080 0.809678 0.022876 0.019965
0 0.642650 0.781619 0.022876 0.019965
0 0.705810 0.778988 0.022876 0.019965
0 0.733880 0.805292 0.022876 0.019965