0 0.097356 0.276006 0.064542 0.048611
0 0.123941 0.318437 0.064542 0.048611
0 0.180918 0.372979 0.064542 0.048611
0 0.249278 0.422979 0.064542 0.048611
0 0.351824 0.445703 0.064542 0.048611
0 0.444884 0.445703 0.064542 0.048611
0 0.505655 0.421465 0.064542 0.048611
0 0.528433 0.383584 0.064542 0.048611
0 0.541726 0.336611 0.064542 0.048611
0 0.553121 0.395703 0.064542 0.048611
0 0.562619 0.439648 0.064542 0.048611
0 0.553121 0.488125 0.064542 0.048611
0 0.518947 0.533584 0.064542 0.048611
0 0.450575 0.568438 0.064542 0.048611
0 0.368923 0.577520 0.064542 0.048611
0 0.281567 0.550254 0.064542 0.048611
0 0.196108 0.510859 0.064542 0.048611
0 0.131542 0.456309 0.064542 0.048611
0 0.074565 0.395703 0.064542 0.048611
0 0.042289 0.338125 0.064542 0.048611
0 0.047980 0.294189 0.064542 0.048611