0 0.297480 0.706066 0.042222 0.054688
0 0.258680 0.672740 0.042222 0.054688
0 0.226320 0.634871 0.042222 0.054688
0 0.195260 0.598501 0.042222 0.054688
0 0.170680 0.553044 0.042222 0.054688
0 0.159040 0.507588 0.042222 0.054688
0 0.146100 0.457588 0.042222 0.054688
0 0.148680 0.409110 0.042222 0.054688
0 0.147400 0.360609 0.042222 0.054688
0 0.162920 0.319719 0.042222 0.054688
0 0.175860 0.274262 0.042222 0.054688
0 0.201740 0.225761 0.042222 0.054688
0 0.190100 0.183349 0.042222 0.054688
0 0.186200 0.140913 0.042222 0.054688
0 0.192680 0.101522 0.042222 0.054688
0 0.210800 0.071218 0.042222 0.054688
0 0.237960 0.040913 0.042222 0.054688
0 0.271600 0.016674 0.042222 0.054688
0 0.310420 0.006066 0.042222 0.054688
0 0.221540 0.191686 0.042222 0.054688
0 0.252980 0.161218 0.042222 0.054688
0 0.282600 0.127588 0.042222 0.054688
0 0.323100 0.104403 0.042222 0.054688
0 0.358960 0.084403 0.042222 0.054688
0 0.399460 0.071827 0.042222 0.054688
0 0.441640 0.069719 0.042222 0.054688
0 0.484860 0.069719 0.042222 0.054688
0 0.543200 0.075925 0.042222 0.054688
0 0.521600 0.078033 0.042222 0.054688
0 0.527040 0.114871 0.042222 0.054688
0 0.514480 0.159110 0.042222 0.054688
0 0.501020 0.210609 0.042222 0.054688
0 0.497400 0.263349 0.042222 0.054688
0 0.496500 0.311686 0.042222 0.054688
0 0.226960 0.256979 0.042222 0.054688
0 0.225160 0.304262 0.042222 0.054688
0 0.252980 0.295925 0.042222 0.054688
0 0.293340 0.318033 0.042222 0.054688
0 0.332940 0.339110 0.042222 0.054688
0 0.376940 0.351686 0.042222 0.054688
0 0.423640 0.358033 0.042222 0.054688
0 0.471260 0.365316 0.042222 0.054688
0 0.513580 0.363185 0.042222 0.054688
0 0.559380 0.360023 0.042222 0.054688
0 0.646600 0.335925 0.042222 0.054688
0 0.686960 0.249555 0.042222 0.054688
0 0.682440 0.206534 0.042222 0.054688
0 0.664440 0.166534 0.042222 0.054688
0 0.634820 0.138033 0.042222 0.054688
0 0.604280 0.118033 0.042222 0.054688
0 0.568300 0.094871 0.042222 0.054688
0 0.632100 0.194871 0.042222 0.054688
0 0.593540 0.175925 0.042222 0.054688
0 0.551220 0.161218 0.042222 0.054688
0 0.467780 0.145457 0.042222 0.054688
0 0.426360 0.146534 0.042222 0.054688
0 0.383280 0.149719 0.042222 0.054688
0 0.342780 0.168642 0.042222 0.054688
0 0.306020 0.189555 0.042222 0.054688
0 0.272780 0.218033 0.042222 0.054688
0 0.254780 0.254871 0.042222 0.054688
0 0.711300 0.232740 0.042222 0.054688
0 0.748040 0.254871 0.042222 0.054688
0 0.804720 0.326370 0.042222 0.054688
0 0.828000 0.367447 0.042222 0.054688
0 0.834340 0.415761 0.042222 0.054688
0 0.815460 0.510468 0.042222 0.054688
0 0.552660 0.044098 0.042222 0.054688
0 0.550460 0.005621 0.042222 0.054688
0 0.588620 0.015176 0.042222 0.054688
0 0.623040 0.040609 0.042222 0.054688
0 0.659800 0.066979 0.042222 0.054688
0 0.696540 0.076534 0.042222 0.054688
0 0.775080 0.072131 0.042222 0.054688
0 0.816220 0.005621 0.042222 0.054688
0 0.223600 0.351827 0.042222 0.054688
0 0.222320 0.397283 0.042222 0.054688
0 0.232660 0.438197 0.042222 0.054688
0 0.252080 0.485176 0.042222 0.054688
0 0.276660 0.527588 0.042222 0.054688
0 0.299940 0.568501 0.042222 0.054688
0 0.314180 0.618501 0.042222 0.054688
0 0.332300 0.670023 0.042222 0.054688
0 0.360760 0.739719 0.042222 0.054688
0 0.500500 0.404871 0.042222 0.054688
0 0.518620 0.448806 0.042222 0.054688
0 0.545800 0.488197 0.042222 0.054688
0 0.574260 0.523044 0.042222 0.054688
0 0.618260 0.547283 0.042222 0.054688
0 0.655780 0.565457 0.042222 0.054688
0 0.702360 0.568501 0.042222 0.054688
0 0.743760 0.571522 0.042222 0.054688