0 0.032155 0.453459 0.091146 0.106771
0 0.033790 0.357460 0.091146 0.106771
0 0.104208 0.396729 0.091146 0.106771
0 0.107483 0.316006 0.091146 0.106771
0 0.181176 0.344371 0.091146 0.106771
0 0.171352 0.244002 0.091146 0.106771
0 0.274519 0.313821 0.091146 0.106771
0 0.241765 0.217822 0.091146 0.106771
0 0.317098 0.145825 0.091146 0.106771
0 0.367862 0.124002 0.091146 0.106771
0 0.433365 0.084732 0.091146 0.106771
0 0.503784 0.089096 0.091146 0.106771
0 0.580752 0.100008 0.091146 0.106771
0 0.605317 0.174190 0.091146 0.106771
0 0.584027 0.241824 0.091146 0.106771
0 0.505419 0.281093 0.091146 0.106771
0 0.436640 0.302916 0.091146 0.106771
0 0.331833 0.324732 0.091146 0.106771
0 0.618416 0.374913 0.091146 0.106771
0 0.646256 0.289819 0.091146 0.106771
0 0.710119 0.261462 0.091146 0.106771
0 0.800187 0.289819 0.091146 0.106771
0 0.834576 0.335644 0.091146 0.106771
0 0.864055 0.429457 0.091146 0.106771
0 0.883705 0.518915 0.091146 0.106771
0 0.883705 0.630188 0.091146 0.106771
0 0.886980 0.726187 0.091146 0.106771
0 0.859140 0.863640 0.091146 0.106771
0 0.859140 0.946549 0.091146 0.106771
0 0.712902 0.965531 0.091146 0.106771
0 0.731736 0.833534 0.091146 0.106771
0 0.722404 0.732946 0.091146 0.106771
0 0.691618 0.651349 0.091146 0.106771
0 0.649202 0.557099 0.091146 0.106771
0 0.620871 0.484657 0.091146 0.106771