0 0.167967 0.394213 0.179398 0.282118
0 0.317792 0.455300 0.179398 0.282118
0 0.210150 0.568750 0.179398 0.282118
0 0.269792 0.695300 0.179398 0.282118
0 0.378875 0.645113 0.179398 0.282118
0 0.455967 0.682212 0.179398 0.282118
0 0.546150 0.834937 0.179398 0.282118
0 0.624700 0.754212 0.179398 0.282118
0 0.752700 0.730212 0.179398 0.282118
0 0.844333 0.721487 0.179398 0.282118
0 0.762875 0.503300 0.179398 0.282118
0 0.597058 0.402938 0.179398 0.282118
0 0.451608 0.407300 0.179398 0.282118
0 0.454517 0.232750 0.179398 0.282118
0 0.277058 0.250213 0.179398 0.282118