0 0.137754 0.580225 0.028595 0.052951
0 0.214657 0.580225 0.028595 0.052951
0 0.265419 0.583413 0.028595 0.052951
0 0.300799 0.581737 0.028595 0.052951
0 0.410013 0.584925 0.028595 0.052951
0 0.460774 0.578713 0.028595 0.052951
0 0.503845 0.584925 0.028595 0.052951
0 0.556142 0.584925 0.028595 0.052951
0 0.596142 0.581737 0.028595 0.052951
0 0.634594 0.580225 0.028595 0.052951
0 0.693046 0.580225 0.028595 0.052951
0 0.725355 0.575838 0.028595 0.052951
0 0.760723 0.571287 0.028595 0.052951
0 0.813033 0.581737 0.028595 0.052951
0 0.853020 0.578713 0.028595 0.052951
0 0.934543 0.575838 0.028595 0.052951