0 0.813637 0.839700 0.157680 0.130208
0 0.709087 0.735150 0.157680 0.130208
0 0.606812 0.810908 0.157680 0.130208
0 0.479550 0.882125 0.157680 0.130208
0 0.313638 0.874542 0.157680 0.130208
0 0.175000 0.810908 0.157680 0.130208
0 0.322725 0.768483 0.157680 0.130208
0 0.418188 0.688183 0.157680 0.130208
0 0.509088 0.615458 0.157680 0.130208
0 0.645450 0.579092 0.157680 0.130208
0 0.825000 0.618483 0.157680 0.130208
0 0.725000 0.470000 0.157680 0.130208
0 0.825000 0.474542 0.157680 0.130208
0 0.736363 0.336667 0.157680 0.130208
0 0.563638 0.415458 0.157680 0.130208
0 0.827275 0.256367 0.157680 0.130208
0 0.754550 0.147275 0.157680 0.130208
0 0.575000 0.142725 0.157680 0.130208
0 0.609088 0.247275 0.157680 0.130208
0 0.493188 0.198792 0.157680 0.130208
0 0.386362 0.253333 0.157680 0.130208
0 0.311362 0.173033 0.157680 0.130208
0 0.213638 0.239700 0.157680 0.130208
0 0.254550 0.357875 0.157680 0.130208
0 0.425000 0.344242 0.157680 0.130208
0 0.445450 0.479092 0.157680 0.130208
0 0.270450 0.480608 0.157680 0.130208
0 0.318188 0.586667 0.157680 0.130208
0 0.184088 0.645758 0.157680 0.130208
0 0.504550 0.735150 0.157680 0.130208