0 0.049500 0.236375 0.111690 0.296875
0 0.151517 0.216675 0.111690 0.296875
0 0.227267 0.165150 0.111690 0.296875
0 0.298983 0.298475 0.111690 0.296875
0 0.204033 0.419700 0.111690 0.296875
0 0.116167 0.440900 0.111690 0.296875
0 0.025250 0.509100 0.111690 0.296875
0 0.079800 0.725750 0.111690 0.296875
0 0.178783 0.725750 0.111690 0.296875
0 0.297983 0.698475 0.111690 0.296875
0 0.338383 0.525750 0.111690 0.296875
0 0.451517 0.612125 0.111690 0.296875
0 0.560600 0.783325 0.111690 0.296875
0 0.483833 0.868175 0.111690 0.296875
0 0.381817 0.889400 0.111690 0.296875
0 0.283833 0.901525 0.111690 0.296875
0 0.207067 0.910600 0.111690 0.296875
0 0.120200 0.943950 0.111690 0.296875
0 0.351517 0.072725 0.111690 0.296875
0 0.449500 0.062125 0.111690 0.296875
0 0.538383 0.177275 0.111690 0.296875
0 0.574750 0.024250 0.111690 0.296875
0 0.659600 0.125750 0.111690 0.296875
0 0.751517 0.083325 0.111690 0.296875
0 0.879800 0.071200 0.111690 0.296875
0 0.956567 0.269700 0.111690 0.296875
0 0.874750 0.351525 0.111690 0.296875
0 0.798983 0.354550 0.111690 0.296875
0 0.679800 0.416675 0.111690 0.296875
0 0.549500 0.506050 0.111690 0.296875
0 0.478783 0.330300 0.111690 0.296875
0 0.410100 0.313625 0.111690 0.296875
0 0.931317 0.668175 0.111690 0.296875
0 0.982833 0.516675 0.111690 0.296875
0 0.818183 0.590900 0.111690 0.296875
0 0.765650 0.734850 0.111690 0.296875
0 0.672733 0.751525 0.111690 0.296875