0 0.032439 0.011915 0.036765 0.018229
0 0.075141 0.071827 0.036765 0.018229
0 0.185779 0.070375 0.036765 0.018229
0 0.171538 0.112753 0.036765 0.018229
0 0.114578 0.141977 0.036765 0.018229
0 0.169343 0.150013 0.036765 0.018229
0 0.204390 0.109825 0.036765 0.018229
0 0.173734 0.172666 0.036765 0.018229
0 0.157298 0.209925 0.036765 0.018229
0 0.110206 0.198235 0.036765 0.018229
0 0.224109 0.166821 0.036765 0.018229
0 0.253696 0.153667 0.036765 0.018229
0 0.335835 0.136133 0.036765 0.018229
0 0.375272 0.070375 0.036765 0.018229
0 0.448668 0.074756 0.036765 0.018229
0 0.483715 0.134668 0.036765 0.018229
0 0.543959 0.125907 0.036765 0.018229
0 0.459606 0.188736 0.036765 0.018229
0 0.401557 0.187284 0.036765 0.018229
0 0.350075 0.172666 0.036765 0.018229
0 0.300788 0.180701 0.036765 0.018229
0 0.758649 0.047722 0.036765 0.018229
0 0.794784 0.121514 0.036765 0.018229
0 0.842983 0.123705 0.036765 0.018229
0 0.796979 0.171940 0.036765 0.018229
0 0.108555 0.281615 0.036765 0.018229
0 0.105816 0.260275 0.036765 0.018229
0 0.106698 0.241427 0.036765 0.018229
0 0.304728 0.227397 0.036765 0.018229
0 0.306585 0.245657 0.036765 0.018229
0 0.270994 0.266408 0.036765 0.018229
0 0.267373 0.318148 0.036765 0.018229
0 0.312064 0.232879 0.036765 0.018229
0 0.351388 0.234118 0.036765 0.018229
0 0.356754 0.209124 0.036765 0.018229
0 0.384259 0.204305 0.036765 0.018229
0 0.378780 0.282190 0.036765 0.018229
0 0.425328 0.291327 0.036765 0.018229
0 0.458199 0.282190 0.036765 0.018229
0 0.470019 0.274894 0.036765 0.018229
0 0.466304 0.250563 0.036765 0.018229
0 0.526642 0.301126 0.036765 0.018229
0 0.516567 0.326696 0.036765 0.018229
0 0.524784 0.341890 0.036765 0.018229
0 0.590507 0.310250 0.036765 0.018229
0 0.435291 0.320551 0.036765 0.018229
0 0.416135 0.329687 0.036765 0.018229
0 0.404296 0.335832 0.036765 0.018229
0 0.406154 0.378423 0.036765 0.018229
0 0.450844 0.386320 0.036765 0.018229
0 0.524784 0.385732 0.036765 0.018229
0 0.592364 0.406408 0.036765 0.018229
0 0.637936 0.259687 0.036765 0.018229
0 0.685366 0.277372 0.036765 0.018229
0 0.528180 0.474581 0.036765 0.018229
0 0.534540 0.449599 0.036765 0.018229
0 0.482514 0.438048 0.036765 0.018229
0 0.463340 0.434981 0.036765 0.018229
0 0.334634 0.484894 0.036765 0.018229
0 0.942326 0.062703 0.036765 0.018229
0 0.882964 0.172303 0.036765 0.018229
0 0.970600 0.164330 0.036765 0.018229
0 0.996116 0.141827 0.036765 0.018229