0 0.322050 0.743679 0.023563 0.076389
0 0.355513 0.750000 0.023563 0.076389
0 0.399837 0.747472 0.023563 0.076389
0 0.440825 0.750000 0.023563 0.076389
0 0.477637 0.744943 0.023563 0.076389
0 0.506075 0.739906 0.023563 0.076389
0 0.544550 0.739906 0.023563 0.076389
0 0.572163 0.736113 0.023563 0.076389
0 0.597250 0.736113 0.023563 0.076389
0 0.651625 0.731057 0.023563 0.076389
0 0.690100 0.732321 0.023563 0.076389
0 0.727750 0.733585 0.023563 0.076389
0 0.755350 0.729792 0.023563 0.076389
0 0.842350 0.723491 0.023563 0.076389
0 0.793825 0.655302 0.023563 0.076389
0 0.660050 0.856340 0.023563 0.076389