0 0.382863 0.669043 0.064236 0.106771
0 0.437375 0.723602 0.064236 0.106771
0 0.472712 0.700863 0.064236 0.106771
0 0.517125 0.726623 0.064236 0.106771
0 0.497950 0.776623 0.064236 0.106771
0 0.551450 0.799362 0.064236 0.106771
0 0.564575 0.682683 0.064236 0.106771
0 0.602925 0.708443 0.064236 0.106771
0 0.587788 0.617542 0.064236 0.106771
0 0.643312 0.644803 0.064236 0.106771
0 0.528225 0.617542 0.064236 0.106771
0 0.536300 0.550863 0.064236 0.106771
0 0.572650 0.564503 0.064236 0.106771
0 0.466650 0.562983 0.064236 0.106771
0 0.442425 0.614503 0.064236 0.106771
0 0.388925 0.605422 0.064236 0.106771
0 0.342488 0.638743 0.064236 0.106771
0 0.370750 0.558443 0.064236 0.106771
0 0.390937 0.522083 0.064236 0.106771
0 0.329363 0.497842 0.064236 0.106771
0 0.412137 0.470563 0.064236 0.106771
0 0.439400 0.432683 0.064236 0.106771
0 0.473713 0.472083 0.064236 0.106771
0 0.522175 0.502383 0.064236 0.106771
0 0.591825 0.526623 0.064236 0.106771
0 0.598888 0.459962 0.064236 0.106771
0 0.652388 0.469043 0.064236 0.106771
0 0.662488 0.566023 0.064236 0.106771
0 0.604950 0.570563 0.064236 0.106771
0 0.511062 0.422083 0.064236 0.106771
0 0.473713 0.385722 0.064236 0.106771
0 0.419200 0.370563 0.064236 0.106771
0 0.366712 0.409962 0.064236 0.106771
0 0.349550 0.346323 0.064236 0.106771
0 0.374787 0.293302 0.064236 0.106771
0 0.461600 0.319043 0.064236 0.106771
0 0.539338 0.320563 0.064236 0.106771
0 0.556500 0.417542 0.064236 0.106771
0 0.601925 0.390263 0.064236 0.106771
0 0.662488 0.372083 0.064236 0.106771
0 0.613025 0.311482 0.064236 0.106771
0 0.569612 0.294803 0.064236 0.106771
0 0.422237 0.275103 0.064236 0.106771
0 0.472712 0.216023 0.064236 0.106771
0 0.519137 0.234203 0.064236 0.106771