0 0.209093 0.080300 0.159314 0.125868
0 0.356560 0.083330 0.159314 0.125868
0 0.500000 0.084850 0.159314 0.125868
0 0.637373 0.087880 0.159314 0.125868
0 0.807067 0.093940 0.159314 0.125868
0 0.922227 0.083330 0.159314 0.125868
0 0.855560 0.198480 0.159314 0.125868
0 0.718187 0.198480 0.159314 0.125868
0 0.556560 0.193940 0.159314 0.125868
0 0.394947 0.193940 0.159314 0.125868
0 0.237373 0.198480 0.159314 0.125868
0 0.093933 0.183330 0.159314 0.125868
0 0.095960 0.321210 0.159314 0.125868
0 0.243440 0.328790 0.159314 0.125868
0 0.388893 0.325760 0.159314 0.125868
0 0.560600 0.324240 0.159314 0.125868
0 0.702027 0.325760 0.159314 0.125868
0 0.843440 0.327270 0.159314 0.125868
0 0.829293 0.451520 0.159314 0.125868
0 0.700000 0.446970 0.159314 0.125868
0 0.548480 0.448480 0.159314 0.125868
0 0.403027 0.448480 0.159314 0.125868
0 0.243440 0.451520 0.159314 0.125868
0 0.091920 0.436360 0.159314 0.125868
0 0.057573 0.566670 0.159314 0.125868
0 0.166667 0.568180 0.159314 0.125868
0 0.322227 0.563640 0.159314 0.125868
0 0.475760 0.566670 0.159314 0.125868
0 0.645453 0.575760 0.159314 0.125868
0 0.798987 0.569700 0.159314 0.125868
0 0.912120 0.574240 0.159314 0.125868
0 0.906067 0.689390 0.159314 0.125868
0 0.784853 0.709090 0.159314 0.125868
0 0.643440 0.709090 0.159314 0.125868
0 0.483840 0.701520 0.159314 0.125868
0 0.324240 0.706060 0.159314 0.125868
0 0.178787 0.704550 0.159314 0.125868
0 0.051520 0.703030 0.159314 0.125868
0 0.049493 0.818180 0.159314 0.125868
0 0.168693 0.827270 0.159314 0.125868
0 0.322227 0.828790 0.159314 0.125868
0 0.487880 0.816670 0.159314 0.125868
0 0.613133 0.827270 0.159314 0.125868
0 0.768693 0.831820 0.159314 0.125868
0 0.904040 0.807580 0.159314 0.125868
0 0.861613 0.924240 0.159314 0.125868
0 0.679800 0.927270 0.159314 0.125868
0 0.552520 0.925760 0.159314 0.125868
0 0.392933 0.925760 0.159314 0.125868
0 0.081813 0.918180 0.159314 0.125868