0 0.102826 0.277410 0.113648 0.139757
0 0.211685 0.271223 0.113648 0.139757
0 0.123441 0.409207 0.113648 0.139757
0 0.200475 0.151176 0.113648 0.139757
0 0.343692 0.144371 0.113648 0.139757
0 0.392155 0.264414 0.113648 0.139757
0 0.448212 0.169121 0.113648 0.139757
0 0.360689 0.336812 0.113648 0.139757
0 0.314037 0.403020 0.113648 0.139757
0 0.185285 0.464898 0.113648 0.139757
0 0.251831 0.519969 0.113648 0.139757
0 0.152011 0.609691 0.113648 0.139757
0 0.227598 0.777383 0.113648 0.139757
0 0.300655 0.651152 0.113648 0.139757
0 0.356349 0.526156 0.113648 0.139757
0 0.425427 0.631352 0.113648 0.139757
0 0.396856 0.774289 0.113648 0.139757
0 0.493057 0.480367 0.113648 0.139757
0 0.536457 0.644965 0.113648 0.139757
0 0.577687 0.569473 0.113648 0.139757
0 0.603002 0.455617 0.113648 0.139757
0 0.493057 0.313918 0.113648 0.139757
0 0.564306 0.190781 0.113648 0.139757
0 0.629765 0.326293 0.113648 0.139757
0 0.676781 0.116527 0.113648 0.139757
0 0.696674 0.264414 0.113648 0.139757
0 0.708247 0.409207 0.113648 0.139757
0 0.827594 0.388789 0.113648 0.139757
0 0.828317 0.274934 0.113648 0.139757
0 0.912584 0.465516 0.113648 0.139757
0 0.800107 0.542863 0.113648 0.139757
0 0.694502 0.560191 0.113648 0.139757
0 0.662315 0.667238 0.113648 0.139757
0 0.735009 0.723547 0.113648 0.139757
0 0.836637 0.704984 0.113648 0.139757
0 0.576603 0.877625 0.113648 0.139757