0 0.526192 0.680366 0.133843 0.173611
0 0.367023 0.589455 0.133843 0.173611
0 0.201177 0.548555 0.133843 0.173611
0 0.231231 0.378859 0.133843 0.173611
0 0.308031 0.231885 0.133843 0.173611
0 0.446046 0.206126 0.133843 0.173611
0 0.426015 0.384911 0.133843 0.173611
0 0.595200 0.307644 0.133843 0.173611
0 0.589631 0.139455 0.133843 0.173611
0 0.595200 0.472796 0.133843 0.173611
0 0.699823 0.762188 0.133843 0.173611
0 0.727654 0.565215 0.133843 0.173611
0 0.777738 0.406126 0.133843 0.173611
0 0.739892 0.204607 0.133843 0.173611