0 0.156190 0.462153 0.044352 0.187500
0 0.234887 0.462153 0.044352 0.187500
0 0.354743 0.537907 0.044352 0.187500
0 0.520611 0.574266 0.044352 0.187500
0 0.464920 0.375795 0.044352 0.187500
0 0.317219 0.374266 0.044352 0.187500
0 0.211881 0.309115 0.044352 0.187500
0 0.179196 0.322757 0.044352 0.187500
0 0.299051 0.218209 0.044352 0.187500
0 0.328103 0.284869 0.044352 0.187500
0 0.331736 0.203058 0.044352 0.187500
0 0.456447 0.174266 0.044352 0.187500
0 0.461286 0.250020 0.044352 0.187500
0 0.500032 0.195473 0.044352 0.187500
0 0.529084 0.290946 0.044352 0.187500
0 0.611399 0.218209 0.044352 0.187500
0 0.641672 0.319718 0.044352 0.187500
0 0.684051 0.306097 0.044352 0.187500
0 0.590820 0.422757 0.044352 0.187500
0 0.679196 0.425795 0.044352 0.187500