0 0.287344 0.172891 0.037760 0.237847
0 0.334023 0.170130 0.037760 0.237847
0 0.376553 0.170130 0.037760 0.237847
0 0.432568 0.197786 0.037760 0.237847
0 0.480293 0.228216 0.037760 0.237847
0 0.577803 0.294609 0.037760 0.237847
0 0.625518 0.302904 0.037760 0.237847
0 0.646270 0.297370 0.037760 0.237847
0 0.685684 0.313971 0.037760 0.237847
0 0.710576 0.333333 0.037760 0.237847
0 0.753115 0.340247 0.037760 0.237847
0 0.778008 0.351315 0.037760 0.237847
0 0.849590 0.367917 0.037760 0.237847
0 0.900000 0.395573 0.037760 0.237847
0 0.948438 0.413281 0.037760 0.237847