0 0.326123 0.603041 0.034314 0.209201
0 0.295479 0.498501 0.034314 0.209201
0 0.232647 0.548501 0.034314 0.209201
0 0.139156 0.469703 0.034314 0.209201
0 0.134564 0.377284 0.034314 0.209201
0 0.211187 0.403041 0.034314 0.209201
0 0.326123 0.409095 0.034314 0.209201
0 0.385894 0.410622 0.034314 0.209201
0 0.264821 0.340919 0.034314 0.209201
0 0.198927 0.277284 0.034314 0.209201
0 0.255637 0.210622 0.034314 0.209201
0 0.306209 0.246973 0.034314 0.209201
0 0.339914 0.222744 0.034314 0.209201
0 0.401216 0.198501 0.034314 0.209201
0 0.456381 0.206068 0.034314 0.209201
0 0.520744 0.207581 0.034314 0.209201
0 0.575923 0.215163 0.034314 0.209201
0 0.644878 0.246973 0.034314 0.209201