0 0.313672 0.027312 0.052083 0.052083
0 0.303063 0.077312 0.052083 0.052083
0 0.293984 0.130344 0.052083 0.052083
0 0.300031 0.180344 0.052083 0.052083
0 0.307609 0.230344 0.052083 0.052083
0 0.321250 0.280344 0.052083 0.052083
0 0.339438 0.334891 0.052083 0.052083
0 0.354578 0.380344 0.052083 0.052083
0 0.728828 0.015187 0.052083 0.052083
0 0.733375 0.063672 0.052083 0.052083
0 0.745500 0.113672 0.052083 0.052083
0 0.757609 0.162156 0.052083 0.052083
0 0.754578 0.216703 0.052083 0.052083
0 0.745500 0.265187 0.052083 0.052083
0 0.740953 0.319734 0.052083 0.052083
0 0.736406 0.365187 0.052083 0.052083
0 0.730344 0.413672 0.052083 0.052083
0 0.716703 0.471250 0.052083 0.052083
0 0.716703 0.518219 0.052083 0.052083
0 0.716703 0.574281 0.052083 0.052083
0 0.715187 0.625797 0.052083 0.052083
0 0.710641 0.683375 0.052083 0.052083
0 0.700031 0.733375 0.052083 0.052083
0 0.686406 0.790953 0.052083 0.052083
0 0.665188 0.836406 0.052083 0.052083
0 0.640953 0.887922 0.052083 0.052083
0 0.603062 0.922766 0.052083 0.052083
0 0.556094 0.940953 0.052083 0.052083
0 0.500031 0.936406 0.052083 0.052083
0 0.457609 0.907609 0.052083 0.052083
0 0.427312 0.859125 0.052083 0.052083
0 0.419734 0.810641 0.052083 0.052083