0 0.334031 0.304484 0.325521 0.260417
0 0.024938 0.278734 0.325521 0.260417
0 0.073422 0.056000 0.325521 0.260417
0 0.349187 0.109031 0.325521 0.260417
0 0.653734 0.087828 0.325521 0.260417
0 0.932516 0.106000 0.325521 0.260417
0 0.981000 0.306000 0.325521 0.260417
0 0.994641 0.531766 0.325521 0.260417
0 0.679484 0.534797 0.325521 0.260417
0 0.665859 0.268125 0.325521 0.260417
0 0.317375 0.540859 0.325521 0.260417
0 0.003734 0.536312 0.325521 0.260417
0 0.279484 0.856000 0.325521 0.260417
0 0.693125 0.862062 0.325521 0.260417