0 0.490187 0.628126 0.021923 0.053819
0 0.549263 0.395991 0.021923 0.053819
0 0.499262 0.411220 0.021923 0.053819
0 0.489250 0.393791 0.021923 0.053819
0 0.511738 0.351351 0.021923 0.053819
0 0.452400 0.395991 0.021923 0.053819
0 0.434888 0.403617 0.021923 0.053819
0 0.439250 0.423203 0.021923 0.053819
0 0.384250 0.349129 0.021923 0.053819
0 0.365500 0.351351 0.021923 0.053819
0 0.358638 0.315359 0.021923 0.053819
0 0.330513 0.306688 0.021923 0.053819
0 0.310500 0.362222 0.021923 0.053819
0 0.312400 0.449368 0.021923 0.053819
0 0.274275 0.446100 0.021923 0.053819
0 0.256763 0.428671 0.021923 0.053819
0 0.223013 0.361111 0.021923 0.053819
0 0.183650 0.476580 0.021923 0.053819
0 0.201763 0.244597 0.021923 0.053819
0 0.577975 0.374183 0.021923 0.053819
0 0.647988 0.374183 0.021923 0.053819
0 0.714237 0.372048 0.021923 0.053819
0 0.697363 0.265294 0.021923 0.053819
0 0.574875 0.240240 0.021923 0.053819
0 0.479250 0.241285 0.021923 0.053819
0 0.458638 0.278322 0.021923 0.053819
0 0.459263 0.316471 0.021923 0.053819
0 0.476113 0.317560 0.021923 0.053819
0 0.775875 0.290784 0.021923 0.053819
0 0.746513 0.338693 0.021923 0.053819
0 0.750888 0.353922 0.021923 0.053819
0 0.844612 0.325599 0.021923 0.053819
0 0.594925 0.165076 0.021923 0.053819
0 0.541788 0.209782 0.021923 0.053819
0 0.051675 0.287582 0.021923 0.053819
0 0.091662 0.248388 0.021923 0.053819
0 0.146038 0.211351 0.021923 0.053819
0 0.086663 0.346405 0.021923 0.053819
0 0.104175 0.352919 0.021923 0.053819
0 0.116687 0.453137 0.021923 0.053819
0 0.108550 0.477102 0.021923 0.053819
0 0.065412 0.501046 0.021923 0.053819
0 0.959988 0.565882 0.021923 0.053819
0 0.929863 0.468017 0.021923 0.053819
0 0.898438 0.554597 0.021923 0.053819
0 0.804587 0.577168 0.021923 0.053819
0 0.730075 0.569651 0.021923 0.053819
0 0.659775 0.607298 0.021923 0.053819
0 0.664088 0.648693 0.021923 0.053819
0 0.422188 0.695752 0.021923 0.053819
0 0.417875 0.739041 0.021923 0.053819
0 0.414638 0.776688 0.021923 0.053819
0 0.435150 0.763508 0.021923 0.053819
0 0.413663 0.584706 0.021923 0.053819
0 0.428675 0.611068 0.021923 0.053819
0 0.396275 0.622353 0.021923 0.053819
0 0.399512 0.644946 0.021923 0.053819
0 0.353188 0.673159 0.021923 0.053819
0 0.285150 0.690109 0.021923 0.053819
0 0.244013 0.733399 0.021923 0.053819
0 0.262475 0.622353 0.021923 0.053819
0 0.223600 0.575294 0.021923 0.053819
0 0.221325 0.513181 0.021923 0.053819
0 0.288388 0.539542 0.021923 0.053819
0 0.336987 0.562113 0.021923 0.053819
0 0.389800 0.530131 0.021923 0.053819
0 0.452538 0.484946 0.021923 0.053819
0 0.467550 0.486841 0.021923 0.053819
0 0.520575 0.447298 0.021923 0.053819