0 0.366820 0.445700 0.144444 0.266493
0 0.515540 0.500675 0.144444 0.266493
0 0.216020 0.618500 0.144444 0.266493
0 0.130140 0.477125 0.144444 0.266493
0 0.019120 0.314800 0.144444 0.266493
0 0.105000 0.173400 0.144444 0.266493
0 0.151080 0.016325 0.144444 0.266493
0 0.042160 0.749400 0.144444 0.266493
0 0.092440 0.906500 0.144444 0.266493
0 0.331220 0.723225 0.144444 0.266493
0 0.322840 0.898650 0.144444 0.266493
0 0.452700 0.992900 0.144444 0.266493
0 0.647500 0.979800 0.144444 0.266493
0 0.827620 0.940525 0.144444 0.266493
0 0.859040 0.780825 0.144444 0.266493
0 0.926060 0.587075 0.144444 0.266493
0 0.938640 0.393325 0.144444 0.266493
0 0.965860 0.194350 0.144444 0.266493
0 0.630740 0.456175 0.144444 0.266493
0 0.632820 0.738925 0.144444 0.266493
0 0.496680 0.786050 0.144444 0.266493
0 0.967960 0.016325 0.144444 0.266493
0 0.773160 0.081775 0.144444 0.266493
0 0.657960 0.157700 0.144444 0.266493
0 0.743840 0.343600 0.144444 0.266493
0 0.756400 0.597550 0.144444 0.266493
0 0.505060 0.217925 0.144444 0.266493
0 0.402420 0.142000 0.144444 0.266493
0 0.257900 0.254575 0.144444 0.266493
0 0.331220 0.005850 0.144444 0.266493
0 0.510720 0.004275 0.144444 0.266493