0 0.631130 0.847276 0.039282 0.081597
0 0.637000 0.748793 0.039282 0.081597
0 0.663430 0.798793 0.039282 0.081597
0 0.699640 0.785155 0.039282 0.081597
0 0.702580 0.842740 0.039282 0.081597
0 0.707470 0.739706 0.039282 0.081597
0 0.746630 0.765464 0.039282 0.081597
0 0.734880 0.694257 0.039282 0.081597
0 0.665390 0.679102 0.039282 0.081597
0 0.611550 0.685155 0.039282 0.081597
0 0.629170 0.597276 0.039282 0.081597
0 0.683980 0.623034 0.039282 0.081597
0 0.715300 0.654861 0.039282 0.081597
0 0.795570 0.670015 0.039282 0.081597
0 0.802420 0.715464 0.039282 0.081597
0 0.816120 0.627585 0.039282 0.081597
0 0.802420 0.574551 0.039282 0.081597
0 0.760330 0.600310 0.039282 0.081597
0 0.729010 0.586672 0.039282 0.081597
0 0.686920 0.536672 0.039282 0.081597
0 0.661470 0.566981 0.039282 0.081597
0 0.629170 0.530619 0.039282 0.081597
0 0.617430 0.460913 0.039282 0.081597
0 0.680070 0.480619 0.039282 0.081597
0 0.718240 0.486672 0.039282 0.081597
0 0.769140 0.482136 0.039282 0.081597
0 0.766200 0.524551 0.039282 0.081597
0 0.829820 0.524551 0.039282 0.081597
0 0.802420 0.445774 0.039282 0.081597
0 0.824930 0.407895 0.039282 0.081597
0 0.766200 0.421533 0.039282 0.081597
0 0.746630 0.382136 0.039282 0.081597
0 0.801440 0.348793 0.039282 0.081597
0 0.743690 0.312430 0.039282 0.081597
0 0.781860 0.270015 0.039282 0.081597
0 0.749560 0.223034 0.039282 0.081597
0 0.719220 0.200310 0.039282 0.081597
0 0.693770 0.186672 0.039282 0.081597
0 0.660490 0.170015 0.039282 0.081597
0 0.630150 0.159396 0.039282 0.081597
0 0.652660 0.233653 0.039282 0.081597
0 0.711390 0.263947 0.039282 0.081597
0 0.662450 0.282136 0.039282 0.081597
0 0.614490 0.279102 0.039282 0.081597
0 0.615470 0.354861 0.039282 0.081597
0 0.640920 0.333653 0.039282 0.081597
0 0.662450 0.318498 0.039282 0.081597
0 0.687900 0.318498 0.039282 0.081597
0 0.707470 0.366981 0.039282 0.081597
0 0.636020 0.394257 0.039282 0.081597
0 0.651680 0.433653 0.039282 0.081597
0 0.694750 0.433653 0.039282 0.081597
0 0.442220 0.341223 0.039282 0.081597
0 0.481370 0.273034 0.039282 0.081597
0 0.533250 0.310913 0.039282 0.081597
0 0.547930 0.388189 0.039282 0.081597
0 0.515630 0.479102 0.039282 0.081597
0 0.481370 0.562430 0.039282 0.081597
0 0.482350 0.718498 0.039282 0.081597
0 0.348260 0.124551 0.039282 0.081597
0 0.363920 0.173034 0.039282 0.081597
0 0.314980 0.151827 0.039282 0.081597
0 0.268980 0.138189 0.039282 0.081597
0 0.282680 0.201827 0.039282 0.081597
0 0.218080 0.186672 0.039282 0.081597
0 0.218080 0.244257 0.039282 0.081597
0 0.251360 0.245774 0.039282 0.081597
0 0.304210 0.241223 0.039282 0.081597
0 0.244510 0.213947 0.039282 0.081597
0 0.178930 0.244257 0.039282 0.081597
0 0.182840 0.298793 0.039282 0.081597
0 0.233740 0.310913 0.039282 0.081597
0 0.246470 0.288189 0.039282 0.081597
0 0.209270 0.306378 0.039282 0.081597
0 0.287570 0.297276 0.039282 0.081597
0 0.320850 0.262430 0.039282 0.081597
0 0.349240 0.257895 0.039282 0.081597
0 0.377620 0.263947 0.039282 0.081597
0 0.376640 0.368498 0.039282 0.081597
0 0.331620 0.323034 0.039282 0.081597
0 0.349240 0.371533 0.039282 0.081597
0 0.321830 0.366981 0.039282 0.081597
0 0.295400 0.353344 0.039282 0.081597
0 0.271910 0.335155 0.039282 0.081597
0 0.272890 0.385155 0.039282 0.081597
0 0.233740 0.363947 0.039282 0.081597
0 0.190670 0.354861 0.039282 0.081597
0 0.148590 0.360913 0.039282 0.081597
0 0.152500 0.315464 0.039282 0.081597
0 0.139780 0.403344 0.039282 0.081597
0 0.163270 0.454861 0.039282 0.081597
0 0.131950 0.457895 0.039282 0.081597
0 0.196550 0.427585 0.039282 0.081597
0 0.225910 0.407895 0.039282 0.081597
0 0.239610 0.459396 0.039282 0.081597
0 0.210250 0.488189 0.039282 0.081597
0 0.271910 0.429102 0.039282 0.081597
0 0.300300 0.427585 0.039282 0.081597
0 0.331620 0.432136 0.039282 0.081597
0 0.353150 0.462430 0.039282 0.081597
0 0.379580 0.454861 0.039282 0.081597
0 0.374690 0.518498 0.039282 0.081597
0 0.342390 0.524551 0.039282 0.081597
0 0.312040 0.507895 0.039282 0.081597
0 0.280720 0.512430 0.039282 0.081597
0 0.270930 0.462430 0.039282 0.081597
0 0.184800 0.512430 0.039282 0.081597
0 0.139780 0.527585 0.039282 0.081597
0 0.134880 0.635155 0.039282 0.081597
0 0.199480 0.580619 0.039282 0.081597
0 0.167180 0.570015 0.039282 0.081597
0 0.163270 0.610913 0.039282 0.081597
0 0.220040 0.598793 0.039282 0.081597
0 0.236680 0.536672 0.039282 0.081597
0 0.281700 0.565464 0.039282 0.081597
0 0.299320 0.594257 0.039282 0.081597
0 0.358050 0.573034 0.039282 0.081597
0 0.366860 0.624551 0.039282 0.081597
0 0.335530 0.615464 0.039282 0.081597
0 0.323790 0.638189 0.039282 0.081597
0 0.258210 0.601827 0.039282 0.081597
0 0.249400 0.650310 0.039282 0.081597
0 0.214170 0.636672 0.039282 0.081597
0 0.189700 0.680619 0.039282 0.081597
0 0.195570 0.739706 0.039282 0.081597
0 0.244510 0.718498 0.039282 0.081597
0 0.270930 0.683653 0.039282 0.081597
0 0.289530 0.712430 0.039282 0.081597
0 0.321830 0.694257 0.039282 0.081597
0 0.359030 0.703344 0.039282 0.081597
0 0.327700 0.736672 0.039282 0.081597
0 0.284640 0.760913 0.039282 0.081597
0 0.252340 0.773034 0.039282 0.081597
0 0.261150 0.818498 0.039282 0.081597
0 0.320850 0.809396 0.039282 0.081597
0 0.316940 0.851827 0.039282 0.081597
0 0.362940 0.839706 0.039282 0.081597
0 0.360000 0.779102 0.039282 0.081597