0 0.411612 0.612962 0.052299 0.076389
0 0.390662 0.666698 0.052299 0.076389
0 0.466737 0.606642 0.052299 0.076389
0 0.509250 0.583887 0.052299 0.076389
0 0.506175 0.627094 0.052299 0.076389
0 0.560063 0.617396 0.052299 0.076389
0 0.679825 0.608434 0.052299 0.076389
0 0.762250 0.599585 0.052299 0.076389
0 0.849487 0.606226 0.052299 0.076389
0 0.942037 0.624566 0.052299 0.076389
0 0.998988 0.622038 0.052299 0.076389
0 0.035975 0.259943 0.052299 0.076389
0 0.091112 0.244245 0.052299 0.076389
0 0.093700 0.699038 0.052299 0.076389