0 0.487106 0.870957 0.459150 0.025174
0 0.460694 0.773734 0.459150 0.025174
0 0.452569 0.672727 0.459150 0.025174
0 0.454606 0.588129 0.459150 0.025174
0 0.470856 0.514899 0.459150 0.025174
0 0.476944 0.450504 0.459150 0.025174
0 0.474919 0.394950 0.459150 0.025174
0 0.483044 0.345705 0.459150 0.025174
0 0.485069 0.300252 0.459150 0.025174
0 0.478981 0.253532 0.459150 0.025174
0 0.483044 0.225755 0.459150 0.025174
0 0.483044 0.197978 0.459150 0.025174
0 0.485069 0.172727 0.459150 0.025174
0 0.489132 0.150000 0.459150 0.025174
0 0.491169 0.128532 0.459150 0.025174
0 0.495231 0.108331 0.459150 0.025174
0 0.499294 0.090655 0.459150 0.025174
0 0.499294 0.071712 0.459150 0.025174
0 0.497257 0.050252 0.459150 0.025174
0 0.497257 0.036360 0.459150 0.025174
0 0.497257 0.025000 0.459150 0.025174
0 0.499294 0.014899 0.459150 0.025174
0 0.503356 0.004799 0.459150 0.025174