0 0.688922 0.085460 0.076558 0.103299
0 0.588063 0.070900 0.076558 0.103299
0 0.487219 0.100000 0.076558 0.103299
0 0.400563 0.181820 0.076558 0.103299
0 0.384938 0.260000 0.076558 0.103299
0 0.292609 0.278180 0.076558 0.103299
0 0.213063 0.347280 0.076558 0.103299
0 0.167609 0.450900 0.076558 0.103299
0 0.166188 0.567280 0.076558 0.103299
0 0.187500 0.680000 0.076558 0.103299
0 0.218750 0.790900 0.076558 0.103299
0 0.272734 0.874540 0.076558 0.103299
0 0.333813 0.950900 0.076558 0.103299
0 0.353688 0.314540 0.076558 0.103299
0 0.473016 0.287280 0.076558 0.103299
0 0.778406 0.154540 0.076558 0.103299
0 0.848016 0.269100 0.076558 0.103299
0 0.884938 0.416360 0.076558 0.103299
0 0.899141 0.569100 0.076558 0.103299
0 0.901984 0.694540 0.076558 0.103299
0 0.887781 0.798180 0.076558 0.103299
0 0.882109 0.912720 0.076558 0.103299
0 0.454547 0.358180 0.076558 0.103299
0 0.403406 0.401820 0.076558 0.103299
0 0.352266 0.460000 0.076558 0.103299
0 0.363641 0.574540 0.076558 0.103299
0 0.407672 0.500000 0.076558 0.103299
0 0.470172 0.449100 0.076558 0.103299
0 0.529828 0.410900 0.076558 0.103299
0 0.573859 0.327280 0.076558 0.103299
0 0.633516 0.330900 0.076558 0.103299
0 0.595172 0.407280 0.076558 0.103299
0 0.342328 0.645460 0.076558 0.103299
0 0.330969 0.720000 0.076558 0.103299
0 0.335234 0.783640 0.076558 0.103299
0 0.377844 0.685460 0.076558 0.103299
0 0.404828 0.754540 0.076558 0.103299
0 0.687500 0.349100 0.076558 0.103299
0 0.659094 0.407280 0.076558 0.103299
0 0.713063 0.416360 0.076558 0.103299
0 0.750000 0.454540 0.076558 0.103299
0 0.794031 0.478180 0.076558 0.103299
0 0.826703 0.520000 0.076558 0.103299
0 0.369313 0.843640 0.076558 0.103299
0 0.394891 0.894540 0.076558 0.103299
0 0.443188 0.923640 0.076558 0.103299
0 0.485797 0.956360 0.076558 0.103299
0 0.534094 0.983640 0.076558 0.103299
0 0.433234 0.816360 0.076558 0.103299
0 0.478688 0.863640 0.076558 0.103299
0 0.521312 0.892720 0.076558 0.103299
0 0.562500 0.929100 0.076558 0.103299
0 0.606531 0.956360 0.076558 0.103299
0 0.444609 0.589100 0.076558 0.103299
0 0.451703 0.665460 0.076558 0.103299
0 0.484375 0.729100 0.076558 0.103299
0 0.514203 0.781820 0.076558 0.103299
0 0.558234 0.825460 0.076558 0.103299
0 0.593750 0.865460 0.076558 0.103299
0 0.634938 0.896360 0.076558 0.103299
0 0.649141 0.992720 0.076558 0.103299
0 0.676141 0.927280 0.076558 0.103299
0 0.704547 0.976360 0.076558 0.103299
0 0.598016 0.465460 0.076558 0.103299
0 0.629266 0.541820 0.076558 0.103299
0 0.659094 0.638180 0.076558 0.103299
0 0.680391 0.721820 0.076558 0.103299
0 0.677562 0.803640 0.076558 0.103299
0 0.681813 0.883640 0.076558 0.103299
0 0.738641 0.961820 0.076558 0.103299
0 0.748578 0.892720 0.076558 0.103299
0 0.765625 0.832720 0.076558 0.103299
0 0.765625 0.774540 0.076558 0.103299
0 0.802562 0.710900 0.076558 0.103299
0 0.761359 0.712720 0.076558 0.103299
0 0.747156 0.650900 0.076558 0.103299
0 0.731531 0.600000 0.076558 0.103299
0 0.713063 0.554540 0.076558 0.103299
0 0.694609 0.498180 0.076558 0.103299
0 0.757109 0.520000 0.076558 0.103299
0 0.775563 0.581820 0.076558 0.103299
0 0.791188 0.640000 0.076558 0.103299
0 0.801141 0.765460 0.076558 0.103299
0 0.802562 0.825460 0.076558 0.103299
0 0.801141 0.885460 0.076558 0.103299
0 0.802562 0.947280 0.076558 0.103299
0 0.551141 0.772720 0.076558 0.103299
0 0.492891 0.674540 0.076558 0.103299
0 0.509938 0.360000 0.076558 0.103299
0 0.336641 0.538180 0.076558 0.103299
0 0.839484 0.614540 0.076558 0.103299
0 0.826703 0.567280 0.076558 0.103299
0 0.836641 0.732720 0.076558 0.103299