0 0.124242 0.283633 0.120660 0.155382
0 0.310608 0.280608 0.120660 0.155382
0 0.481817 0.265458 0.120660 0.155382
0 0.672725 0.262425 0.120660 0.155382
0 0.881817 0.274542 0.120660 0.155382
0 0.910608 0.518483 0.120660 0.155382
0 0.703033 0.527575 0.120660 0.155382
0 0.518183 0.524542 0.120660 0.155382
0 0.345458 0.536667 0.120660 0.155382
0 0.136367 0.554850 0.120660 0.155382
0 0.140908 0.818483 0.120660 0.155382
0 0.357575 0.792725 0.120660 0.155382
0 0.542425 0.785150 0.120660 0.155382
0 0.731817 0.779092 0.120660 0.155382
0 0.927275 0.768483 0.120660 0.155382