0 0.348482 0.174245 0.138021 0.133681
0 0.252527 0.223482 0.138021 0.133681
0 0.174245 0.285355 0.138021 0.133681
0 0.078282 0.367427 0.138021 0.133681
0 0.169191 0.435609 0.138021 0.133681
0 0.113636 0.522727 0.138021 0.133681
0 0.083336 0.637627 0.138021 0.133681
0 0.338382 0.276518 0.138021 0.133681
0 0.258836 0.348482 0.138021 0.133681
0 0.296718 0.428027 0.138021 0.133681
0 0.333336 0.522727 0.138021 0.133681
0 0.213382 0.588382 0.138021 0.133681
0 0.545455 0.791664 0.138021 0.133681
0 0.395200 0.760100 0.138021 0.133681
0 0.347218 0.641418 0.138021 0.133681
0 0.238636 0.715909 0.138021 0.133681
0 0.479800 0.643936 0.138021 0.133681
0 0.464645 0.532827 0.138021 0.133681
0 0.617427 0.683082 0.138021 0.133681
0 0.700755 0.566918 0.138021 0.133681
0 0.743691 0.746209 0.138021 0.133681
0 0.823236 0.652782 0.138021 0.133681
0 0.839645 0.546718 0.138021 0.133681
0 0.756309 0.459600 0.138021 0.133681
0 0.630055 0.406564 0.138021 0.133681
0 0.580809 0.503791 0.138021 0.133681
0 0.522727 0.416664 0.138021 0.133681
0 0.401518 0.444445 0.138021 0.133681
0 0.847218 0.405300 0.138021 0.133681
0 0.934345 0.344700 0.138021 0.133681
0 0.821973 0.299245 0.138021 0.133681
0 0.744945 0.353536 0.138021 0.133681
0 0.651518 0.285355 0.138021 0.133681
0 0.718436 0.213382 0.138021 0.133681
0 0.617427 0.170455 0.138021 0.133681
0 0.511364 0.161618 0.138021 0.133681
0 0.555555 0.237373 0.138021 0.133681
0 0.559345 0.320709 0.138021 0.133681
0 0.440655 0.228536 0.138021 0.133681
0 0.435609 0.333336 0.138021 0.133681