0 0.647018 0.380278 0.118464 0.120660
0 0.971614 0.274219 0.118464 0.120660
0 0.855246 0.209063 0.118464 0.120660
0 0.708263 0.139375 0.118464 0.120660
0 0.585772 0.090885 0.118464 0.120660
0 0.463281 0.069670 0.118464 0.120660
0 0.343860 0.106042 0.118464 0.120660
0 0.255053 0.172708 0.118464 0.120660
0 0.170842 0.253003 0.118464 0.120660
0 0.124912 0.362101 0.118464 0.120660
0 0.095825 0.506042 0.118464 0.120660
0 0.129509 0.633316 0.118464 0.120660
0 0.146351 0.754514 0.118464 0.120660
0 0.248930 0.851493 0.118464 0.120660
0 0.348456 0.906042 0.118464 0.120660
0 0.483193 0.937847 0.118464 0.120660
0 0.608737 0.946944 0.118464 0.120660
0 0.735825 0.907552 0.118464 0.120660
0 0.849123 0.830278 0.118464 0.120660
0 0.928737 0.713611 0.118464 0.120660
0 0.924140 0.580278 0.118464 0.120660
0 0.924140 0.457552 0.118464 0.120660
0 0.830754 0.345434 0.118464 0.120660
0 0.725105 0.278767 0.118464 0.120660
0 0.599561 0.209063 0.118464 0.120660
0 0.455632 0.231788 0.118464 0.120660
0 0.357632 0.307552 0.118464 0.120660
0 0.300982 0.446944 0.118464 0.120660
0 0.271895 0.575729 0.118464 0.120660
0 0.284140 0.706042 0.118464 0.120660
0 0.385193 0.792396 0.118464 0.120660
0 0.512281 0.839375 0.118464 0.120660
0 0.631702 0.793906 0.118464 0.120660
0 0.726632 0.707552 0.118464 0.120660
0 0.781754 0.615122 0.118464 0.120660
0 0.757263 0.463611 0.118464 0.120660
0 0.506158 0.383316 0.118464 0.120660
0 0.426544 0.489375 0.118464 0.120660
0 0.383667 0.598455 0.118464 0.120660
0 0.440316 0.712101 0.118464 0.120660
0 0.558211 0.677240 0.118464 0.120660
0 0.650088 0.569670 0.118464 0.120660