0 0.022100 0.336245 0.016929 0.028646
0 0.062787 0.336245 0.016929 0.028646
0 0.105237 0.333606 0.016929 0.028646
0 0.141800 0.337119 0.016929 0.028646
0 0.168925 0.344126 0.016929 0.028646
0 0.189562 0.333606 0.016929 0.028646
0 0.203125 0.347639 0.016929 0.028646
0 0.232025 0.336245 0.016929 0.028646
0 0.243225 0.348513 0.016929 0.028646
0 0.265037 0.336245 0.016929 0.028646
0 0.295700 0.335372 0.016929 0.028646
0 0.326362 0.347639 0.016929 0.028646
0 0.343463 0.335372 0.016929 0.028646
0 0.393000 0.336245 0.016929 0.028646
0 0.450787 0.338866 0.016929 0.028646
0 0.468475 0.347639 0.016929 0.028646
0 0.490887 0.340632 0.016929 0.028646
0 0.525087 0.335372 0.016929 0.028646
0 0.581688 0.341506 0.016929 0.028646
0 0.985025 0.333606 0.016929 0.028646
0 0.941388 0.338866 0.016929 0.028646
0 0.906012 0.337119 0.016929 0.028646
0 0.875350 0.336245 0.016929 0.028646
0 0.843500 0.337119 0.016929 0.028646
0 0.809300 0.335372 0.016929 0.028646
0 0.771563 0.338866 0.016929 0.028646
0 0.733825 0.337119 0.016929 0.028646
0 0.675450 0.339758 0.016929 0.028646