0 0.449785 0.516245 0.083785 0.110243
0 0.490723 0.592602 0.083785 0.110243
0 0.930479 0.020970 0.083785 0.110243
0 0.985073 0.079873 0.083785 0.110243
0 0.975973 0.180239 0.083785 0.110243
0 0.960802 0.315513 0.083785 0.110243
0 0.972933 0.413699 0.083785 0.110243
0 0.922893 0.396245 0.083785 0.110243
0 0.950196 0.487876 0.083785 0.110243
0 0.968387 0.594796 0.083785 0.110243
0 0.897116 0.586062 0.083785 0.110243
0 0.844047 0.605696 0.083785 0.110243
0 0.775806 0.612250 0.083785 0.110243
0 0.719697 0.640605 0.083785 0.110243
0 0.850108 0.688608 0.083785 0.110243
0 0.907732 0.671153 0.083785 0.110243
0 0.960802 0.684248 0.083785 0.110243
0 0.986588 0.769339 0.083785 0.110243
0 0.931994 0.788973 0.083785 0.110243
0 0.883470 0.788973 0.083785 0.110243
0 0.824330 0.793333 0.083785 0.110243
0 0.769736 0.734430 0.083785 0.110243
0 0.716667 0.749705 0.083785 0.110243
0 0.630235 0.723516 0.083785 0.110243
0 0.504370 0.701702 0.083785 0.110243
0 0.542278 0.758425 0.083785 0.110243
0 0.599902 0.808608 0.083785 0.110243
0 0.433099 0.721336 0.083785 0.110243
0 0.340596 0.701702 0.083785 0.110243
0 0.260235 0.649339 0.083785 0.110243
0 0.302688 0.640605 0.083785 0.110243
0 0.202610 0.684248 0.083785 0.110243
0 0.154086 0.631885 0.083785 0.110243
0 0.087361 0.688608 0.083785 0.110243
0 0.063099 0.788973 0.083785 0.110243
0 0.117693 0.854430 0.083785 0.110243
0 0.170762 0.756245 0.083785 0.110243
0 0.117693 0.732250 0.083785 0.110243
0 0.231417 0.852250 0.083785 0.110243
0 0.281457 0.747511 0.083785 0.110243
0 0.328465 0.810788 0.083785 0.110243
0 0.390645 0.769339 0.083785 0.110243
0 0.399736 0.889339 0.083785 0.110243
0 0.477077 0.826062 0.083785 0.110243
0 0.539247 0.874065 0.083785 0.110243
0 0.680274 0.854430 0.083785 0.110243
0 0.841007 0.922068 0.083785 0.110243
0 0.927449 0.904613 0.083785 0.110243
0 0.740929 0.954796 0.083785 0.110243
0 0.637810 0.948242 0.083785 0.110243
0 0.566540 0.963516 0.083785 0.110243
0 0.467977 0.959156 0.083785 0.110243
0 0.295112 0.911153 0.083785 0.110243
0 0.178348 0.915513 0.083785 0.110243
0 0.041867 0.952602 0.083785 0.110243
0 0.031251 0.860970 0.083785 0.110243
0 0.014370 0.094332 0.083785 0.110243
0 0.033382 0.033305 0.083785 0.110243
0 0.126256 0.050127 0.083785 0.110243
0 0.077263 0.116428 0.083785 0.110243
0 0.133568 0.097482 0.083785 0.110243
0 0.195728 0.095373 0.083785 0.110243
0 0.240332 0.018565 0.083785 0.110243
0 0.178905 0.026990 0.083785 0.110243
0 0.257155 0.093277 0.083785 0.110243
0 0.299570 0.031195 0.083785 0.110243
0 0.308348 0.110113 0.083785 0.110243
0 0.375621 0.063812 0.083785 0.110243
0 0.349296 0.014360 0.083785 0.110243
0 0.371965 0.181660 0.083785 0.110243
0 0.284213 0.189015 0.083785 0.110243
0 0.240332 0.163769 0.083785 0.110243
0 0.192805 0.203755 0.083785 0.110243
0 0.130645 0.169030 0.083785 0.110243
0 0.105044 0.255316 0.083785 0.110243
0 0.033382 0.187975 0.083785 0.110243
0 0.026070 0.264782 0.083785 0.110243
0 0.096999 0.335274 0.083785 0.110243
0 0.040694 0.379466 0.083785 0.110243
0 0.173060 0.318439 0.083785 0.110243
0 0.265934 0.366835 0.083785 0.110243
0 0.212542 0.346850 0.083785 0.110243
0 0.163548 0.391041 0.083785 0.110243
0 0.096276 0.429972 0.083785 0.110243
0 0.284213 0.279508 0.083785 0.110243
0 0.336129 0.225851 0.083785 0.110243
0 0.460450 0.150084 0.083785 0.110243
0 0.479462 0.069072 0.083785 0.110243
0 0.527732 0.025935 0.083785 0.110243
0 0.424624 0.057496 0.083785 0.110243
0 0.571603 0.104852 0.083785 0.110243
0 0.654242 0.094332 0.083785 0.110243
0 0.612561 0.194290 0.083785 0.110243
0 0.552590 0.204810 0.083785 0.110243
0 0.516031 0.239522 0.083785 0.110243
0 0.460450 0.254262 0.083785 0.110243
0 0.382933 0.291083 0.083785 0.110243
0 0.352952 0.377370 0.083785 0.110243
0 0.439247 0.385781 0.083785 0.110243
0 0.513832 0.393150 0.083785 0.110243
0 0.565758 0.284768 0.083785 0.110243
0 0.622063 0.292138 0.083785 0.110243
0 0.649120 0.381575 0.083785 0.110243
0 0.382209 0.477539 0.083785 0.110243
0 0.251447 0.485105 0.083785 0.110243
0 0.312004 0.429550 0.083785 0.110243
0 0.707771 0.208594 0.083785 0.110243
0 0.755161 0.116428 0.083785 0.110243
0 0.703382 0.030563 0.083785 0.110243
0 0.718299 0.315921 0.083785 0.110243
0 0.703382 0.439648 0.083785 0.110243
0 0.621769 0.478790 0.083785 0.110243
0 0.592815 0.375260 0.083785 0.110243
0 0.564731 0.419451 0.083785 0.110243
0 0.032581 0.496793 0.083785 0.110243
0 0.181105 0.492264 0.083785 0.110243
0 0.532776 0.502785 0.083785 0.110243
0 0.796041 0.483108 0.083785 0.110243
0 0.809785 0.227117 0.083785 0.110243
0 0.803421 0.040661 0.083785 0.110243
0 0.772933 0.399775 0.083785 0.110243
0 0.830411 0.350323 0.083785 0.110243
0 0.878964 0.110422 0.083785 0.110243
0 0.913773 0.236892 0.083785 0.110243
0 0.891036 0.330745 0.083785 0.110243
0 0.301183 0.540239 0.083785 0.110243
0 0.214741 0.575077 0.083785 0.110243
0 0.110088 0.559817 0.083785 0.110243
0 0.104027 0.500886 0.083785 0.110243
0 0.173793 0.564233 0.083785 0.110243
0 0.043402 0.607792 0.083785 0.110243
0 0.357263 0.601266 0.083785 0.110243
0 0.436178 0.603474 0.083785 0.110243
0 0.683353 0.577286 0.083785 0.110243
0 0.577165 0.620942 0.083785 0.110243
0 0.869824 0.496582 0.083785 0.110243
0 0.881965 0.404937 0.083785 0.110243
0 0.039071 0.728228 0.083785 0.110243
0 0.012434 0.774684 0.083785 0.110243
0 0.076207 0.941927 0.083785 0.110243
0 0.145621 0.993038 0.083785 0.110243
0 0.217468 0.984909 0.083785 0.110243
0 0.278006 0.984909 0.083785 0.110243
0 0.363578 0.982588 0.083785 0.110243
0 0.733275 0.829269 0.083785 0.110243
0 0.760723 0.829269 0.083785 0.110243
0 0.898759 0.974444 0.083785 0.110243
0 0.992395 0.497103 0.083785 0.110243
0 0.979482 0.020914 0.083785 0.110243
0 0.876960 0.037173 0.083785 0.110243
0 0.809159 0.144023 0.083785 0.110243
0 0.215855 0.437862 0.083785 0.110243
0 0.010010 0.679451 0.083785 0.110243
0 0.349042 0.895471 0.083785 0.110243
0 0.463666 0.666667 0.083785 0.110243
0 0.538739 0.653896 0.083785 0.110243
0 0.239257 0.275260 0.083785 0.110243
0 0.302229 0.360056 0.083785 0.110243
0 0.447527 0.326371 0.083785 0.110243
0 0.516139 0.155640 0.083785 0.110243
0 0.423304 0.219522 0.083785 0.110243
0 0.410391 0.013938 0.083785 0.110243
0 0.137556 0.013938 0.083785 0.110243
0 0.067322 0.012785 0.083785 0.110243
0 0.957683 0.056920 0.083785 0.110243
0 0.949609 0.112658 0.083785 0.110243
0 0.991593 0.267131 0.083785 0.110243
0 0.981095 0.867595 0.083785 0.110243
0 0.987556 0.958186 0.083785 0.110243
0 0.799472 0.855977 0.083785 0.110243
0 0.753460 0.888509 0.083785 0.110243
0 0.687263 0.934965 0.083785 0.110243
0 0.801085 0.994191 0.083785 0.110243
0 0.585562 0.540070 0.083785 0.110243
0 0.767986 0.288045 0.083785 0.110243