0 0.093226 0.193152 0.139468 0.218750
0 0.036540 0.101584 0.139468 0.218750
0 0.184809 0.042713 0.139468 0.218750
0 0.330899 0.131012 0.139468 0.218750
0 0.193529 0.261848 0.139468 0.218750
0 0.023460 0.402478 0.139468 0.218750
0 0.047439 0.808035 0.139468 0.218750
0 0.189169 0.513680 0.139468 0.218750
0 0.291652 0.762258 0.139468 0.218750
0 0.409394 0.523490 0.139468 0.218750
0 0.496608 0.765528 0.139468 0.218750
0 0.317820 0.340337 0.139468 0.218750
0 0.400674 0.278196 0.139468 0.218750
0 0.483529 0.091760 0.139468 0.218750
0 0.590371 0.088490 0.139468 0.218750
0 0.544585 0.340337 0.139468 0.218750
0 0.745181 0.327258 0.139468 0.218750
0 0.808416 0.144091 0.139468 0.218750
0 0.930518 0.072141 0.139468 0.218750
0 0.950147 0.278196 0.139468 0.218750
0 0.963226 0.516950 0.139468 0.218750
0 0.923978 0.915968 0.139468 0.218750
0 0.841124 0.732815 0.139468 0.218750
0 0.795327 0.585630 0.139468 0.218750
0 0.666686 0.484252 0.139468 0.218750
0 0.627439 0.651056 0.139468 0.218750
0 0.533675 0.569282 0.139468 0.218750
0 0.673226 0.863636 0.139468 0.218750
0 0.583832 0.961760 0.139468 0.218750
0 0.485709 0.951950 0.139468 0.218750
0 0.330899 0.971569 0.139468 0.218750
0 0.217517 0.974839 0.139468 0.218750