0 0.365792 0.356536 0.178819 0.234375
0 0.172000 0.441386 0.178819 0.234375
0 0.105385 0.233811 0.178819 0.234375
0 0.314315 0.106536 0.178819 0.234375
0 0.221462 0.188349 0.178819 0.234375
0 0.296146 0.259561 0.178819 0.234375
0 0.480854 0.370173 0.178819 0.234375
0 0.608031 0.380774 0.178819 0.234375
0 0.524254 0.547448 0.178819 0.234375
0 0.730162 0.623199 0.178819 0.234375
0 0.823015 0.451986 0.178819 0.234375
0 0.879538 0.668661 0.178819 0.234375
0 0.756400 0.911085 0.178819 0.234375
0 0.575731 0.829261 0.178819 0.234375
0 0.457638 0.974711 0.178819 0.234375
0 0.347723 0.867448 0.178819 0.234375
0 0.380831 0.600323 0.178819 0.234375
0 0.251838 0.712898 0.178819 0.234375
0 0.173315 0.603048 0.178819 0.234375
0 0.071269 0.453349 0.178819 0.234375
0 0.293323 0.524561 0.178819 0.234375
0 0.443715 0.197298 0.178819 0.234375
0 0.418477 0.027598 0.178819 0.234375
0 0.545654 0.071536 0.178819 0.234375
0 0.671823 0.156386 0.178819 0.234375
0 0.590062 0.233661 0.178819 0.234375
0 0.524462 0.271536 0.178819 0.234375
0 0.719254 0.368510 0.178819 0.234375
0 0.844715 0.858048 0.178819 0.234375
0 0.627715 0.695173 0.178819 0.234375
0 0.454408 0.745774 0.178819 0.234375
0 0.648608 0.980624 0.178819 0.234375
0 0.563723 0.985774 0.178819 0.234375
0 0.530615 0.198199 0.178819 0.234375