0 0.385780 0.510712 0.063079 0.049479
0 0.409661 0.454758 0.063079 0.049479
0 0.254847 0.345725 0.063079 0.049479
0 0.283508 0.288321 0.063079 0.049479
0 0.018797 0.350025 0.063079 0.049479
0 0.036000 0.308422 0.063079 0.049479
0 0.100034 0.256768 0.063079 0.049479
0 0.202288 0.163511 0.063079 0.049479
0 0.248153 0.114733 0.063079 0.049479
0 0.510017 0.266819 0.063079 0.049479
0 0.545373 0.230941 0.063079 0.049479
0 0.421136 0.144860 0.063079 0.049479
0 0.358051 0.230941 0.063079 0.049479
0 0.389593 0.189338 0.063079 0.049479
0 0.551102 0.718753 0.063079 0.049479
0 0.588373 0.629796 0.063079 0.049479
0 0.607492 0.533664 0.063079 0.049479
0 0.653356 0.446158 0.063079 0.049479
0 0.643797 0.403104 0.063079 0.049479
0 0.679169 0.315598 0.063079 0.049479
0 0.707831 0.265369 0.063079 0.049479
0 0.729814 0.182163 0.063079 0.049479
0 0.730763 0.159211 0.063079 0.049479
0 0.760390 0.104682 0.063079 0.049479
0 0.790983 0.903817 0.063079 0.049479
0 0.808814 0.752672 0.063079 0.049479
0 0.807220 0.657048 0.063079 0.049479
0 0.822508 0.559491 0.063079 0.049479
0 0.839322 0.505089 0.063079 0.049479
0 0.840339 0.449873 0.063079 0.049479
0 0.855966 0.388753 0.063079 0.049479
0 0.863559 0.339695 0.063079 0.049479
0 0.868390 0.301247 0.063079 0.049479
0 0.860746 0.251018 0.063079 0.049479
0 0.876034 0.212290 0.063079 0.049479
0 0.882729 0.173562 0.063079 0.049479