0 0.837450 0.049700 0.039714 0.044271
0 0.902913 0.154417 0.039714 0.044271
0 0.852187 0.226417 0.039714 0.044271
0 0.750725 0.167517 0.039714 0.044271
0 0.711450 0.219883 0.039714 0.044271
0 0.546188 0.224250 0.039714 0.044271
0 0.470913 0.342067 0.039714 0.044271
0 0.722913 0.396600 0.039714 0.044271
0 0.708187 0.418417 0.039714 0.044271
0 0.682000 0.451150 0.039714 0.044271
0 0.600187 0.366067 0.039714 0.044271
0 0.547813 0.431517 0.039714 0.044271
0 0.634550 0.514417 0.039714 0.044271
0 0.493813 0.510067 0.039714 0.044271
0 0.418550 0.431517 0.039714 0.044271
0 0.587087 0.566783 0.039714 0.044271
0 0.565812 0.595150 0.039714 0.044271
0 0.552725 0.614783 0.039714 0.044271
0 0.457813 0.551517 0.039714 0.044271
0 0.436550 0.584250 0.039714 0.044271
0 0.511813 0.664967 0.039714 0.044271
0 0.490550 0.684600 0.039714 0.044271
0 0.480725 0.695517 0.039714 0.044271
0 0.474188 0.704250 0.039714 0.044271
0 0.436550 0.747883 0.039714 0.044271
0 0.421812 0.767517 0.039714 0.044271
0 0.418550 0.599517 0.039714 0.044271
0 0.408725 0.612600 0.039714 0.044271
0 0.400550 0.627883 0.039714 0.044271
0 0.349813 0.529700 0.039714 0.044271
0 0.338363 0.547150 0.039714 0.044271
0 0.323638 0.568967 0.039714 0.044271
0 0.307275 0.586417 0.039714 0.044271
0 0.371088 0.664967 0.039714 0.044271
0 0.356362 0.680250 0.039714 0.044271
0 0.349813 0.691150 0.039714 0.044271
0 0.333450 0.712967 0.039714 0.044271
0 0.272913 0.643150 0.039714 0.044271
0 0.254912 0.673700 0.039714 0.044271
0 0.232000 0.706417 0.039714 0.044271
0 0.217275 0.730417 0.039714 0.044271
0 0.202550 0.750067 0.039714 0.044271
0 0.394000 0.800250 0.039714 0.044271
0 0.371088 0.824250 0.039714 0.044271
0 0.361275 0.839517 0.039714 0.044271
0 0.348188 0.854783 0.039714 0.044271
0 0.338363 0.863517 0.039714 0.044271
0 0.331813 0.867883 0.039714 0.044271
0 0.325275 0.878783 0.039714 0.044271
0 0.312188 0.894067 0.039714 0.044271
0 0.292550 0.909333 0.039714 0.044271
0 0.272913 0.931150 0.039714 0.044271
0 0.261450 0.939883 0.039714 0.044271
0 0.269638 0.793700 0.039714 0.044271
0 0.292550 0.765333 0.039714 0.044271
0 0.256550 0.804600 0.039714 0.044271
0 0.215637 0.848250 0.039714 0.044271
0 0.202550 0.865700 0.039714 0.044271
0 0.174725 0.896250 0.039714 0.044271
0 0.048725 0.948600 0.039714 0.044271
0 0.088000 0.900600 0.039714 0.044271
0 0.112550 0.867883 0.039714 0.044271
0 0.128912 0.850417 0.039714 0.044271
0 0.142000 0.835150 0.039714 0.044271
0 0.151813 0.817700 0.039714 0.044271
0 0.166550 0.793700 0.039714 0.044271
0 0.176363 0.782783 0.039714 0.044271
0 0.184550 0.769700 0.039714 0.044271
0 0.194363 0.758783 0.039714 0.044271