0 0.047415 0.036323 0.173077 0.130208
0 0.027269 0.112083 0.173077 0.130208
0 0.008254 0.199958 0.173077 0.130208
0 0.232031 0.004510 0.173077 0.130208
0 0.210769 0.049958 0.173077 0.130208
0 0.186154 0.118146 0.173077 0.130208
0 0.149231 0.199958 0.173077 0.130208
0 0.127969 0.289354 0.173077 0.130208
0 0.078738 0.424208 0.173077 0.130208
0 0.021677 0.548448 0.173077 0.130208
0 0.216362 0.578750 0.173077 0.130208
0 0.169369 0.768146 0.173077 0.130208
0 0.277900 0.413594 0.173077 0.130208
0 0.298038 0.287844 0.173077 0.130208
0 0.314823 0.213594 0.173077 0.130208
0 0.328254 0.113594 0.173077 0.130208
0 0.361815 0.045417 0.173077 0.130208
0 0.491608 0.106021 0.173077 0.130208
0 0.492731 0.207542 0.173077 0.130208
0 0.496085 0.301479 0.173077 0.130208
0 0.499438 0.406021 0.173077 0.130208
0 0.486015 0.565115 0.173077 0.130208
0 0.480423 0.781781 0.173077 0.130208
0 0.801538 0.801479 0.173077 0.130208
0 0.753423 0.568146 0.173077 0.130208
0 0.727692 0.422688 0.173077 0.130208
0 0.716500 0.286323 0.173077 0.130208
0 0.698600 0.171177 0.173077 0.130208
0 0.672869 0.087844 0.173077 0.130208
0 0.906715 0.171177 0.173077 0.130208
0 0.895523 0.262083 0.173077 0.130208
0 0.979438 0.390875 0.173077 0.130208
0 0.988392 0.571177 0.173077 0.130208
0 0.983915 0.754510 0.173077 0.130208
0 0.992869 0.062083 0.173077 0.130208
0 0.550908 0.018146 0.173077 0.130208
0 0.377485 0.007542 0.173077 0.130208