0 0.999360 0.742466 0.057668 0.083333
0 0.059220 0.050055 0.057668 0.083333
0 0.350100 0.054603 0.057668 0.083333
0 0.565780 0.066712 0.057668 0.083333
0 0.945160 0.063699 0.057668 0.083333
0 0.078020 0.219753 0.057668 0.083333
0 0.605600 0.224301 0.057668 0.083333
0 0.333520 0.378849 0.057668 0.083333
0 0.407620 0.380356 0.057668 0.083333
0 0.733920 0.378849 0.057668 0.083333
0 0.816860 0.381863 0.057668 0.083333
0 0.890980 0.384904 0.057668 0.083333
0 0.954020 0.559151 0.057668 0.083333
0 0.782580 0.553096 0.057668 0.083333
0 0.695200 0.550055 0.057668 0.083333
0 0.613340 0.553096 0.057668 0.083333
0 0.444120 0.548548 0.057668 0.083333
0 0.366700 0.550055 0.057668 0.083333
0 0.284840 0.550055 0.057668 0.083333
0 0.201900 0.548548 0.057668 0.083333
0 0.144380 0.736411 0.057668 0.083333
0 0.230660 0.736411 0.057668 0.083333
0 0.397660 0.740959 0.057668 0.083333
0 0.491680 0.737945 0.057668 0.083333
0 0.663120 0.742466 0.057668 0.083333
0 0.836780 0.744000 0.057668 0.083333
0 0.077360 0.933096 0.057668 0.083333
0 0.169700 0.935205 0.057668 0.083333
0 0.435720 0.939589 0.057668 0.083333
0 0.529620 0.944000 0.057668 0.083333
0 0.623640 0.939589 0.057668 0.083333
0 0.712780 0.948384 0.057668 0.083333
0 0.805260 0.946110 0.057668 0.083333
0 0.894400 0.954904 0.057668 0.083333
0 0.991520 0.954904 0.057668 0.083333