0 0.772418 0.232436 0.034722 0.033854
0 0.744927 0.249782 0.034722 0.033854
0 0.752127 0.287418 0.034722 0.033854
0 0.786800 0.269218 0.034722 0.033854
0 0.788491 0.306855 0.034722 0.033854
0 0.758473 0.328000 0.034722 0.033854
0 0.791018 0.341964 0.034722 0.033854
0 0.756782 0.367327 0.034722 0.033854
0 0.790182 0.380436 0.034722 0.033854
0 0.264745 0.318527 0.034722 0.033854
0 0.293164 0.329182 0.034722 0.033854
0 0.269818 0.355582 0.034722 0.033854
0 0.302800 0.364200 0.034722 0.033854
0 0.271855 0.393127 0.034722 0.033854
0 0.306345 0.404291 0.034722 0.033854
0 0.274891 0.430673 0.034722 0.033854
0 0.315491 0.439800 0.034722 0.033854
0 0.289109 0.467200 0.034722 0.033854
0 0.323600 0.477345 0.034722 0.033854
0 0.262709 0.278945 0.034722 0.033854
0 0.293164 0.288600 0.034722 0.033854
0 0.272855 0.237855 0.034722 0.033854
0 0.299255 0.254091 0.034722 0.033854
0 0.324618 0.215527 0.034722 0.033854
0 0.291127 0.205382 0.034722 0.033854
0 0.425091 0.245964 0.034722 0.033854
0 0.420018 0.286564 0.034722 0.033854
0 0.428127 0.328164 0.034722 0.033854
0 0.437782 0.367745 0.034722 0.033854
0 0.452491 0.401236 0.034722 0.033854
0 0.474309 0.436255 0.034722 0.033854
0 0.502727 0.473800 0.034722 0.033854
0 0.300273 0.507800 0.034722 0.033854
0 0.315491 0.543818 0.034722 0.033854
0 0.337309 0.515418 0.034722 0.033854
0 0.355582 0.551436 0.034722 0.033854
0 0.333255 0.580364 0.034722 0.033854
0 0.381455 0.583909 0.034722 0.033854
0 0.358618 0.608782 0.034722 0.033854
0 0.411382 0.609291 0.034722 0.033854
0 0.456545 0.616891 0.034722 0.033854
0 0.395145 0.632618 0.034722 0.033854
0 0.435236 0.641764 0.034722 0.033854
0 0.476345 0.642273 0.034722 0.033854
0 0.490545 0.603200 0.034722 0.033854
0 0.516418 0.636691 0.034722 0.033854
0 0.308382 0.171891 0.034722 0.033854
0 0.339327 0.181527 0.034722 0.033854
0 0.327164 0.138400 0.034722 0.033854
0 0.359127 0.147527 0.034722 0.033854
0 0.355582 0.109982 0.034722 0.033854
0 0.386018 0.118109 0.034722 0.033854
0 0.388564 0.086636 0.034722 0.033854
0 0.413927 0.099327 0.034722 0.033854
0 0.421036 0.068382 0.034722 0.033854
0 0.448945 0.092727 0.034722 0.033854
0 0.456545 0.061273 0.034722 0.033854
0 0.498673 0.061273 0.034722 0.033854
0 0.490545 0.087655 0.034722 0.033854
0 0.549400 0.062291 0.034722 0.033854
0 0.530127 0.099327 0.034722 0.033854
0 0.563109 0.101364 0.034722 0.033854
0 0.585436 0.069891 0.034722 0.033854
0 0.622473 0.076491 0.034722 0.033854
0 0.599127 0.096782 0.034722 0.033854
0 0.629582 0.109982 0.034722 0.033854
0 0.654436 0.097291 0.034722 0.033854
0 0.654436 0.130273 0.034722 0.033854
0 0.681345 0.119618 0.034722 0.033854
0 0.706709 0.139927 0.034722 0.033854
0 0.683873 0.152600 0.034722 0.033854
0 0.707218 0.184564 0.034722 0.033854
0 0.737145 0.165800 0.034722 0.033854
0 0.758473 0.195727 0.034722 0.033854
0 0.728018 0.211982 0.034722 0.033854
0 0.448436 0.209436 0.034722 0.033854
0 0.483436 0.189145 0.034722 0.033854
0 0.533164 0.186091 0.034722 0.033854
0 0.573255 0.193709 0.034722 0.033854
0 0.606236 0.210964 0.034722 0.033854
0 0.634145 0.241400 0.034722 0.033854
0 0.649364 0.276418 0.034722 0.033854
0 0.658000 0.314982 0.034722 0.033854
0 0.649364 0.354055 0.034722 0.033854
0 0.628055 0.388055 0.034722 0.033854
0 0.607764 0.419000 0.034722 0.033854
0 0.587473 0.454018 0.034722 0.033854
0 0.577818 0.494600 0.034722 0.033854
0 0.578327 0.537745 0.034722 0.033854
0 0.537745 0.537745 0.034722 0.033854
0 0.528091 0.501200 0.034722 0.033854
0 0.676255 0.569200 0.034722 0.033854
0 0.703673 0.546873 0.034722 0.033854
0 0.729036 0.518964 0.034722 0.033854
0 0.741727 0.475836 0.034722 0.033854
0 0.753400 0.439800 0.034722 0.033854
0 0.757964 0.404291 0.034722 0.033854
0 0.784345 0.419000 0.034722 0.033854
0 0.780800 0.453509 0.034722 0.033854
0 0.772164 0.494600 0.034722 0.033854
0 0.762527 0.529618 0.034722 0.033854
0 0.748818 0.568691 0.034722 0.033854
0 0.736655 0.607255 0.034722 0.033854