0 0.170790 0.637339 0.052288 0.044271
0 0.234881 0.621984 0.052288 0.044271
0 0.258915 0.577587 0.052288 0.044271
0 0.226425 0.538199 0.052288 0.044271
0 0.128955 0.600952 0.052288 0.044271
0 0.113823 0.555223 0.052288 0.044271
0 0.116581 0.507991 0.052288 0.044271
0 0.181918 0.505486 0.052288 0.044271
0 0.163092 0.463127 0.052288 0.044271
0 0.104388 0.464797 0.052288 0.044271
0 0.095529 0.424107 0.052288 0.044271
0 0.160866 0.428247 0.052288 0.044271
0 0.145377 0.386721 0.052288 0.044271
0 0.095529 0.383415 0.052288 0.044271
0 0.317040 0.424107 0.052288 0.044271
0 0.443304 0.452346 0.052288 0.044271
0 0.501964 0.463963 0.052288 0.044271
0 0.374630 0.444869 0.052288 0.044271
0 0.426660 0.400007 0.052288 0.044271
0 0.479845 0.418299 0.052288 0.044271
0 0.534097 0.409988 0.052288 0.044271
0 0.588353 0.393363 0.052288 0.044271
0 0.619372 0.447374 0.052288 0.044271
0 0.559557 0.468135 0.052288 0.044271
0 0.679190 0.441530 0.052288 0.044271
0 0.738962 0.453180 0.052288 0.044271
0 0.719067 0.393363 0.052288 0.044271
0 0.781065 0.401674 0.052288 0.044271
0 0.835317 0.395032 0.052288 0.044271
0 0.896250 0.409988 0.052288 0.044271
0 0.916187 0.443199 0.052288 0.044271
0 0.901766 0.483088 0.052288 0.044271
0 0.867454 0.516302 0.052288 0.044271
0 0.783290 0.481421 0.052288 0.044271
0 0.295185 0.387688 0.052288 0.044271
0 0.389540 0.368730 0.052288 0.044271
0 0.388204 0.335851 0.052288 0.044271
0 0.299147 0.352808 0.052288 0.044271
0 0.300483 0.312917 0.052288 0.044271
0 0.324428 0.284010 0.052288 0.044271
0 0.398843 0.298966 0.052288 0.044271
0 0.436052 0.278036 0.052288 0.044271
0 0.483896 0.261111 0.052288 0.044271
0 0.533075 0.248127 0.052288 0.044271
0 0.584881 0.251131 0.052288 0.044271
0 0.639355 0.261111 0.052288 0.044271
0 0.683241 0.276034 0.052288 0.044271
0 0.725744 0.291989 0.052288 0.044271
0 0.788231 0.316925 0.052288 0.044271
0 0.784226 0.262081 0.052288 0.044271
0 0.653998 0.386687 0.052288 0.044271
0 0.849339 0.328874 0.052288 0.044271
0 0.846624 0.204534 0.052288 0.044271
0 0.881561 0.231171 0.052288 0.044271
0 0.759167 0.237679 0.052288 0.044271
0 0.706293 0.221223 0.052288 0.044271
0 0.832738 0.287282 0.052288 0.044271
0 0.891753 0.296563 0.052288 0.044271
0 0.930962 0.285012 0.052288 0.044271
0 0.917923 0.260211 0.052288 0.044271
0 0.932520 0.228467 0.052288 0.044271
0 0.967903 0.257307 0.052288 0.044271
0 0.974048 0.288485 0.052288 0.044271
0 0.895582 0.202530 0.052288 0.044271
0 0.859441 0.181168 0.052288 0.044271
0 0.818674 0.153495 0.052288 0.044271
0 0.810218 0.181168 0.052288 0.044271
0 0.774077 0.159271 0.052288 0.044271
0 0.778707 0.132733 0.052288 0.044271
0 0.728727 0.147721 0.052288 0.044271
0 0.735625 0.120615 0.052288 0.044271
0 0.686399 0.134469 0.052288 0.044271
0 0.686399 0.107932 0.052288 0.044271
0 0.642560 0.122351 0.052288 0.044271
0 0.640248 0.097550 0.052288 0.044271
0 0.589511 0.094080 0.052288 0.044271
0 0.589511 0.120050 0.052288 0.044271
0 0.540284 0.125823 0.052288 0.044271
0 0.537212 0.094645 0.052288 0.044271
0 0.491062 0.100422 0.052288 0.044271
0 0.491815 0.125223 0.052288 0.044271
0 0.443393 0.127525 0.052288 0.044271
0 0.441835 0.105062 0.052288 0.044271
0 0.397239 0.116009 0.052288 0.044271
0 0.399554 0.146585 0.052288 0.044271
0 0.361858 0.165045 0.052288 0.044271
0 0.352646 0.136205 0.052288 0.044271
0 0.311878 0.156967 0.052288 0.044271
0 0.334931 0.188110 0.052288 0.044271
0 0.335731 0.221558 0.052288 0.044271
0 0.313390 0.249829 0.052288 0.044271
0 0.360344 0.259043 0.052288 0.044271
0 0.404183 0.236545 0.052288 0.044271
0 0.444907 0.219253 0.052288 0.044271
0 0.500317 0.209439 0.052288 0.044271
0 0.550298 0.201362 0.052288 0.044271
0 0.603350 0.203098 0.052288 0.044271
0 0.658717 0.207138 0.052288 0.044271
0 0.265235 0.250365 0.052288 0.044271
0 0.276138 0.179231 0.052288 0.044271
0 0.242179 0.202798 0.052288 0.044271
0 0.201144 0.225863 0.052288 0.044271
0 0.210136 0.259978 0.052288 0.044271
0 0.157573 0.251332 0.052288 0.044271
0 0.168476 0.284978 0.052288 0.044271
0 0.116538 0.279705 0.052288 0.044271
0 0.098601 0.313351 0.052288 0.044271
0 0.144755 0.312852 0.052288 0.044271
0 0.152454 0.354209 0.052288 0.044271
0 0.094775 0.352272 0.052288 0.044271
0 0.911604 0.330642 0.052288 0.044271
0 0.957444 0.320962 0.052288 0.044271
0 0.804478 0.520575 0.052288 0.044271