0 0.303117 0.060854 0.066176 0.039931
0 0.265717 0.073271 0.066176 0.039931
0 0.238817 0.097385 0.066176 0.039931
0 0.213100 0.115656 0.066176 0.039931
0 0.192067 0.138302 0.066176 0.039931
0 0.178033 0.160958 0.066176 0.039931
0 0.168683 0.187260 0.066176 0.039931
0 0.159317 0.210646 0.066176 0.039931
0 0.158150 0.240604 0.066176 0.039931
0 0.160500 0.266177 0.066176 0.039931
0 0.161667 0.293208 0.066176 0.039931
0 0.167517 0.318052 0.066176 0.039931
0 0.178033 0.345094 0.066176 0.039931
0 0.187383 0.374312 0.066176 0.039931
0 0.194400 0.403542 0.066176 0.039931
0 0.200250 0.432771 0.066176 0.039931
0 0.209600 0.198948 0.066176 0.039931
0 0.207250 0.225260 0.066176 0.039931
0 0.210767 0.251563 0.066176 0.039931
0 0.215433 0.277865 0.066176 0.039931
0 0.229467 0.304896 0.066176 0.039931
0 0.240000 0.331208 0.066176 0.039931
0 0.258700 0.355323 0.066176 0.039931
0 0.277400 0.381625 0.066176 0.039931
0 0.303117 0.407198 0.066176 0.039931
0 0.330017 0.430583 0.066176 0.039931
0 0.507717 0.422542 0.066176 0.039931
0 0.517067 0.384542 0.066176 0.039931
0 0.524083 0.358240 0.066176 0.039931
0 0.542783 0.327552 0.066176 0.039931
0 0.549800 0.299781 0.066176 0.039931
0 0.556817 0.274208 0.066176 0.039931
0 0.559150 0.250104 0.066176 0.039931
0 0.561500 0.223063 0.066176 0.039931
0 0.550967 0.195302 0.066176 0.039931
0 0.206083 0.464917 0.066176 0.039931
0 0.208433 0.491958 0.066176 0.039931
0 0.208433 0.523375 0.066176 0.039931
0 0.209600 0.555531 0.066176 0.039931
0 0.204917 0.585490 0.066176 0.039931
0 0.204917 0.618365 0.066176 0.039931
0 0.206083 0.649781 0.066176 0.039931
0 0.199067 0.687781 0.066176 0.039931
0 0.208433 0.721396 0.066176 0.039931
0 0.214267 0.756469 0.066176 0.039931
0 0.228300 0.790073 0.066176 0.039931
0 0.252850 0.821500 0.066176 0.039931
0 0.294933 0.848531 0.066176 0.039931
0 0.342867 0.864604 0.066176 0.039931
0 0.397817 0.869719 0.066176 0.039931
0 0.458617 0.864604 0.066176 0.039931
0 0.511217 0.848531 0.066176 0.039931
0 0.541617 0.820031 0.066176 0.039931
0 0.565000 0.782771 0.066176 0.039931
0 0.573183 0.748427 0.066176 0.039931
0 0.568517 0.718469 0.066176 0.039931
0 0.557983 0.684854 0.066176 0.039931
0 0.547467 0.651250 0.066176 0.039931
0 0.358067 0.461271 0.066176 0.039931
0 0.386133 0.482458 0.066176 0.039931
0 0.415350 0.508031 0.066176 0.039931
0 0.443417 0.535062 0.066176 0.039931
0 0.476150 0.560646 0.066176 0.039931
0 0.497200 0.585490 0.066176 0.039931
0 0.526417 0.619094 0.066176 0.039931
0 0.497200 0.457615 0.066176 0.039931
0 0.511217 0.491229 0.066176 0.039931
0 0.518233 0.521188 0.066176 0.039931
0 0.535767 0.551146 0.066176 0.039931
0 0.574350 0.575250 0.066176 0.039931
0 0.614100 0.592792 0.066176 0.039931
0 0.694767 0.599365 0.066176 0.039931
0 0.764917 0.592792 0.066176 0.039931
0 0.872467 0.388927 0.066176 0.039931
0 0.871300 0.426927 0.066176 0.039931
0 0.879483 0.464917 0.066176 0.039931
0 0.874817 0.497073 0.066176 0.039931
0 0.856100 0.527031 0.066176 0.039931
0 0.842083 0.553333 0.066176 0.039931
0 0.809350 0.580365 0.066176 0.039931
0 0.224800 0.175573 0.066176 0.039931
0 0.247000 0.151458 0.066176 0.039931
0 0.278567 0.131729 0.066176 0.039931
0 0.334683 0.118573 0.066176 0.039931
0 0.387300 0.110542 0.066176 0.039931
0 0.438733 0.117115 0.066176 0.039931
0 0.477317 0.129531 0.066176 0.039931
0 0.513567 0.146344 0.066176 0.039931
0 0.533433 0.167531 0.066176 0.039931
0 0.694767 0.086427 0.066176 0.039931
0 0.725167 0.107615 0.066176 0.039931
0 0.752050 0.128073 0.066176 0.039931
0 0.767250 0.151458 0.066176 0.039931
0 0.787133 0.177760 0.066176 0.039931
0 0.804667 0.198948 0.066176 0.039931
0 0.817533 0.223063 0.066176 0.039931
0 0.825717 0.251563 0.066176 0.039931
0 0.838567 0.276406 0.066176 0.039931
0 0.846750 0.304896 0.066176 0.039931
0 0.850267 0.334854 0.066176 0.039931
0 0.863117 0.361167 0.066176 0.039931
0 0.344050 0.045510 0.066176 0.039931
0 0.382617 0.039667 0.066176 0.039931
0 0.435233 0.035281 0.066176 0.039931
0 0.476150 0.028698 0.066176 0.039931
0 0.522917 0.033083 0.066176 0.039931
0 0.561500 0.036740 0.066176 0.039931
0 0.607083 0.046969 0.066176 0.039931
0 0.652683 0.063771 0.066176 0.039931