0 0.824613 0.715484 0.034877 0.058160
0 0.691075 0.741470 0.034877 0.058160
0 0.868351 0.730861 0.034877 0.058160
0 0.809144 0.663166 0.034877 0.058160
0 0.810889 0.637538 0.034877 0.058160
0 0.817867 0.597770 0.034877 0.058160
0 0.909181 0.705590 0.034877 0.058160
0 0.931864 0.679077 0.034877 0.058160
0 0.924882 0.626049 0.034877 0.058160
0 0.920232 0.588053 0.034877 0.058160
0 0.901621 0.558003 0.034877 0.058160
0 0.889988 0.522651 0.034877 0.058160
0 0.876027 0.491721 0.034877 0.058160
0 0.856255 0.455490 0.034877 0.058160
0 0.835899 0.433392 0.034877 0.058160
0 0.813795 0.413072 0.034877 0.058160
0 0.791112 0.389209 0.034877 0.058160
0 0.759706 0.367996 0.034877 0.058160
0 0.728301 0.364460 0.034877 0.058160
0 0.699219 0.346790 0.034877 0.058160
0 0.678280 0.374183 0.034877 0.058160
0 0.699219 0.398046 0.034877 0.058160
0 0.718413 0.428090 0.034877 0.058160
0 0.745167 0.451954 0.034877 0.058160
0 0.772501 0.476696 0.034877 0.058160
0 0.789950 0.505861 0.034877 0.058160
0 0.796928 0.536790 0.034877 0.058160
0 0.803907 0.571256 0.034877 0.058160
0 0.649198 0.361809 0.034877 0.058160
0 0.671302 0.331765 0.034877 0.058160
0 0.636403 0.318511 0.034877 0.058160
0 0.617792 0.354742 0.034877 0.058160
0 0.581149 0.343254 0.034877 0.058160
0 0.600926 0.307902 0.034877 0.058160
0 0.546953 0.343342 0.034877 0.058160
0 0.569868 0.295710 0.034877 0.058160
0 0.534911 0.293851 0.034877 0.058160
0 0.514440 0.339629 0.034877 0.058160
0 0.502344 0.297475 0.034877 0.058160
0 0.478264 0.341482 0.034877 0.058160
0 0.469773 0.303040 0.034877 0.058160
0 0.442030 0.345107 0.034877 0.058160
0 0.436040 0.303040 0.034877 0.058160
0 0.405854 0.339629 0.034877 0.058160
0 0.403468 0.299328 0.034877 0.058160
0 0.367292 0.295710 0.034877 0.058160
0 0.374506 0.345107 0.034877 0.058160
0 0.332278 0.350678 0.034877 0.058160
0 0.334721 0.297475 0.034877 0.058160
0 0.296102 0.297475 0.034877 0.058160
0 0.292497 0.348819 0.034877 0.058160
0 0.264035 0.312236 0.034877 0.058160
0 0.256494 0.360597 0.034877 0.058160
0 0.220484 0.365685 0.034877 0.058160
0 0.229694 0.321143 0.034877 0.058160
0 0.192844 0.321143 0.034877 0.058160
0 0.184469 0.365685 0.034877 0.058160
0 0.151807 0.354234 0.034877 0.058160
0 0.156829 0.316055 0.034877 0.058160
0 0.119979 0.349139 0.034877 0.058160
0 0.125841 0.308417 0.034877 0.058160
0 0.084804 0.347871 0.034877 0.058160
0 0.049628 0.341508 0.034877 0.058160
0 0.047954 0.303329 0.034877 0.058160
0 0.052141 0.275333 0.034877 0.058160
0 0.061352 0.248606 0.034877 0.058160
0 0.083964 0.225704 0.034877 0.058160
0 0.105742 0.284240 0.034877 0.058160
0 0.119140 0.251156 0.034877 0.058160
0 0.114117 0.202795 0.034877 0.058160
0 0.144266 0.235879 0.034877 0.058160
0 0.145945 0.192613 0.034877 0.058160
0 0.178607 0.223153 0.034877 0.058160
0 0.177768 0.177343 0.034877 0.058160
0 0.213783 0.216790 0.034877 0.058160
0 0.209595 0.165892 0.034877 0.058160
0 0.242257 0.164617 0.034877 0.058160
0 0.247284 0.205339 0.034877 0.058160
0 0.274919 0.164617 0.034877 0.058160
0 0.284134 0.201520 0.034877 0.058160
0 0.308421 0.163342 0.034877 0.058160
0 0.320984 0.204064 0.034877 0.058160
0 0.344436 0.160798 0.034877 0.058160
0 0.351137 0.195157 0.034877 0.058160
0 0.375424 0.160798 0.034877 0.058160
0 0.386313 0.196432 0.034877 0.058160
0 0.411439 0.158254 0.034877 0.058160
0 0.418975 0.201520 0.034877 0.058160
0 0.444101 0.159529 0.034877 0.058160
0 0.447449 0.206614 0.034877 0.058160
0 0.474250 0.158254 0.034877 0.058160
0 0.479277 0.218065 0.034877 0.058160
0 0.503563 0.165892 0.034877 0.058160
0 0.511104 0.233335 0.034877 0.058160
0 0.531203 0.174799 0.034877 0.058160
0 0.546279 0.252425 0.034877 0.058160
0 0.558842 0.188794 0.034877 0.058160
0 0.590666 0.197701 0.034877 0.058160
0 0.575589 0.258788 0.034877 0.058160
0 0.607416 0.274058 0.034877 0.058160
0 0.643431 0.275333 0.034877 0.058160
0 0.626680 0.191344 0.034877 0.058160
0 0.659343 0.193888 0.034877 0.058160
0 0.675254 0.280421 0.034877 0.058160
0 0.710430 0.277877 0.034877 0.058160
0 0.692844 0.196432 0.034877 0.058160
0 0.725506 0.195157 0.034877 0.058160
0 0.743931 0.220609 0.034877 0.058160
0 0.737234 0.252425 0.034877 0.058160