0 0.272473 0.522828 0.047386 0.049479
0 0.230182 0.485483 0.047386 0.049479
0 0.203927 0.455069 0.047386 0.049479
0 0.198073 0.412172 0.047386 0.049479
0 0.177673 0.362379 0.047386 0.049479
0 0.313309 0.556034 0.047386 0.049479
0 0.348327 0.572621 0.047386 0.049479
0 0.402291 0.594759 0.047386 0.049479
0 0.448945 0.598897 0.047386 0.049479
0 0.505855 0.611345 0.047386 0.049479
0 0.559818 0.607207 0.047386 0.049479
0 0.593345 0.585069 0.047386 0.049479
0 0.644400 0.543586 0.047386 0.049479
0 0.673564 0.521448 0.047386 0.049479
0 0.699818 0.485483 0.047386 0.049479
0 0.720255 0.439828 0.047386 0.049479
0 0.715855 0.380379 0.047386 0.049479
0 0.705673 0.344414 0.047386 0.049479
0 0.685236 0.296000 0.047386 0.049479
0 0.663345 0.257276 0.047386 0.049479
0 0.626909 0.217172 0.047386 0.049479
0 0.577309 0.192276 0.047386 0.049479
0 0.540836 0.163207 0.047386 0.049479
0 0.481055 0.150759 0.047386 0.049479
0 0.446036 0.131414 0.047386 0.049479
0 0.400836 0.120345 0.047386 0.049479
0 0.370182 0.120345 0.047386 0.049479
0 0.551055 0.084379 0.047386 0.049479
0 0.489782 0.069172 0.047386 0.049479
0 0.443127 0.069172 0.047386 0.049479
0 0.405200 0.065000 0.047386 0.049479
0 0.354145 0.063621 0.047386 0.049479
0 0.295818 0.076069 0.047386 0.049479
0 0.253491 0.074690 0.047386 0.049479
0 0.215564 0.102345 0.047386 0.049479
0 0.186400 0.145241 0.047386 0.049479
0 0.133891 0.174276 0.047386 0.049479
0 0.125164 0.233759 0.047386 0.049479
0 0.103273 0.280793 0.047386 0.049479
0 0.090145 0.329172 0.047386 0.049479
0 0.090145 0.372069 0.047386 0.049479
0 0.078473 0.413552 0.047386 0.049479
0 0.138291 0.380379 0.047386 0.049479
0 0.148473 0.430172 0.047386 0.049479
0 0.098909 0.471655 0.047386 0.049479
0 0.125164 0.524207 0.047386 0.049479
0 0.133891 0.571241 0.047386 0.049479
0 0.179127 0.522828 0.047386 0.049479
0 0.148473 0.484103 0.047386 0.049479
0 0.218509 0.551862 0.047386 0.049479
0 0.250582 0.585069 0.047386 0.049479
0 0.297273 0.612724 0.047386 0.049479
0 0.336655 0.648690 0.047386 0.049479
0 0.381855 0.654207 0.047386 0.049479
0 0.428545 0.666655 0.047386 0.049479
0 0.489782 0.670828 0.047386 0.049479
0 0.518982 0.672207 0.047386 0.049479
0 0.564182 0.662517 0.047386 0.049479
0 0.609382 0.640379 0.047386 0.049479
0 0.661891 0.618276 0.047386 0.049479
0 0.698364 0.587828 0.047386 0.049479
0 0.726073 0.550483 0.047386 0.049479
0 0.755236 0.515897 0.047386 0.049479
0 0.769855 0.466103 0.047386 0.049479
0 0.785891 0.423241 0.047386 0.049479
0 0.778582 0.383138 0.047386 0.049479
0 0.775673 0.330586 0.047386 0.049479
0 0.750873 0.294621 0.047386 0.049479
0 0.731927 0.250345 0.047386 0.049479
0 0.699818 0.200552 0.047386 0.049479
0 0.300182 0.047034 0.047386 0.049479
0 0.327891 0.019931 0.047386 0.049479
0 0.375164 0.019931 0.047386 0.049479
0 0.425891 0.016586 0.047386 0.049479
0 0.487164 0.016586 0.047386 0.049479
0 0.523927 0.023241 0.047386 0.049479
0 0.574691 0.026552 0.047386 0.049479
0 0.614945 0.046483 0.047386 0.049479
0 0.655200 0.079690 0.047386 0.049479
0 0.705964 0.102897 0.047386 0.049479
0 0.728691 0.142759 0.047386 0.049479
0 0.761964 0.182586 0.047386 0.049479
0 0.791709 0.222414 0.047386 0.049479
0 0.803964 0.257276 0.047386 0.049479
0 0.831964 0.298759 0.047386 0.049479
0 0.837236 0.355207 0.047386 0.049479
0 0.847709 0.401655 0.047386 0.049479
0 0.840727 0.441483 0.047386 0.049479
0 0.831964 0.496276 0.047386 0.049479
0 0.810982 0.531138 0.047386 0.049479
0 0.789964 0.582586 0.047386 0.049479
0 0.761964 0.629034 0.047386 0.049479
0 0.746218 0.662241 0.047386 0.049479
0 0.711200 0.697103 0.047386 0.049479
0 0.649927 0.708724 0.047386 0.049479
0 0.579927 0.717000 0.047386 0.049479
0 0.161600 0.602483 0.047386 0.049479
0 0.193127 0.640655 0.047386 0.049479
0 0.235127 0.668897 0.047386 0.049479
0 0.292873 0.683828 0.047386 0.049479
0 0.327891 0.697103 0.047386 0.049479
0 0.378655 0.722000 0.047386 0.049479
0 0.427673 0.722000 0.047386 0.049479
0 0.483673 0.728621 0.047386 0.049479
0 0.539673 0.722000 0.047386 0.049479
0 0.147600 0.335276 0.047386 0.049479