0 0.307585 0.198410 0.086806 0.100694
0 0.234276 0.256007 0.086806 0.100694
0 0.166207 0.313616 0.086806 0.100694
0 0.140024 0.402627 0.086806 0.100694
0 0.124323 0.486408 0.086806 0.100694
0 0.153121 0.570188 0.086806 0.100694
0 0.176678 0.661826 0.086806 0.100694
0 0.208104 0.742992 0.086806 0.100694
0 0.281413 0.816302 0.086806 0.100694
0 0.357338 0.884370 0.086806 0.100694
0 0.443734 0.905324 0.086806 0.100694
0 0.545842 0.905324 0.086806 0.100694
0 0.637479 0.894853 0.086806 0.100694
0 0.710789 0.855571 0.086806 0.100694
0 0.797185 0.797974 0.086806 0.100694
0 0.839081 0.719435 0.086806 0.100694
0 0.886207 0.648740 0.086806 0.100694
0 0.907150 0.570188 0.086806 0.100694
0 0.907150 0.486408 0.086806 0.100694
0 0.880978 0.405253 0.086806 0.100694
0 0.828610 0.326702 0.086806 0.100694
0 0.776243 0.271720 0.086806 0.100694
0 0.716031 0.206266 0.086806 0.100694
0 0.640094 0.159140 0.086806 0.100694
0 0.561555 0.151284 0.086806 0.100694
0 0.485630 0.148669 0.086806 0.100694