0 0.426962 0.329637 0.063368 0.071181
0 0.361200 0.336650 0.063368 0.071181
0 0.311225 0.355938 0.063368 0.071181
0 0.265625 0.385750 0.063368 0.071181
0 0.234937 0.422575 0.063368 0.071181
0 0.227050 0.483075 0.063368 0.071181
0 0.244587 0.540950 0.063368 0.071181
0 0.278775 0.602325 0.063368 0.071181
0 0.319988 0.654938 0.063368 0.071181
0 0.396275 0.718950 0.063368 0.071181
0 0.462037 0.747887 0.063368 0.071181
0 0.524288 0.763662 0.063368 0.071181
0 0.588300 0.766300 0.063368 0.071181
0 0.652312 0.740862 0.063368 0.071181
0 0.704037 0.712812 0.063368 0.071181
0 0.748762 0.664587 0.063368 0.071181
0 0.781200 0.618112 0.063368 0.071181
0 0.794350 0.554975 0.063368 0.071181
0 0.796988 0.488338 0.063368 0.071181
0 0.744375 0.527800 0.063368 0.071181
0 0.733850 0.589175 0.063368 0.071181
0 0.697025 0.653187 0.063368 0.071181
0 0.640912 0.684750 0.063368 0.071181
0 0.575150 0.693512 0.063368 0.071181
0 0.507637 0.688262 0.063368 0.071181
0 0.448012 0.662825 0.063368 0.071181
0 0.388387 0.623375 0.063368 0.071181
0 0.336650 0.576025 0.063368 0.071181
0 0.302450 0.530425 0.063368 0.071181
0 0.281413 0.490100 0.063368 0.071181
0 0.269137 0.447125 0.063368 0.071181
0 0.169175 0.470800 0.063368 0.071181
0 0.187587 0.532187 0.063368 0.071181
0 0.216525 0.585675 0.063368 0.071181
0 0.182325 0.412938 0.063368 0.071181
0 0.189350 0.363837 0.063368 0.071181
0 0.142875 0.341913 0.063368 0.071181
0 0.127087 0.395400 0.063368 0.071181
0 0.120950 0.459412 0.063368 0.071181
0 0.122700 0.524288 0.063368 0.071181
0 0.131475 0.587425 0.063368 0.071181
0 0.153400 0.637400 0.063368 0.071181
0 0.184963 0.692638 0.063368 0.071181
0 0.228800 0.734725 0.063368 0.071181
0 0.285800 0.774188 0.063368 0.071181
0 0.350675 0.800488 0.063368 0.071181
0 0.406800 0.826800 0.063368 0.071181
0 0.480450 0.846087 0.063368 0.071181
0 0.538325 0.854850 0.063368 0.071181
0 0.605838 0.846963 0.063368 0.071181
0 0.664587 0.825037 0.063368 0.071181
0 0.719825 0.812762 0.063368 0.071181
0 0.780325 0.787338 0.063368 0.071181
0 0.823288 0.744375 0.063368 0.071181
0 0.855725 0.693512 0.063368 0.071181
0 0.867125 0.627762 0.063368 0.071181
0 0.869762 0.566375 0.063368 0.071181
0 0.856612 0.501500 0.063368 0.071181
0 0.824163 0.448012 0.063368 0.071181
0 0.784712 0.390138 0.063368 0.071181
0 0.712812 0.419075 0.063368 0.071181
0 0.727712 0.474312 0.063368 0.071181
0 0.700537 0.526050 0.063368 0.071181
0 0.683875 0.578650 0.063368 0.071181
0 0.636525 0.607587 0.063368 0.071181
0 0.587425 0.635650 0.063368 0.071181
0 0.531300 0.643537 0.063368 0.071181
0 0.358575 0.656687 0.063368 0.071181
0 0.177950 0.292812 0.063368 0.071181
0 0.219163 0.254225 0.063368 0.071181
0 0.281413 0.229675 0.063368 0.071181
0 0.215650 0.322625 0.063368 0.071181
0 0.249850 0.293687 0.063368 0.071181
0 0.293687 0.265625 0.063368 0.071181
0 0.305088 0.305962 0.063368 0.071181
0 0.263000 0.336650 0.063368 0.071181
0 0.361200 0.284913 0.063368 0.071181
0 0.336650 0.216525 0.063368 0.071181
0 0.384875 0.203375 0.063368 0.071181
0 0.444500 0.187587 0.063368 0.071181
0 0.417325 0.260362 0.063368 0.071181
0 0.481325 0.247213 0.063368 0.071181
0 0.502375 0.186712 0.063368 0.071181
0 0.547963 0.243712 0.063368 0.071181
0 0.562875 0.191100 0.063368 0.071181
0 0.622500 0.213900 0.063368 0.071181
0 0.611975 0.248975 0.063368 0.071181
0 0.670725 0.263000 0.063368 0.071181
0 0.545337 0.314725 0.063368 0.071181
0 0.488338 0.322625 0.063368 0.071181
0 0.613725 0.314725 0.063368 0.071181
0 0.672475 0.325250 0.063368 0.071181
0 0.735600 0.305962 0.063368 0.071181
0 0.733850 0.355938 0.063368 0.071181
0 0.681237 0.389263 0.063368 0.071181
0 0.645288 0.362075 0.063368 0.071181
0 0.785587 0.356812 0.063368 0.071181
0 0.778575 0.440988 0.063368 0.071181
0 0.752262 0.420825 0.063368 0.071181