0 0.159381 0.512481 0.099415 0.135417
0 0.177355 0.372832 0.099415 0.135417
0 0.231257 0.248471 0.099415 0.135417
0 0.342308 0.204837 0.099415 0.135417
0 0.381520 0.097920 0.099415 0.135417
0 0.453377 0.187393 0.099415 0.135417
0 0.489306 0.071754 0.099415 0.135417
0 0.567711 0.093559 0.099415 0.135417
0 0.654278 0.128471 0.099415 0.135417
0 0.538311 0.189574 0.099415 0.135417
0 0.538311 0.189574 0.099415 0.135417
0 0.624878 0.248471 0.099415 0.135417
0 0.745741 0.239749 0.099415 0.135417
0 0.783302 0.355388 0.099415 0.135417
0 0.686942 0.361930 0.099415 0.135417
0 0.600375 0.377193 0.099415 0.135417
0 0.505647 0.340100 0.099415 0.135417
0 0.407636 0.318296 0.099415 0.135417
0 0.407636 0.318296 0.099415 0.135417
0 0.314540 0.351028 0.099415 0.135417
0 0.270450 0.447018 0.099415 0.135417
0 0.368443 0.438296 0.099415 0.135417
0 0.241051 0.595388 0.099415 0.135417
0 0.327617 0.569198 0.099415 0.135417
0 0.210019 0.739373 0.099415 0.135417
0 0.322720 0.726291 0.099415 0.135417
0 0.294953 0.855013 0.099415 0.135417
0 0.396210 0.811378 0.099415 0.135417
0 0.427242 0.693559 0.099415 0.135417
0 0.427242 0.558296 0.099415 0.135417
0 0.499118 0.444837 0.099415 0.135417
0 0.598743 0.521203 0.099415 0.135417
0 0.531782 0.630301 0.099415 0.135417
0 0.518705 0.759023 0.099415 0.135417
0 0.468068 0.916115 0.099415 0.135417
0 0.603640 0.885564 0.099415 0.135417
0 0.624878 0.730652 0.099415 0.135417
0 0.713077 0.809198 0.099415 0.135417
0 0.693471 0.621554 0.099415 0.135417
0 0.796360 0.658647 0.099415 0.135417
0 0.817598 0.490652 0.099415 0.135417
0 0.693471 0.490652 0.099415 0.135417