0 0.042304 0.340941 0.089869 0.060764
0 0.169394 0.342404 0.089869 0.060764
0 0.194587 0.411824 0.089869 0.060764
0 0.147475 0.462235 0.089869 0.060764
0 0.045590 0.449816 0.089869 0.060764
0 0.276759 0.322676 0.089869 0.060764
0 0.054355 0.530919 0.089869 0.060764
0 0.185821 0.516309 0.089869 0.060764
0 0.072977 0.626640 0.089869 0.060764
0 0.158434 0.655140 0.089869 0.060764
0 0.206648 0.600338 0.089869 0.060764
0 0.285524 0.665368 0.089869 0.060764
0 0.318401 0.609838 0.089869 0.060764
0 0.374278 0.506081 0.089869 0.060764
0 0.435634 0.609103 0.089869 0.060764
0 0.482745 0.557228 0.089869 0.060764
0 0.521092 0.622985 0.089869 0.060764
0 0.461929 0.671941 0.089869 0.060764
0 0.541907 0.677059 0.089869 0.060764
0 0.610926 0.652213 0.089869 0.060764
0 0.587916 0.584265 0.089869 0.060764
0 0.535336 0.499500 0.089869 0.060764
0 0.468501 0.458581 0.089869 0.060764
0 0.366604 0.433007 0.089869 0.060764
0 0.389614 0.373824 0.089869 0.060764
0 0.510132 0.388441 0.089869 0.060764
0 0.556152 0.435934 0.089869 0.060764
0 0.626273 0.492926 0.089869 0.060764
0 0.658037 0.416206 0.089869 0.060764
0 0.468501 0.325603 0.089869 0.060764
0 0.392900 0.278103 0.089869 0.060764
0 0.519989 0.270801 0.089869 0.060764
0 0.563815 0.332904 0.089869 0.060764
0 0.774179 0.642721 0.089869 0.060764
0 0.713914 0.593765 0.089869 0.060764
0 0.850871 0.610566 0.089869 0.060764
0 0.761025 0.541882 0.089869 0.060764
0 0.854157 0.531654 0.089869 0.060764
0 0.945094 0.563074 0.089869 0.060764
0 0.751169 0.465890 0.089869 0.060764
0 0.853065 0.471007 0.089869 0.060764
0 0.888126 0.409625 0.089869 0.060764
0 0.953859 0.496581 0.089869 0.060764
0 0.730353 0.348250 0.089869 0.060764
0 0.826770 0.322676 0.089869 0.060764
0 0.745689 0.271529 0.089869 0.060764
0 0.860728 0.264956 0.089869 0.060764
0 0.948379 0.365787 0.089869 0.060764