0 0.040687 0.645413 0.034722 0.088542
0 0.093413 0.650863 0.034722 0.088542
0 0.140687 0.649050 0.034722 0.088542
0 0.209775 0.647225 0.034722 0.088542
0 0.286137 0.650863 0.034722 0.088542
0 0.331587 0.643587 0.034722 0.088542
0 0.380688 0.654500 0.034722 0.088542
0 0.453412 0.647225 0.034722 0.088542
0 0.491588 0.647225 0.034722 0.088542
0 0.546138 0.645413 0.034722 0.088542
0 0.606137 0.638137 0.034722 0.088542
0 0.647950 0.647225 0.034722 0.088542
0 0.684312 0.632687 0.034722 0.088542
0 0.731587 0.639950 0.034722 0.088542
0 0.773413 0.639950 0.034722 0.088542
0 0.811587 0.634500 0.034722 0.088542
0 0.858862 0.627225 0.034722 0.088542
0 0.915225 0.621775 0.034722 0.088542
0 0.986137 0.625412 0.034722 0.088542