0 0.076190 0.257540 0.094586 0.375868
0 0.167350 0.266622 0.094586 0.375868
0 0.268750 0.283298 0.094586 0.375868
0 0.363320 0.287832 0.094586 0.375868
0 0.456750 0.281782 0.094586 0.375868
0 0.544480 0.299960 0.094586 0.375868
0 0.642470 0.296928 0.094586 0.375868
0 0.741600 0.290864 0.094586 0.375868
0 0.839590 0.287832 0.094586 0.375868
0 0.927320 0.272686 0.094586 0.375868
0 0.075050 0.806024 0.094586 0.375868
0 0.170760 0.806024 0.094586 0.375868
0 0.271030 0.809043 0.094586 0.375868
0 0.361040 0.809043 0.094586 0.375868
0 0.460170 0.807540 0.094586 0.375868
0 0.546760 0.806024 0.094586 0.375868
0 0.649310 0.804508 0.094586 0.375868
0 0.738180 0.802992 0.094586 0.375868
0 0.836170 0.792380 0.094586 0.375868
0 0.935300 0.784801 0.094586 0.375868