0 0.231426 0.543915 0.092409 0.064236
0 0.278682 0.546945 0.092409 0.064236
0 0.366289 0.540886 0.092409 0.064236
0 0.444668 0.546945 0.092409 0.064236
0 0.518437 0.539371 0.092409 0.064236
0 0.593359 0.539371 0.092409 0.064236
0 0.669434 0.537856 0.092409 0.064236
0 0.744355 0.537856 0.092409 0.064236
0 0.808896 0.540886 0.092409 0.064236
0 0.829648 0.586329 0.092409 0.064236
0 0.845781 0.634814 0.092409 0.064236
0 0.866533 0.689371 0.092409 0.064236
0 0.890742 0.746945 0.092409 0.064236
0 0.921855 0.825725 0.092409 0.064236
0 0.946064 0.915122 0.092409 0.064236
0 0.269463 0.584814 0.092409 0.064236
0 0.352451 0.584814 0.092409 0.064236
0 0.436602 0.586329 0.092409 0.064236
0 0.518437 0.580270 0.092409 0.064236
0 0.600273 0.583299 0.092409 0.064236
0 0.677500 0.581784 0.092409 0.064236
0 0.760488 0.584814 0.092409 0.064236
0 0.254482 0.634814 0.092409 0.064236
0 0.342080 0.636329 0.092409 0.064236
0 0.428525 0.634814 0.092409 0.064236
0 0.513828 0.630270 0.092409 0.064236
0 0.601426 0.634814 0.092409 0.064236
0 0.685566 0.628755 0.092409 0.064236
0 0.774326 0.628755 0.092409 0.064236
0 0.785850 0.689371 0.092409 0.064236
0 0.694785 0.684814 0.092409 0.064236
0 0.606035 0.686329 0.092409 0.064236
0 0.512676 0.689371 0.092409 0.064236
0 0.422764 0.686329 0.092409 0.064236
0 0.330557 0.693915 0.092409 0.064236
0 0.252178 0.689371 0.092409 0.064236
0 0.218750 0.756033 0.092409 0.064236
0 0.188779 0.837856 0.092409 0.064236
0 0.164570 0.918151 0.092409 0.064236
0 0.315566 0.757548 0.092409 0.064236
0 0.297129 0.831784 0.092409 0.064236
0 0.283301 0.912092 0.092409 0.064236
0 0.419307 0.743915 0.092409 0.064236
0 0.403174 0.828755 0.092409 0.064236
0 0.395107 0.904519 0.092409 0.064236
0 0.512676 0.756033 0.092409 0.064236
0 0.508066 0.827240 0.092409 0.064236
0 0.509219 0.910578 0.092409 0.064236
0 0.608340 0.751489 0.092409 0.064236
0 0.612949 0.828755 0.092409 0.064236
0 0.614102 0.901489 0.092409 0.064236
0 0.707471 0.753004 0.092409 0.064236
0 0.800830 0.753004 0.092409 0.064236
0 0.713232 0.827240 0.092409 0.064236
0 0.830801 0.824211 0.092409 0.064236
0 0.735127 0.906033 0.092409 0.064236
0 0.840020 0.907548 0.092409 0.064236
0 0.962197 0.971181 0.092409 0.064236
0 0.860771 0.968151 0.092409 0.064236
0 0.742051 0.968151 0.092409 0.064236
0 0.624482 0.968151 0.092409 0.064236
0 0.509219 0.966637 0.092409 0.064236
0 0.382422 0.969666 0.092409 0.064236
0 0.742051 0.507548 0.092409 0.064236
0 0.669434 0.509063 0.092409 0.064236
0 0.596816 0.509063 0.092409 0.064236
0 0.512676 0.509063 0.092409 0.064236
0 0.443516 0.512092 0.092409 0.064236
0 0.376660 0.512092 0.092409 0.064236