0 0.058941 0.035412 0.094618 0.087674
0 0.018118 0.110784 0.094618 0.087674
0 0.168941 0.019686 0.094618 0.087674
0 0.121804 0.113922 0.094618 0.087674
0 0.250627 0.022824 0.094618 0.087674
0 0.200667 0.110784 0.094618 0.087674
0 0.335451 0.025961 0.094618 0.087674
0 0.288314 0.117098 0.094618 0.087674
0 0.406431 0.035098 0.094618 0.087674
0 0.371882 0.118667 0.094618 0.087674
0 0.486549 0.029725 0.094618 0.087674
0 0.462667 0.120549 0.094618 0.087674
0 0.593686 0.025961 0.094618 0.087674
0 0.548157 0.117098 0.094618 0.087674
0 0.679137 0.022510 0.094618 0.087674
0 0.633608 0.111412 0.094618 0.087674
0 0.746392 0.025961 0.094618 0.087674
0 0.711843 0.118667 0.094618 0.087674
0 0.837490 0.027843 0.094618 0.087674
0 0.801059 0.115216 0.094618 0.087674
0 0.919176 0.031608 0.094618 0.087674
0 0.879294 0.126196 0.094618 0.087674
0 0.988314 0.031608 0.094618 0.087674
0 0.959098 0.120549 0.094618 0.087674
0 0.990196 0.209765 0.094618 0.087674
0 0.973843 0.280471 0.094618 0.087674
0 0.933647 0.207882 0.094618 0.087674
0 0.877412 0.288000 0.094618 0.087674
0 0.829961 0.198784 0.094618 0.087674
0 0.797294 0.291451 0.094618 0.087674
0 0.746392 0.206000 0.094618 0.087674
0 0.708353 0.293333 0.094618 0.087674
0 0.666588 0.215098 0.094618 0.087674
0 0.626353 0.286118 0.094618 0.087674
0 0.582706 0.209765 0.094618 0.087674
0 0.530235 0.288000 0.094618 0.087674
0 0.497255 0.206000 0.094618 0.087674
0 0.453569 0.289569 0.094618 0.087674
0 0.411804 0.204118 0.094618 0.087674
0 0.360902 0.284235 0.094618 0.087674
0 0.326314 0.200667 0.094618 0.087674
0 0.279216 0.286118 0.094618 0.087674
0 0.230196 0.206000 0.094618 0.087674
0 0.155412 0.206000 0.094618 0.087674
0 0.075608 0.209765 0.094618 0.087674
0 0.011843 0.209765 0.094618 0.087674
0 0.015608 0.038863 0.094618 0.087674
0 0.026588 0.286118 0.094618 0.087674
0 0.099176 0.289569 0.094618 0.087674
0 0.200980 0.284235 0.094618 0.087674
0 0.002706 0.375020 0.094618 0.087674
0 0.059255 0.380667 0.094618 0.087674
0 0.041059 0.457020 0.094618 0.087674
0 0.161059 0.382549 0.094618 0.087674
0 0.112039 0.453255 0.094618 0.087674
0 0.235529 0.367804 0.094618 0.087674
0 0.202863 0.455137 0.094618 0.087674
0 0.315647 0.380667 0.094618 0.087674
0 0.295529 0.458902 0.094618 0.087674
0 0.408314 0.380667 0.094618 0.087674
0 0.359333 0.462353 0.094618 0.087674
0 0.491882 0.371569 0.094618 0.087674
0 0.448235 0.455137 0.094618 0.087674
0 0.582706 0.375020 0.094618 0.087674
0 0.539020 0.453255 0.094618 0.087674
0 0.655608 0.378784 0.094618 0.087674
0 0.632039 0.453255 0.094618 0.087674
0 0.753608 0.376902 0.094618 0.087674
0 0.711843 0.460471 0.094618 0.087674
0 0.839059 0.378784 0.094618 0.087674
0 0.790078 0.466157 0.094618 0.087674
0 0.919176 0.380667 0.094618 0.087674
0 0.886510 0.460471 0.094618 0.087674
0 0.990196 0.376902 0.094618 0.087674
0 0.973843 0.462353 0.094618 0.087674
0 0.009961 0.544353 0.094618 0.087674
0 0.024706 0.627961 0.094618 0.087674
0 0.073725 0.555059 0.094618 0.087674
0 0.113608 0.622275 0.094618 0.087674
0 0.162941 0.542471 0.094618 0.087674
0 0.189961 0.627961 0.094618 0.087674
0 0.242745 0.535255 0.094618 0.087674
0 0.271961 0.620706 0.094618 0.087674
0 0.324745 0.538706 0.094618 0.087674
0 0.353647 0.627961 0.094618 0.087674
0 0.393882 0.544353 0.094618 0.087674
0 0.446353 0.637059 0.094618 0.087674
0 0.486549 0.549725 0.094618 0.087674
0 0.548157 0.633294 0.094618 0.087674
0 0.573608 0.540588 0.094618 0.087674
0 0.613804 0.640510 0.094618 0.087674
0 0.666588 0.549725 0.094618 0.087674
0 0.713725 0.633294 0.094618 0.087674
0 0.746392 0.556941 0.094618 0.087674
0 0.782824 0.631412 0.094618 0.087674
0 0.828392 0.553490 0.094618 0.087674
0 0.882745 0.631412 0.094618 0.087674
0 0.924549 0.549725 0.094618 0.087674
0 0.981098 0.556941 0.094618 0.087674
0 0.971961 0.627961 0.094618 0.087674
0 0.986745 0.716235 0.094618 0.087674
0 0.970392 0.797294 0.094618 0.087674
0 0.921686 0.720627 0.094618 0.087674
0 0.874902 0.798235 0.094618 0.087674
0 0.828078 0.718431 0.094618 0.087674
0 0.780627 0.800431 0.094618 0.087674
0 0.741686 0.725020 0.094618 0.087674
0 0.711843 0.806078 0.094618 0.087674
0 0.658431 0.721255 0.094618 0.087674
0 0.616000 0.810471 0.094618 0.087674
0 0.578941 0.726275 0.094618 0.087674
0 0.541843 0.811412 0.094618 0.087674
0 0.498196 0.709020 0.094618 0.087674
0 0.441333 0.809216 0.094618 0.087674
0 0.415255 0.728471 0.094618 0.087674
0 0.327882 0.717804 0.094618 0.087674
0 0.293020 0.804824 0.094618 0.087674
0 0.352078 0.804824 0.094618 0.087674
0 0.399843 0.881490 0.094618 0.087674
0 0.369373 0.979529 0.094618 0.087674
0 0.312824 0.885569 0.094618 0.087674
0 0.493804 0.883373 0.094618 0.087674
0 0.456706 0.972902 0.094618 0.087674
0 0.581137 0.883373 0.094618 0.087674
0 0.539647 0.975098 0.094618 0.087674
0 0.666275 0.894353 0.094618 0.087674
0 0.624784 0.970706 0.094618 0.087674
0 0.749216 0.885569 0.094618 0.087674
0 0.694549 0.970706 0.094618 0.087674
0 0.838431 0.892157 0.094618 0.087674
0 0.790392 0.979529 0.094618 0.087674
0 0.916980 0.887765 0.094618 0.087674
0 0.877725 0.972902 0.094618 0.087674
0 0.986745 0.881490 0.094618 0.087674
0 0.958471 0.979529 0.094618 0.087674
0 0.238353 0.719373 0.094618 0.087674
0 0.196902 0.810157 0.094618 0.087674
0 0.157608 0.716863 0.094618 0.087674
0 0.108275 0.805137 0.094618 0.087674
0 0.075608 0.710588 0.094618 0.087674
0 0.007451 0.720627 0.094618 0.087674
0 0.021255 0.802627 0.094618 0.087674
0 0.007451 0.885882 0.094618 0.087674
0 0.035098 0.961922 0.094618 0.087674
0 0.061804 0.894980 0.094618 0.087674
0 0.096980 0.969451 0.094618 0.087674
0 0.150078 0.889647 0.094618 0.087674
0 0.233333 0.888392 0.094618 0.087674
0 0.196902 0.973216 0.094618 0.087674
0 0.285176 0.975725 0.094618 0.087674