0 0.521631 0.328649 0.074074 0.118056
0 0.400685 0.403222 0.074074 0.118056
0 0.294846 0.275150 0.074074 0.118056
0 0.162023 0.338372 0.074074 0.118056
0 0.255969 0.472933 0.074074 0.118056
0 0.354246 0.599376 0.074074 0.118056
0 0.213854 0.648014 0.074074 0.118056
0 0.113423 0.537771 0.074074 0.118056
0 0.020554 0.395115 0.074074 0.118056
0 0.072385 0.203822 0.074074 0.118056
0 0.216015 0.156813 0.074074 0.118056
0 0.342369 0.083857 0.074074 0.118056
0 0.427677 0.185993 0.074074 0.118056
0 0.559431 0.134111 0.074074 0.118056
0 0.657700 0.242737 0.074074 0.118056
0 0.740854 0.367552 0.074074 0.118056
0 0.616662 0.425912 0.074074 0.118056
0 0.881246 0.294607 0.074074 0.118056
0 0.921200 0.121143 0.074074 0.118056
0 0.778654 0.177887 0.074074 0.118056
0 0.679300 0.062783 0.074074 0.118056
0 0.713854 0.549122 0.074074 0.118056
0 0.843446 0.521559 0.074074 0.118056
0 0.967638 0.446998 0.074074 0.118056
0 0.940638 0.669088 0.074074 0.118056
0 0.803492 0.696640 0.074074 0.118056
0 0.597223 0.665843 0.074074 0.118056
0 0.497877 0.542633 0.074074 0.118056
0 0.466554 0.743661 0.074074 0.118056
0 0.066985 0.730693 0.074074 0.118056
0 0.027892 0.931062 0.074074 0.118056
0 0.171308 0.857298 0.074074 0.118056
0 0.328977 0.777379 0.074074 0.118056
0 0.281892 0.977263 0.074074 0.118056
0 0.429300 0.925058 0.074074 0.118056
0 0.558346 0.863453 0.074074 0.118056
0 0.681246 0.786617 0.074074 0.118056
0 0.769254 0.946455 0.074074 0.118056
0 0.668931 0.974180 0.074074 0.118056
0 0.900354 0.863453 0.074074 0.118056
0 0.118069 0.021120 0.074074 0.118056
0 0.460077 0.021120 0.074074 0.118056