0 0.022178 0.066693 0.218750 0.159722
0 0.013086 0.215182 0.218750 0.159722
0 0.015361 0.340937 0.218750 0.159722
0 0.013086 0.527305 0.218750 0.159722
0 0.107412 0.757604 0.218750 0.159722
0 0.158545 0.657604 0.218750 0.159722
0 0.160820 0.522760 0.218750 0.159722
0 0.175586 0.353060 0.218750 0.159722
0 0.168770 0.206094 0.218750 0.159722
0 0.174453 0.053060 0.218750 0.159722
0 0.365361 0.016693 0.218750 0.159722
0 0.397178 0.092448 0.218750 0.159722
0 0.397178 0.234883 0.218750 0.159722
0 0.314229 0.400026 0.218750 0.159722
0 0.391494 0.546992 0.218750 0.159722
0 0.371045 0.660638 0.218750 0.159722
0 0.148428 0.908216 0.218750 0.159722
0 0.359795 0.975482 0.218750 0.159722
0 0.400703 0.864115 0.218750 0.159722
0 0.690244 0.977305 0.218750 0.159722
0 0.690244 0.879115 0.218750 0.159722
0 0.698428 0.744727 0.218750 0.159722
0 0.698428 0.610326 0.218750 0.159722
0 0.701162 0.453971 0.218750 0.159722
0 0.722979 0.279570 0.218750 0.159722
0 0.701162 0.126992 0.218750 0.159722
0 0.949229 0.980938 0.218750 0.159722
0 0.927412 0.868216 0.218750 0.159722
0 0.932861 0.730182 0.218750 0.159722
0 0.935586 0.577604 0.218750 0.159722
0 0.913770 0.421237 0.218750 0.159722
0 0.891836 0.238359 0.218750 0.159722
0 0.916387 0.069271 0.218750 0.159722