0 0.389390 0.739390 0.124132 0.080729
0 0.293940 0.665150 0.124132 0.080729
0 0.213640 0.603030 0.124132 0.080729
0 0.127270 0.533330 0.124132 0.080729
0 0.234850 0.481820 0.124132 0.080729
0 0.334850 0.434850 0.124132 0.080729
0 0.313640 0.540910 0.124132 0.080729
0 0.415150 0.492420 0.124132 0.080729
0 0.403030 0.601520 0.124132 0.080729
0 0.489390 0.672730 0.124132 0.080729
0 0.595450 0.621210 0.124132 0.080729
0 0.501520 0.545450 0.124132 0.080729
0 0.601520 0.498480 0.124132 0.080729
0 0.521210 0.445450 0.124132 0.080729
0 0.433330 0.389390 0.124132 0.080729
0 0.525760 0.345450 0.124132 0.080729
0 0.613640 0.300000 0.124132 0.080729
0 0.690910 0.351520 0.124132 0.080729
0 0.784850 0.404550 0.124132 0.080729
0 0.874240 0.450000 0.124132 0.080729
0 0.786360 0.510610 0.124132 0.080729
0 0.698480 0.453030 0.124132 0.080729
0 0.610610 0.389390 0.124132 0.080729
0 0.687880 0.557580 0.124132 0.080729