0 0.253562 0.228703 0.056424 0.048611
0 0.302781 0.231750 0.056424 0.048611
0 0.357078 0.240375 0.056424 0.048611
0 0.287562 0.268797 0.056424 0.048611
0 0.234281 0.263203 0.056424 0.048611
0 0.339828 0.273359 0.056424 0.048611
0 0.407828 0.247484 0.056424 0.048611
0 0.395641 0.280469 0.056424 0.048611
0 0.375344 0.320047 0.056424 0.048611
0 0.326641 0.313953 0.056424 0.048611
0 0.268797 0.306844 0.056424 0.048611
0 0.218047 0.300250 0.056424 0.048611
0 0.193687 0.337297 0.056424 0.048611
0 0.252547 0.345406 0.056424 0.048611
0 0.305328 0.353016 0.056424 0.048611
0 0.364188 0.360125 0.056424 0.048611
0 0.424062 0.367734 0.056424 0.048611
0 0.436234 0.329172 0.056424 0.048611
0 0.447406 0.291125 0.056424 0.048611
0 0.461609 0.254578 0.056424 0.048611
0 0.514891 0.262188 0.056424 0.048611
0 0.507281 0.293656 0.056424 0.048611
0 0.493578 0.335266 0.056424 0.048611
0 0.479375 0.376875 0.056424 0.048611
0 0.541781 0.384984 0.056424 0.048611
0 0.555484 0.344391 0.056424 0.048611
0 0.564109 0.302781 0.056424 0.048611
0 0.575781 0.266766 0.056424 0.048611
0 0.172891 0.376875 0.056424 0.048611
0 0.152078 0.423547 0.056424 0.048611
0 0.128750 0.469219 0.056424 0.048611
0 0.105406 0.518953 0.056424 0.048611
0 0.082562 0.567156 0.056424 0.048611
0 0.143969 0.577812 0.056424 0.048611
0 0.167312 0.526047 0.056424 0.048611
0 0.191656 0.478359 0.056424 0.048611
0 0.211953 0.431672 0.056424 0.048611
0 0.233266 0.387016 0.056424 0.048611
0 0.288078 0.393109 0.056424 0.048611
0 0.269297 0.436750 0.056424 0.048611
0 0.250016 0.482422 0.056424 0.048611
0 0.230234 0.534672 0.056424 0.048611
0 0.207391 0.588969 0.056424 0.048611
0 0.269813 0.595062 0.056424 0.048611
0 0.294156 0.547875 0.056424 0.048611
0 0.306344 0.501188 0.056424 0.048611
0 0.326125 0.449437 0.056424 0.048611
0 0.345406 0.403250 0.056424 0.048611
0 0.409859 0.406813 0.056424 0.048611
0 0.392094 0.454000 0.056424 0.048611
0 0.373828 0.502719 0.056424 0.048611
0 0.358609 0.557516 0.056424 0.048611
0 0.343891 0.605203 0.056424 0.048611
0 0.403766 0.618906 0.056424 0.048611
0 0.426094 0.569187 0.056424 0.048611
0 0.438781 0.512359 0.056424 0.048611
0 0.452984 0.466172 0.056424 0.048611
0 0.467703 0.417469 0.056424 0.048611
0 0.534672 0.426094 0.056424 0.048611
0 0.518437 0.472781 0.056424 0.048611
0 0.501703 0.522500 0.056424 0.048611
0 0.484438 0.580344 0.056424 0.048611
0 0.475312 0.633625 0.056424 0.048611
0 0.549906 0.646812 0.056424 0.048611
0 0.559031 0.587453 0.056424 0.048611
0 0.571219 0.532141 0.056424 0.048611
0 0.579328 0.489016 0.056424 0.048611
0 0.591000 0.440812 0.056424 0.048611
0 0.604203 0.394625 0.056424 0.048611
0 0.609266 0.350484 0.056424 0.048611
0 0.620937 0.314969 0.056424 0.048611
0 0.633625 0.273859 0.056424 0.048611
0 0.685891 0.281984 0.056424 0.048611
0 0.685391 0.322062 0.056424 0.048611
0 0.670156 0.364188 0.056424 0.048611
0 0.660516 0.403766 0.056424 0.048611
0 0.650875 0.445375 0.056424 0.048611
0 0.648344 0.492563 0.056424 0.048611
0 0.639203 0.543312 0.056424 0.048611
0 0.629062 0.598609 0.056424 0.048611
0 0.621453 0.653922 0.056424 0.048611
0 0.684375 0.664078 0.056424 0.048611
0 0.699078 0.613328 0.056424 0.048611
0 0.703141 0.559031 0.056424 0.048611
0 0.711266 0.505750 0.056424 0.048611
0 0.718875 0.458063 0.056424 0.048611
0 0.727500 0.413406 0.056424 0.048611
0 0.732578 0.368250 0.056424 0.048611
0 0.908141 0.707203 0.056424 0.048611
0 0.834562 0.695531 0.056424 0.048611
0 0.766062 0.682344 0.056424 0.048611
0 0.766062 0.626516 0.056424 0.048611
0 0.839125 0.638188 0.056424 0.048611
0 0.904078 0.644281 0.056424 0.048611
0 0.909156 0.588969 0.056424 0.048611
0 0.844203 0.578828 0.056424 0.048611
0 0.775703 0.570203 0.056424 0.048611
0 0.779766 0.517938 0.056424 0.048611
0 0.845219 0.530109 0.056424 0.048611
0 0.911187 0.542297 0.056424 0.048611
0 0.910172 0.489516 0.056424 0.048611
0 0.845734 0.481406 0.056424 0.048611
0 0.784328 0.470234 0.056424 0.048611
0 0.785859 0.425078 0.056424 0.048611
0 0.850297 0.434203 0.056424 0.048611
0 0.914734 0.440297 0.056424 0.048611
0 0.913719 0.395641 0.056424 0.048611
0 0.854859 0.384984 0.056424 0.048611
0 0.794984 0.378391 0.056424 0.048611
0 0.737141 0.329172 0.056424 0.048611
0 0.797531 0.336781 0.056424 0.048611
0 0.855875 0.348969 0.056424 0.048611
0 0.910172 0.355563 0.056424 0.048611
0 0.915250 0.315984 0.056424 0.048611
0 0.859422 0.308875 0.056424 0.048611
0 0.800063 0.298734 0.056424 0.048611
0 0.739672 0.291125 0.056424 0.048611