0 0.366423 0.227200 0.087418 0.065104
0 0.456192 0.213571 0.087418 0.065104
0 0.515308 0.243886 0.087418 0.065104
0 0.572423 0.228714 0.087418 0.065104
0 0.668308 0.257514 0.087418 0.065104
0 0.580577 0.287800 0.087418 0.065104
0 0.613231 0.316600 0.087418 0.065104
0 0.674423 0.310543 0.087418 0.065104
0 0.713154 0.336286 0.087418 0.065104
0 0.813115 0.365086 0.087418 0.065104
0 0.802923 0.449943 0.087418 0.065104
0 0.713154 0.384771 0.087418 0.065104
0 0.717231 0.424171 0.087418 0.065104
0 0.670346 0.371143 0.087418 0.065104
0 0.647885 0.427200 0.087418 0.065104
0 0.666269 0.492371 0.087418 0.065104
0 0.772308 0.486286 0.087418 0.065104
0 0.725423 0.536286 0.087418 0.065104
0 0.660154 0.559029 0.087418 0.065104
0 0.607115 0.524171 0.087418 0.065104
0 0.607115 0.568114 0.087418 0.065104
0 0.550000 0.587800 0.087418 0.065104
0 0.541846 0.499943 0.087418 0.065104
0 0.486769 0.568114 0.087418 0.065104
0 0.450077 0.521143 0.087418 0.065104
0 0.392962 0.528714 0.087418 0.065104
0 0.382769 0.578714 0.087418 0.065104
0 0.301154 0.554486 0.087418 0.065104
0 0.274654 0.486286 0.087418 0.065104
0 0.223654 0.519629 0.087418 0.065104
0 0.199192 0.427200 0.087418 0.065104
0 0.213462 0.377200 0.087418 0.065104
0 0.207346 0.295400 0.087418 0.065104
0 0.303192 0.334771 0.087418 0.065104
0 0.288923 0.295400 0.087418 0.065104
0 0.305231 0.281743 0.087418 0.065104
0 0.374577 0.318114 0.087418 0.065104
0 0.390923 0.359029 0.087418 0.065104
0 0.331769 0.387800 0.087418 0.065104
0 0.272615 0.375686 0.087418 0.065104
0 0.254269 0.430229 0.087418 0.065104
0 0.315462 0.437800 0.087418 0.065104
0 0.397038 0.440857 0.087418 0.065104
0 0.348077 0.478714 0.087418 0.065104
0 0.409269 0.484771 0.087418 0.065104
0 0.458231 0.457514 0.087418 0.065104
0 0.445962 0.396914 0.087418 0.065104
0 0.511231 0.386286 0.087418 0.065104
0 0.507154 0.340857 0.087418 0.065104
0 0.519423 0.302971 0.087418 0.065104
0 0.439846 0.293886 0.087418 0.065104
0 0.572423 0.371143 0.087418 0.065104
0 0.547962 0.413571 0.087418 0.065104
0 0.906923 0.665086 0.087418 0.065104
0 0.984423 0.639343 0.087418 0.065104
0 0.788423 0.734486 0.087418 0.065104
0 0.861846 0.732371 0.087418 0.065104
0 0.970577 0.719343 0.087418 0.065104
0 0.976500 0.771600 0.087418 0.065104
0 0.996885 0.834943 0.087418 0.065104
0 0.938154 0.845857 0.087418 0.065104
0 0.847192 0.802200 0.087418 0.065104
0 0.811885 0.876286 0.087418 0.065104
0 0.685654 0.941743 0.087418 0.065104
0 0.471269 0.603571 0.087418 0.065104