0 0.949100 0.216367 0.093750 0.108507
0 0.936367 0.161833 0.093750 0.108507
0 0.883633 0.154533 0.093750 0.108507
0 0.807267 0.223633 0.093750 0.108507
0 0.738167 0.161833 0.093750 0.108507
0 0.643633 0.272733 0.093750 0.108507
0 0.607267 0.218167 0.093750 0.108507
0 0.512733 0.250900 0.093750 0.108507
0 0.540000 0.334533 0.093750 0.108507
0 0.438167 0.287267 0.093750 0.108507
0 0.438167 0.409100 0.093750 0.108507
0 0.327267 0.400000 0.093750 0.108507
0 0.314533 0.541833 0.093750 0.108507
0 0.272733 0.481833 0.093750 0.108507
0 0.225467 0.514533 0.093750 0.108507
0 0.178167 0.607267 0.093750 0.108507
0 0.132733 0.690900 0.093750 0.108507
0 0.121833 0.809100 0.093750 0.108507
0 0.112733 0.910900 0.093750 0.108507
0 0.130900 0.987267 0.093750 0.108507
0 0.212733 0.903633 0.093750 0.108507
0 0.216367 0.990900 0.093750 0.108507
0 0.294533 0.943633 0.093750 0.108507
0 0.303633 0.865467 0.093750 0.108507
0 0.243633 0.805467 0.093750 0.108507
0 0.245467 0.725467 0.093750 0.108507
0 0.270900 0.640000 0.093750 0.108507
0 0.361833 0.665467 0.093750 0.108507
0 0.361833 0.734533 0.093750 0.108507
0 0.300000 0.765467 0.093750 0.108507
0 0.394533 0.843633 0.093750 0.108507
0 0.394533 0.789100 0.093750 0.108507
0 0.443633 0.707267 0.093750 0.108507
0 0.420000 0.601833 0.093750 0.108507
0 0.454533 0.512733 0.093750 0.108507
0 0.369100 0.463633 0.093750 0.108507
0 0.503633 0.436367 0.093750 0.108507
0 0.583633 0.418167 0.093750 0.108507
0 0.670900 0.389100 0.093750 0.108507
0 0.729100 0.356367 0.093750 0.108507
0 0.750900 0.289100 0.093750 0.108507
0 0.881833 0.281833 0.093750 0.108507
0 0.963633 0.314533 0.093750 0.108507
0 0.985467 0.256367 0.093750 0.108507
0 0.909100 0.367267 0.093750 0.108507
0 0.812733 0.349100 0.093750 0.108507
0 0.756367 0.416367 0.093750 0.108507
0 0.840000 0.470900 0.093750 0.108507
0 0.874533 0.416367 0.093750 0.108507
0 0.981833 0.430900 0.093750 0.108507
0 0.938167 0.485467 0.093750 0.108507
0 0.987267 0.578167 0.093750 0.108507
0 0.938167 0.680000 0.093750 0.108507
0 0.878167 0.581833 0.093750 0.108507
0 0.790900 0.581833 0.093750 0.108507
0 0.680000 0.563633 0.093750 0.108507
0 0.670900 0.461833 0.093750 0.108507
0 0.576367 0.509100 0.093750 0.108507
0 0.501833 0.580000 0.093750 0.108507
0 0.574533 0.621833 0.093750 0.108507
0 0.550900 0.707267 0.093750 0.108507
0 0.614533 0.678167 0.093750 0.108507
0 0.661833 0.696367 0.093750 0.108507
0 0.736367 0.658167 0.093750 0.108507
0 0.829100 0.687267 0.093750 0.108507
0 0.903633 0.774533 0.093750 0.108507
0 0.981833 0.881833 0.093750 0.108507
0 0.952733 0.956367 0.093750 0.108507
0 0.883633 0.887267 0.093750 0.108507
0 0.805467 0.823633 0.093750 0.108507
0 0.776367 0.747267 0.093750 0.108507
0 0.698167 0.810900 0.093750 0.108507
0 0.623633 0.774533 0.093750 0.108507
0 0.538167 0.789100 0.093750 0.108507
0 0.461833 0.763633 0.093750 0.108507
0 0.485467 0.881833 0.093750 0.108507
0 0.390900 0.918167 0.093750 0.108507
0 0.445467 0.980000 0.093750 0.108507
0 0.518167 0.981833 0.093750 0.108507
0 0.610900 0.950900 0.093750 0.108507
0 0.698167 0.925467 0.093750 0.108507
0 0.589100 0.850900 0.093750 0.108507
0 0.649100 0.869100 0.093750 0.108507
0 0.740000 0.852733 0.093750 0.108507
0 0.801833 0.909100 0.093750 0.108507
0 0.858167 0.989100 0.093750 0.108507
0 0.767267 0.985467 0.093750 0.108507
0 0.669100 0.992733 0.093750 0.108507
0 0.254533 0.576367 0.093750 0.108507
0 0.487267 0.647267 0.093750 0.108507
0 0.189100 0.741833 0.093750 0.108507