0 0.617015 0.813633 0.097222 0.088542
0 0.776455 0.853033 0.097222 0.088542
0 0.852799 0.695467 0.097222 0.088542
0 0.900261 0.519700 0.097222 0.088542
0 0.717090 0.619700 0.097222 0.088542
0 0.213358 0.874233 0.097222 0.088542
0 0.269328 0.819700 0.097222 0.088542
0 0.301567 0.742433 0.097222 0.088542
0 0.364328 0.689400 0.097222 0.088542
0 0.416903 0.606067 0.097222 0.088542
0 0.491530 0.543933 0.097222 0.088542
0 0.538993 0.465167 0.097222 0.088542
0 0.613619 0.387867 0.097222 0.088542
0 0.683172 0.313633 0.097222 0.088542
0 0.737463 0.237867 0.097222 0.088542
0 0.406716 0.289400 0.097222 0.088542
0 0.264254 0.377267 0.097222 0.088542
0 0.221828 0.516667 0.097222 0.088542
0 0.096343 0.598500 0.097222 0.088542
0 0.062425 0.465167 0.097222 0.088542
0 0.157388 0.369700 0.097222 0.088542
0 0.074291 0.242433 0.097222 0.088542
0 0.181157 0.078800 0.097222 0.088542
0 0.279515 0.200000 0.097222 0.088542
0 0.442351 0.090900 0.097222 0.088542