0 0.454644 0.641011 0.098859 0.141493
0 0.291637 0.455398 0.098859 0.141493
0 0.625937 0.027875 0.098859 0.141493
0 0.019012 0.049186 0.098859 0.141493
0 0.080656 0.038612 0.098859 0.141493
0 0.052106 0.163608 0.098859 0.141493
0 0.017112 0.097952 0.098859 0.141493
0 0.142356 0.153505 0.098859 0.141493
0 0.153406 0.036084 0.098859 0.141493
0 0.212344 0.012091 0.098859 0.141493
0 0.203137 0.113102 0.098859 0.141493
0 0.283256 0.085330 0.098859 0.141493
0 0.239050 0.246941 0.098859 0.141493
0 0.168144 0.249469 0.098859 0.141493
0 0.149725 0.325227 0.098859 0.141493
0 0.053944 0.287344 0.098859 0.141493
0 0.105519 0.244413 0.098859 0.141493
0 0.324700 0.206538 0.098859 0.141493
0 0.414950 0.191388 0.098859 0.141493
0 0.449944 0.068912 0.098859 0.141493
0 0.359694 0.130780 0.098859 0.141493
0 0.373506 0.017147 0.098859 0.141493
0 0.488625 0.244413 0.098859 0.141493
0 0.556775 0.245681 0.098859 0.141493
0 0.508888 0.126992 0.098859 0.141493
0 0.554931 0.027249 0.098859 0.141493
0 0.597294 0.130780 0.098859 0.141493
0 0.621237 0.206538 0.098859 0.141493
0 0.693994 0.080274 0.098859 0.141493
0 0.739119 0.235578 0.098859 0.141493
0 0.670969 0.302502 0.098859 0.141493
0 0.592688 0.331542 0.098859 0.141493
0 0.684781 0.394670 0.098859 0.141493
0 0.031844 0.423710 0.098859 0.141493
0 0.027237 0.575227 0.098859 0.141493
0 0.117487 0.501997 0.098859 0.141493
0 0.203137 0.431285 0.098859 0.141493
0 0.211425 0.551234 0.098859 0.141493
0 0.313650 0.556290 0.098859 0.141493
0 0.387325 0.471688 0.098859 0.141493
0 0.337594 0.419923 0.098859 0.141493
0 0.099075 0.392142 0.098859 0.141493
0 0.017112 0.693916 0.098859 0.141493
0 0.010662 0.831542 0.098859 0.141493
0 0.072362 0.767147 0.098859 0.141493
0 0.155250 0.744413 0.098859 0.141493
0 0.095388 0.649717 0.098859 0.141493
0 0.170906 0.643410 0.098859 0.141493
0 0.270362 0.693916 0.098859 0.141493
0 0.112888 0.892142 0.098859 0.141493
0 0.235369 0.856795 0.098859 0.141493
0 0.344037 0.825227 0.098859 0.141493
0 0.455469 0.875733 0.098859 0.141493
0 0.436131 0.759572 0.098859 0.141493
0 0.346800 0.709066 0.098859 0.141493
0 0.388244 0.628252 0.098859 0.141493
0 0.530069 0.649717 0.098859 0.141493
0 0.477575 0.533556 0.098859 0.141493
0 0.599137 0.743153 0.098859 0.141493
0 0.527306 0.810077 0.098859 0.141493
0 0.577956 0.900985 0.098859 0.141493
0 0.693069 0.885835 0.098859 0.141493
0 0.682019 0.908560 0.098859 0.141493
0 0.756612 0.815124 0.098859 0.141493
0 0.675575 0.786084 0.098859 0.141493
0 0.618475 0.851740 0.098859 0.141493
0 0.826606 0.743153 0.098859 0.141493
0 0.816475 0.878252 0.098859 0.141493
0 0.873575 0.906033 0.098859 0.141493
0 0.943562 0.882039 0.098859 0.141493
0 0.943562 0.740626 0.098859 0.141493
0 0.876337 0.822699 0.098859 0.141493
0 0.743719 0.658560 0.098859 0.141493
0 0.684781 0.523462 0.098859 0.141493
0 0.626763 0.644670 0.098859 0.141493
0 0.682019 0.687601 0.098859 0.141493
0 0.575194 0.503256 0.098859 0.141493
0 0.793450 0.417395 0.098859 0.141493
0 0.806344 0.556290 0.098859 0.141493
0 0.893831 0.461585 0.098859 0.141493
0 0.893831 0.625733 0.098859 0.141493
0 0.950012 0.638355 0.098859 0.141493
0 0.988687 0.658560 0.098859 0.141493
0 0.971194 0.546187 0.098859 0.141493
0 0.814631 0.657292 0.098859 0.141493
0 0.742800 0.528509 0.098859 0.141493
0 0.626763 0.568912 0.098859 0.141493
0 0.635975 0.454010 0.098859 0.141493
0 0.745563 0.385835 0.098859 0.141493
0 0.973956 0.383308 0.098859 0.141493
0 0.969350 0.253256 0.098859 0.141493
0 0.925144 0.292399 0.098859 0.141493
0 0.784244 0.296187 0.098859 0.141493
0 0.856994 0.315124 0.098859 0.141493
0 0.393769 0.321440 0.098859 0.141493
0 0.293387 0.359314 0.098859 0.141493
0 0.500594 0.389623 0.098859 0.141493
0 0.443500 0.466641 0.098859 0.141493
0 0.555850 0.426238 0.098859 0.141493
0 0.875413 0.157292 0.098859 0.141493
0 0.789769 0.152245 0.098859 0.141493
0 0.809106 0.043659 0.098859 0.141493
0 0.737275 0.014619 0.098859 0.141493
0 0.896594 0.072699 0.098859 0.141493
0 0.974875 0.104267 0.098859 0.141493
0 0.946325 0.019666 0.098859 0.141493
0 0.861600 0.009572 0.098859 0.141493
0 0.952775 0.174970 0.098859 0.141493