0 0.397163 0.265150 0.078776 0.106771
0 0.353975 0.356067 0.078776 0.106771
0 0.338062 0.457583 0.078776 0.106771
0 0.375563 0.543933 0.078776 0.106771
0 0.414200 0.628783 0.078776 0.106771
0 0.463062 0.543933 0.078776 0.106771
0 0.425563 0.450000 0.078776 0.106771
0 0.440337 0.351517 0.078776 0.106771
0 0.475562 0.253033 0.078776 0.106771
0 0.553975 0.215150 0.078776 0.106771
0 0.550562 0.304550 0.078776 0.106771
0 0.506250 0.381817 0.078776 0.106771
0 0.515338 0.462117 0.078776 0.106771
0 0.540338 0.560600 0.078776 0.106771
0 0.499438 0.642417 0.078776 0.106771
0 0.596025 0.631817 0.078776 0.106771
0 0.597163 0.493933 0.078776 0.106771
0 0.590337 0.390917 0.078776 0.106771
0 0.626700 0.275750 0.078776 0.106771
0 0.663063 0.359083 0.078776 0.106771
0 0.675563 0.456067 0.078776 0.106771
0 0.661937 0.560600 0.078776 0.106771