0 0.579678 0.238667 0.151389 0.095486
0 0.883389 0.175833 0.151389 0.095486
0 0.397456 0.306736 0.151389 0.095486
0 0.116789 0.749208 0.151389 0.095486
0 0.382789 0.707319 0.151389 0.095486
0 0.470767 0.877500 0.151389 0.095486
0 0.667656 0.707319 0.151389 0.095486
0 0.884433 0.659931 0.151389 0.095486
0 0.875222 0.695278 0.151389 0.095486
0 0.991467 0.844250 0.151389 0.095486
0 0.992511 0.908653 0.151389 0.095486
0 0.982256 0.691347 0.151389 0.095486
0 0.925700 0.860750 0.151389 0.095486
0 0.841922 0.868333 0.151389 0.095486
0 0.754156 0.879597 0.151389 0.095486
0 0.828722 0.935097 0.151389 0.095486
0 0.657178 0.893472 0.151389 0.095486
0 0.604600 0.906042 0.151389 0.095486
0 0.703467 0.955264 0.151389 0.095486
0 0.583867 0.957875 0.151389 0.095486
0 0.473489 0.930917 0.151389 0.095486
0 0.429078 0.970181 0.151389 0.095486
0 0.394522 0.953431 0.151389 0.095486
0 0.317867 0.962847 0.151389 0.095486
0 0.271367 0.974639 0.151389 0.095486