0 0.004040 0.427085 0.091379 0.072049
0 0.116330 0.463701 0.091379 0.072049
0 0.002430 0.550332 0.091379 0.072049
0 0.003640 0.618051 0.091379 0.072049
0 0.090880 0.768142 0.091379 0.072049
0 0.883330 0.311163 0.091379 0.072049
0 0.831220 0.275166 0.091379 0.072049
0 0.777510 0.288595 0.091379 0.072049
0 0.771040 0.311163 0.091379 0.072049
0 0.799720 0.355710 0.091379 0.072049
0 0.727830 0.366692 0.091379 0.072049
0 0.692690 0.406344 0.091379 0.072049
0 0.655530 0.424033 0.091379 0.072049
0 0.723380 0.447221 0.091379 0.072049
0 0.609890 0.354486 0.091379 0.072049
0 0.598980 0.428912 0.091379 0.072049
0 0.587270 0.467961 0.091379 0.072049
0 0.137330 0.518610 0.091379 0.072049
0 0.145410 0.594260 0.091379 0.072049
0 0.212450 0.765695 0.091379 0.072049
0 0.328780 0.728489 0.091379 0.072049
0 0.339680 0.743731 0.091379 0.072049
0 0.409560 0.619879 0.091379 0.072049
0 0.438640 0.520438 0.091379 0.072049
0 0.218510 0.453323 0.091379 0.072049
0 0.416420 0.389260 0.091379 0.072049
0 0.458020 0.455770 0.091379 0.072049
0 0.479830 0.382553 0.091379 0.072049
0 0.329180 0.400242 0.091379 0.072049