0 0.003639 0.791167 0.042824 0.058160
0 0.928861 0.313125 0.042824 0.058160
0 0.962806 0.554958 0.042824 0.058160
0 0.948250 0.558583 0.042824 0.058160
0 0.960389 0.582208 0.042824 0.058160
0 0.953111 0.680375 0.042824 0.058160
0 0.964028 0.709500 0.042824 0.058160
0 0.072722 0.365625 0.042824 0.058160
0 0.307083 0.248958 0.042824 0.058160
0 0.310111 0.208042 0.042824 0.058160
0 0.444444 0.189833 0.042824 0.058160
0 0.459583 0.329250 0.042824 0.058160
0 0.335361 0.368625 0.042824 0.058160
0 0.139389 0.488333 0.042824 0.058160
0 0.059583 0.501958 0.042824 0.058160
0 0.094944 0.536833 0.042824 0.058160
0 0.062639 0.598958 0.042824 0.058160
0 0.015139 0.645917 0.042824 0.058160
0 0.086861 0.650458 0.042824 0.058160
0 0.223222 0.536833 0.042824 0.058160
0 0.105056 0.729250 0.042824 0.058160
0 0.178778 0.686833 0.042824 0.058160
0 0.181806 0.647417 0.042824 0.058160
0 0.245444 0.635292 0.042824 0.058160
0 0.286861 0.626208 0.042824 0.058160
0 0.309083 0.579250 0.042824 0.058160
0 0.363639 0.455000 0.042824 0.058160
0 0.533333 0.335292 0.042824 0.058160
0 0.618194 0.251958 0.042824 0.058160
0 0.393944 0.532292 0.042824 0.058160
0 0.341417 0.465625 0.042824 0.058160
0 0.430306 0.501958 0.042824 0.058160
0 0.462639 0.532292 0.042824 0.058160
0 0.515139 0.492875 0.042824 0.058160
0 0.517167 0.545917 0.042824 0.058160
0 0.555556 0.512583 0.042824 0.058160
0 0.475750 0.589833 0.042824 0.058160
0 0.461611 0.620167 0.042824 0.058160
0 0.445444 0.620167 0.042824 0.058160
0 0.459583 0.711042 0.042824 0.058160
0 0.346472 0.721667 0.042824 0.058160
0 0.370694 0.747417 0.042824 0.058160
0 0.307083 0.726208 0.042824 0.058160
0 0.248472 0.708042 0.042824 0.058160
0 0.242417 0.739833 0.042824 0.058160
0 0.187889 0.774708 0.042824 0.058160
0 0.218194 0.801958 0.042824 0.058160
0 0.277778 0.783792 0.042824 0.058160
0 0.304028 0.788333 0.042824 0.058160
0 0.336361 0.815625 0.042824 0.058160
0 0.250500 0.889833 0.042824 0.058160
0 0.636361 0.826208 0.042824 0.058160
0 0.655556 0.844375 0.042824 0.058160
0 0.650500 0.677708 0.042824 0.058160
0 0.601000 0.636833 0.042824 0.058160
0 0.555556 0.614083 0.042824 0.058160
0 0.661611 0.595917 0.042824 0.058160
0 0.702028 0.556500 0.042824 0.058160
0 0.673750 0.505000 0.042824 0.058160
0 0.613139 0.473167 0.042824 0.058160
0 0.553528 0.405000 0.042824 0.058160
0 0.648472 0.473167 0.042824 0.058160
0 0.652528 0.442875 0.042824 0.058160
0 0.713139 0.377708 0.042824 0.058160
0 0.723222 0.512583 0.042824 0.058160
0 0.776778 0.491375 0.042824 0.058160
0 0.796972 0.462583 0.042824 0.058160
0 0.714139 0.595917 0.042824 0.058160
0 0.757583 0.573167 0.042824 0.058160
0 0.770694 0.594375 0.042824 0.058160
0 0.725250 0.670167 0.042824 0.058160
0 0.771722 0.647417 0.042824 0.058160
0 0.440000 0.929083 0.042824 0.058160
0 0.630611 0.970458 0.042824 0.058160
0 0.831306 0.704375 0.042824 0.058160
0 0.831306 0.767583 0.042824 0.058160
0 0.591306 0.811208 0.042824 0.058160
0 0.847278 0.643167 0.042824 0.058160
0 0.863444 0.620458 0.042824 0.058160
0 0.860417 0.540167 0.042824 0.058160
0 0.878583 0.549250 0.042824 0.058160
0 0.880611 0.473500 0.042824 0.058160
0 0.900917 0.655000 0.042824 0.058160