0 0.819399 0.081703 0.019485 0.027778
0 0.794193 0.133969 0.019485 0.027778
0 0.760463 0.237469 0.019485 0.027778
0 0.672265 0.193844 0.019485 0.027778
0 0.693392 0.263359 0.019485 0.027778
0 0.432053 0.224281 0.019485 0.027778
0 0.545457 0.197891 0.019485 0.027778
0 0.627547 0.317641 0.019485 0.027778
0 0.580401 0.324250 0.019485 0.027778
0 0.501552 0.267406 0.019485 0.027778
0 0.466195 0.336422 0.019485 0.027778
0 0.408073 0.405438 0.019485 0.027778
0 0.389374 0.332875 0.019485 0.027778
0 0.432866 0.476469 0.019485 0.027778