0 0.054700 0.486395 0.112074 0.099826
0 0.255414 0.606094 0.112074 0.099826
0 0.255414 0.787918 0.112074 0.099826
0 0.543900 0.721245 0.112074 0.099826
0 0.661900 0.781867 0.112074 0.099826
0 0.757729 0.748519 0.112074 0.099826
0 0.729486 0.710644 0.112074 0.099826
0 0.874729 0.695494 0.112074 0.099826
0 0.179771 0.157618 0.112074 0.099826
0 0.337114 0.131867 0.112074 0.099826
0 0.540471 0.223069 0.112074 0.099826
0 0.535929 0.252618 0.112074 0.099826
0 0.469657 0.237017 0.112074 0.099826
0 0.521000 0.344270 0.112074 0.099826
0 0.577286 0.462918 0.112074 0.099826
0 0.747943 0.447768 0.112074 0.099826
0 0.771443 0.490794 0.112074 0.099826
0 0.507486 0.503369 0.112074 0.099826
0 0.559629 0.603069 0.112074 0.099826
0 0.491543 0.604442 0.112074 0.099826
0 0.454529 0.595494 0.112074 0.099826
0 0.378871 0.550043 0.112074 0.099826