0 0.749183 0.167989 0.050268 0.074653
0 0.743320 0.203754 0.050268 0.074653
0 0.773473 0.208225 0.050268 0.074653
0 0.749183 0.251441 0.050268 0.074653
0 0.781010 0.270814 0.050268 0.074653
0 0.811998 0.252931 0.050268 0.074653
0 0.818698 0.202264 0.050268 0.074653
0 0.789385 0.165009 0.050268 0.074653
0 0.766773 0.135205 0.050268 0.074653
0 0.796922 0.123283 0.050268 0.074653
0 0.830423 0.165009 0.050268 0.074653
0 0.856385 0.209715 0.050268 0.074653
0 0.888213 0.233559 0.050268 0.074653
0 0.851360 0.251441 0.050268 0.074653
0 0.842148 0.297642 0.050268 0.074653
0 0.819535 0.331917 0.050268 0.074653
0 0.791060 0.345329 0.050268 0.074653
0 0.833773 0.400467 0.050268 0.074653
0 0.784360 0.436232 0.050268 0.074653
0 0.826235 0.480943 0.050268 0.074653
0 0.820372 0.546512 0.050268 0.074653
0 0.834610 0.601650 0.050268 0.074653
0 0.823723 0.783461 0.050268 0.074653
0 0.884025 0.771539 0.050268 0.074653
0 0.884025 0.691068 0.050268 0.074653
0 0.875650 0.591219 0.050268 0.074653
0 0.862248 0.527140 0.050268 0.074653
0 0.875650 0.460076 0.050268 0.074653
0 0.882350 0.404938 0.050268 0.074653
0 0.897425 0.367682 0.050268 0.074653
0 0.859735 0.330427 0.050268 0.074653
0 0.882350 0.290191 0.050268 0.074653
0 0.927575 0.415369 0.050268 0.074653
0 0.917525 0.460076 0.050268 0.074653
0 0.915013 0.522669 0.050268 0.074653
0 0.920038 0.589729 0.050268 0.074653
0 0.955213 0.641886 0.050268 0.074653
0 0.976990 0.798363 0.050268 0.074653
0 0.995415 0.662754 0.050268 0.074653
0 0.971128 0.582278 0.050268 0.074653
0 0.977828 0.533101 0.050268 0.074653
0 0.969452 0.482433 0.050268 0.074653
0 0.963590 0.430271 0.050268 0.074653
0 0.077968 0.363385 0.050268 0.074653
0 0.115655 0.384497 0.050268 0.074653
0 0.166605 0.374564 0.050268 0.074653
0 0.140083 0.326130 0.050268 0.074653
0 0.139385 0.267762 0.050268 0.074653
0 0.128915 0.225538 0.050268 0.074653
0 0.174980 0.236713 0.050268 0.074653
0 0.177072 0.179586 0.050268 0.074653
0 0.211273 0.259066 0.050268 0.074653
0 0.190333 0.323643 0.050268 0.074653
0 0.214063 0.364626 0.050268 0.074653
0 0.234303 0.300049 0.050268 0.074653
0 0.258033 0.247891 0.050268 0.074653
0 0.292233 0.214359 0.050268 0.074653
0 0.267107 0.172135 0.050268 0.074653
0 0.299212 0.142331 0.050268 0.074653
0 0.333410 0.144813 0.050268 0.074653
0 0.354348 0.180827 0.050268 0.074653
0 0.394130 0.159720 0.050268 0.074653
0 0.402505 0.201940 0.050268 0.074653
0 0.373192 0.232989 0.050268 0.074653
0 0.335505 0.221810 0.050268 0.074653
0 0.322243 0.275214 0.050268 0.074653
0 0.281065 0.297567 0.050268 0.074653
0 0.302003 0.251615 0.050268 0.074653
0 0.350858 0.275214 0.050268 0.074653
0 0.349463 0.327371 0.050268 0.074653
0 0.390640 0.270245 0.050268 0.074653
0 0.402505 0.324889 0.050268 0.074653
0 0.375985 0.367113 0.050268 0.074653
0 0.328525 0.375805 0.050268 0.074653
0 0.274085 0.344755 0.050268 0.074653
0 0.274783 0.409333 0.050268 0.074653
0 0.229417 0.434173 0.050268 0.074653
0 0.181958 0.432931 0.050268 0.074653
0 0.112863 0.507442 0.050268 0.074653
0 0.077965 0.462736 0.050268 0.074653
0 0.059820 0.578230 0.050268 0.074653
0 0.049350 0.701174 0.050268 0.074653
0 0.103790 0.629146 0.050268 0.074653
0 0.117748 0.718563 0.050268 0.074653
0 0.186145 0.691241 0.050268 0.074653
0 0.164510 0.625423 0.050268 0.074653
0 0.156833 0.517380 0.050268 0.074653
0 0.210573 0.534764 0.050268 0.074653
0 0.237793 0.619213 0.050268 0.074653
0 0.271295 0.553394 0.050268 0.074653
0 0.281065 0.475156 0.050268 0.074653
0 0.307588 0.425480 0.050268 0.074653
0 0.346670 0.461495 0.050268 0.074653
0 0.355045 0.411819 0.050268 0.074653
0 0.352953 0.528554 0.050268 0.074653
0 0.290137 0.639084 0.050268 0.074653
0 0.349463 0.632874 0.050268 0.074653
0 0.404600 0.598101 0.050268 0.074653
0 0.410183 0.477638 0.050268 0.074653
0 0.403203 0.390707 0.050268 0.074653
0 0.431820 0.352206 0.050268 0.074653
0 0.438798 0.300049 0.050268 0.074653
0 0.419955 0.244164 0.050268 0.074653
0 0.444383 0.208149 0.050268 0.074653
0 0.459735 0.148541 0.050268 0.074653
0 0.477185 0.193247 0.050268 0.074653
0 0.498123 0.162202 0.050268 0.074653
0 0.452060 0.245409 0.050268 0.074653
0 0.484863 0.283906 0.050268 0.074653
0 0.492540 0.249133 0.050268 0.074653
0 0.503008 0.216846 0.050268 0.074653
0 0.474393 0.333581 0.050268 0.074653
0 0.473695 0.380770 0.050268 0.074653
0 0.454152 0.419270 0.050268 0.074653
0 0.494633 0.466459 0.050268 0.074653
0 0.470205 0.531036 0.050268 0.074653
0 0.491840 0.590649 0.050268 0.074653
0 0.521155 0.522344 0.050268 0.074653
0 0.550467 0.475156 0.050268 0.074653
0 0.528133 0.414302 0.050268 0.074653
0 0.515570 0.368354 0.050268 0.074653
0 0.511382 0.316192 0.050268 0.074653
0 0.519060 0.270245 0.050268 0.074653
0 0.533020 0.229262 0.050268 0.074653
0 0.534415 0.198216 0.050268 0.074653
0 0.526040 0.154751 0.050268 0.074653
0 0.563030 0.137362 0.050268 0.074653
0 0.568615 0.164684 0.050268 0.074653
0 0.567915 0.208149 0.050268 0.074653
0 0.562333 0.254101 0.050268 0.074653
0 0.552563 0.309987 0.050268 0.074653
0 0.561635 0.367113 0.050268 0.074653
0 0.570708 0.424239 0.050268 0.074653
0 0.597928 0.485089 0.050268 0.074653
0 0.577688 0.545943 0.050268 0.074653
0 0.544185 0.596859 0.050268 0.074653
0 0.529530 0.686272 0.050268 0.074653
0 0.490445 0.672611 0.050268 0.074653
0 0.603510 0.651499 0.050268 0.074653
0 0.597928 0.729738 0.050268 0.074653
0 0.620260 0.580712 0.050268 0.074653
0 0.616773 0.439141 0.050268 0.074653
0 0.613980 0.379528 0.050268 0.074653
0 0.593043 0.329853 0.050268 0.074653
0 0.632825 0.337304 0.050268 0.074653
0 0.603510 0.291357 0.050268 0.074653
0 0.599323 0.237954 0.050268 0.074653
0 0.602115 0.198216 0.050268 0.074653
0 0.607000 0.151023 0.050268 0.074653
0 0.271295 0.730979 0.050268 0.074653
0 0.359933 0.730979 0.050268 0.074653
0 0.437402 0.730979 0.050268 0.074653
0 0.496030 0.749609 0.050268 0.074653
0 0.199685 0.773203 0.050268 0.074653
0 0.239608 0.850449 0.050268 0.074653
0 0.342065 0.828839 0.050268 0.074653
0 0.602603 0.831944 0.050268 0.074653
0 0.646015 0.868955 0.050268 0.074653
0 0.673793 0.748492 0.050268 0.074653
0 0.736328 0.714462 0.050268 0.074653
0 0.666883 0.646535 0.050268 0.074653
0 0.717205 0.627905 0.050268 0.074653
0 0.675538 0.559973 0.050268 0.074653
0 0.644270 0.495022 0.050268 0.074653
0 0.675538 0.439511 0.050268 0.074653
0 0.665068 0.376797 0.050268 0.074653
0 0.675118 0.323149 0.050268 0.074653
0 0.633870 0.271237 0.050268 0.074653
0 0.672048 0.249755 0.050268 0.074653
0 0.643920 0.212251 0.050268 0.074653
0 0.669048 0.208648 0.050268 0.074653
0 0.661998 0.147794 0.050268 0.074653
0 0.644968 0.115632 0.050268 0.074653
0 0.676095 0.106690 0.050268 0.074653
0 0.695220 0.135378 0.050268 0.074653
0 0.729348 0.135378 0.050268 0.074653
0 0.709248 0.088808 0.050268 0.074653
0 0.697173 0.169279 0.050268 0.074653
0 0.704222 0.199706 0.050268 0.074653
0 0.727325 0.260556 0.050268 0.074653
0 0.734372 0.335569 0.050268 0.074653
0 0.769550 0.371335 0.050268 0.074653
0 0.716298 0.392816 0.050268 0.074653
0 0.745470 0.451806 0.050268 0.074653
0 0.705270 0.491174 0.050268 0.074653
0 0.727325 0.557367 0.050268 0.074653
0 0.777575 0.557367 0.050268 0.074653
0 0.778622 0.500116 0.050268 0.074653
0 0.781623 0.650383 0.050268 0.074653
0 0.831455 0.693230 0.050268 0.074653