0 0.150485 0.164085 0.051982 0.077257
0 0.185928 0.186901 0.051982 0.077257
0 0.227300 0.193014 0.051982 0.077257
0 0.186603 0.225465 0.051982 0.077257
0 0.153755 0.208817 0.051982 0.077257
0 0.147848 0.249155 0.051982 0.077257
0 0.178059 0.284225 0.051982 0.077257
0 0.219430 0.238620 0.051982 0.077257
0 0.255549 0.276310 0.051982 0.077257
0 0.222046 0.313155 0.051982 0.077257
0 0.180021 0.342085 0.051982 0.077257
0 0.136688 0.319296 0.051982 0.077257
0 0.116983 0.371887 0.051982 0.077257
0 0.156392 0.403465 0.051982 0.077257
0 0.193819 0.420986 0.051982 0.077257
0 0.203671 0.382423 0.051982 0.077257
0 0.164916 0.447296 0.051982 0.077257
0 0.122236 0.439408 0.051982 0.077257
0 0.109114 0.527099 0.051982 0.077257
0 0.112384 0.486761 0.051982 0.077257
0 0.162954 0.512197 0.051982 0.077257
0 0.220738 0.466592 0.051982 0.077257
0 0.211540 0.530592 0.051982 0.077257
0 0.265401 0.536732 0.051982 0.077257
0 0.298882 0.470113 0.051982 0.077257
0 0.264093 0.475352 0.051982 0.077257
0 0.262764 0.422761 0.051982 0.077257
0 0.287068 0.385915 0.051982 0.077257
0 0.243059 0.356113 0.051982 0.077257
0 0.289030 0.345606 0.051982 0.077257
0 0.266709 0.315775 0.051982 0.077257
0 0.304789 0.300873 0.051982 0.077257
0 0.298228 0.259662 0.051982 0.077257
0 0.258840 0.230732 0.051982 0.077257
0 0.277869 0.188648 0.051982 0.077257
0 0.319895 0.184254 0.051982 0.077257
0 0.363249 0.234225 0.051982 0.077257
0 0.331076 0.259662 0.051982 0.077257
0 0.352743 0.282451 0.051982 0.077257
0 0.342890 0.321042 0.051982 0.077257
0 0.364557 0.373662 0.051982 0.077257
0 0.319241 0.357859 0.051982 0.077257
0 0.329747 0.417493 0.051982 0.077257
0 0.307426 0.441155 0.051982 0.077257
0 0.237806 0.413972 0.051982 0.077257
0 0.096624 0.582338 0.051982 0.077257
0 0.151139 0.594620 0.051982 0.077257
0 0.081519 0.627944 0.051982 0.077257
0 0.106477 0.675268 0.051982 0.077257
0 0.057215 0.736648 0.051982 0.077257
0 0.071013 0.694563 0.051982 0.077257
0 0.180675 0.711239 0.051982 0.077257
0 0.134705 0.727014 0.051982 0.077257
0 0.100570 0.751549 0.051982 0.077257
0 0.055253 0.842761 0.051982 0.077257
0 0.084156 0.797155 0.051982 0.077257
0 0.111730 0.849775 0.051982 0.077257
0 0.132743 0.790141 0.051982 0.077257
0 0.182658 0.834873 0.051982 0.077257
0 0.187911 0.766479 0.051982 0.077257
0 0.227300 0.776113 0.051982 0.077257
0 0.237152 0.839239 0.051982 0.077257
0 0.273270 0.745437 0.051982 0.077257
0 0.243734 0.712986 0.051982 0.077257
0 0.214177 0.690197 0.051982 0.077257
0 0.188565 0.645465 0.051982 0.077257
0 0.143903 0.657746 0.051982 0.077257
0 0.240443 0.644592 0.051982 0.077257
0 0.239135 0.588479 0.051982 0.077257
0 0.282468 0.841887 0.051982 0.077257
0 0.347489 0.850648 0.051982 0.077257
0 0.328439 0.780507 0.051982 0.077257
0 0.393460 0.796282 0.051982 0.077257
0 0.375063 0.719127 0.051982 0.077257
0 0.340253 0.699831 0.051982 0.077257
0 0.298228 0.700704 0.051982 0.077257
0 0.298882 0.630563 0.051982 0.077257
0 0.358650 0.640197 0.051982 0.077257
0 0.298882 0.577070 0.051982 0.077257
0 0.321878 0.527972 0.051982 0.077257
0 0.360612 0.566563 0.051982 0.077257
0 0.344198 0.471859 0.051982 0.077257
0 0.392131 0.501662 0.051982 0.077257
0 0.416435 0.559549 0.051982 0.077257
0 0.419726 0.626169 0.051982 0.077257
0 0.465021 0.824338 0.051982 0.077257
0 0.447300 0.768225 0.051982 0.077257
0 0.431540 0.688423 0.051982 0.077257
0 0.411181 0.850648 0.051982 0.077257
0 0.510338 0.808563 0.051982 0.077257
0 0.498523 0.727014 0.051982 0.077257
0 0.469620 0.647211 0.051982 0.077257
0 0.524135 0.652479 0.051982 0.077257
0 0.574051 0.722620 0.051982 0.077257
0 0.560907 0.838366 0.051982 0.077257
0 0.562215 0.784873 0.051982 0.077257
0 0.626582 0.823465 0.051982 0.077257
0 0.625928 0.770845 0.051982 0.077257
0 0.663354 0.728761 0.051982 0.077257
0 0.689620 0.824338 0.051982 0.077257
0 0.605570 0.720000 0.051982 0.077257
0 0.739536 0.769099 0.051982 0.077257
0 0.767764 0.841887 0.051982 0.077257
0 0.697511 0.767352 0.051982 0.077257
0 0.703418 0.717352 0.051982 0.077257
0 0.702764 0.639324 0.051982 0.077257
0 0.593080 0.661239 0.051982 0.077257
0 0.566814 0.638451 0.051982 0.077257
0 0.899114 0.785746 0.051982 0.077257
0 0.811772 0.792761 0.051982 0.077257
0 0.874810 0.845380 0.051982 0.077257
0 0.828840 0.852394 0.051982 0.077257
0 0.939810 0.822592 0.051982 0.077257
0 0.935232 0.738423 0.051982 0.077257
0 0.876118 0.705099 0.051982 0.077257
0 0.831456 0.719127 0.051982 0.077257
0 0.783523 0.720873 0.051982 0.077257
0 0.805190 0.659493 0.051982 0.077257
0 0.853143 0.647211 0.051982 0.077257
0 0.915527 0.622676 0.051982 0.077257
0 0.924051 0.683183 0.051982 0.077257
0 0.843945 0.765577 0.051982 0.077257
0 0.738207 0.670028 0.051982 0.077257
0 0.758565 0.618282 0.051982 0.077257
0 0.798629 0.555155 0.051982 0.077257
0 0.819641 0.613887 0.051982 0.077257
0 0.853143 0.591099 0.051982 0.077257
0 0.868249 0.537606 0.051982 0.077257
0 0.908966 0.556028 0.051982 0.077257
0 0.522173 0.596366 0.051982 0.077257
0 0.479473 0.578817 0.051982 0.077257
0 0.465696 0.507803 0.051982 0.077257
0 0.524135 0.533239 0.051982 0.077257
0 0.570105 0.580592 0.051982 0.077257
0 0.600316 0.590225 0.051982 0.077257
0 0.637743 0.612141 0.051982 0.077257
0 0.415781 0.442056 0.051982 0.077257
0 0.372447 0.421887 0.051982 0.077257
0 0.466350 0.457831 0.051982 0.077257
0 0.513629 0.466592 0.051982 0.077257
0 0.568797 0.490282 0.051982 0.077257
0 0.431540 0.499915 0.051982 0.077257
0 0.641688 0.538507 0.051982 0.077257
0 0.576013 0.543746 0.051982 0.077257
0 0.606224 0.543746 0.051982 0.077257
0 0.612131 0.467465 0.051982 0.077257
0 0.673207 0.478000 0.051982 0.077257
0 0.679114 0.542000 0.051982 0.077257
0 0.722447 0.555155 0.051982 0.077257
0 0.759895 0.542000 0.051982 0.077257
0 0.767764 0.495521 0.051982 0.077257
0 0.726392 0.458704 0.051982 0.077257
0 0.722447 0.510423 0.051982 0.077257
0 0.780907 0.436789 0.051982 0.077257
0 0.824241 0.486761 0.051982 0.077257
0 0.884008 0.481493 0.051982 0.077257
0 0.861013 0.392056 0.051982 0.077257
0 0.886624 0.446423 0.051982 0.077257
0 0.830148 0.444676 0.051982 0.077257
0 0.820949 0.413972 0.051982 0.077257
0 0.865612 0.330676 0.051982 0.077257
0 0.820949 0.356986 0.051982 0.077257
0 0.787468 0.387690 0.051982 0.077257
0 0.755949 0.392056 0.051982 0.077257
0 0.698819 0.413972 0.051982 0.077257
0 0.653502 0.379775 0.051982 0.077257
0 0.669916 0.354366 0.051982 0.077257
0 0.619346 0.332451 0.051982 0.077257
0 0.594409 0.402592 0.051982 0.077257
0 0.637743 0.432394 0.051982 0.077257
0 0.577321 0.446423 0.051982 0.077257
0 0.390169 0.324535 0.051982 0.077257
0 0.387532 0.266676 0.051982 0.077257
0 0.421688 0.371014 0.051982 0.077257
0 0.425633 0.321042 0.051982 0.077257
0 0.430886 0.263183 0.051982 0.077257
0 0.463059 0.327183 0.051982 0.077257
0 0.459768 0.373662 0.051982 0.077257
0 0.503122 0.358732 0.051982 0.077257
0 0.527426 0.409606 0.051982 0.077257
0 0.485380 0.408732 0.051982 0.077257
0 0.454515 0.420986 0.051982 0.077257
0 0.555000 0.370141 0.051982 0.077257
0 0.547785 0.335944 0.051982 0.077257
0 0.514283 0.307887 0.051982 0.077257
0 0.507068 0.260535 0.051982 0.077257
0 0.468966 0.264930 0.051982 0.077257
0 0.535949 0.262282 0.051982 0.077257
0 0.563544 0.296479 0.051982 0.077257
0 0.600970 0.285972 0.051982 0.077257
0 0.594409 0.350845 0.051982 0.077257
0 0.369810 0.186000 0.051982 0.077257
0 0.398059 0.211437 0.051982 0.077257
0 0.390823 0.157070 0.051982 0.077257
0 0.426287 0.163211 0.051982 0.077257
0 0.445992 0.214958 0.051982 0.077257
0 0.473565 0.169352 0.051982 0.077257
0 0.497215 0.219324 0.051982 0.077257
0 0.520844 0.171099 0.051982 0.077257
0 0.547785 0.210563 0.051982 0.077257
0 0.562215 0.162338 0.051982 0.077257
0 0.611477 0.173746 0.051982 0.077257
0 0.596371 0.240366 0.051982 0.077257
0 0.560907 0.262282 0.051982 0.077257
0 0.778924 0.335944 0.051982 0.077257
0 0.744135 0.361380 0.051982 0.077257
0 0.711287 0.343831 0.051982 0.077257
0 0.718523 0.392930 0.051982 0.077257
0 0.681076 0.318423 0.051982 0.077257
0 0.740190 0.319296 0.051982 0.077257
0 0.726392 0.264056 0.051982 0.077257
0 0.664008 0.271944 0.051982 0.077257
0 0.644958 0.228986 0.051982 0.077257
0 0.690928 0.220197 0.051982 0.077257
0 0.669916 0.178113 0.051982 0.077257
0 0.736899 0.219324 0.051982 0.077257
0 0.719831 0.175493 0.051982 0.077257
0 0.760549 0.176366 0.051982 0.077257
0 0.793376 0.171972 0.051982 0.077257
0 0.834093 0.172845 0.051982 0.077257
0 0.850506 0.220197 0.051982 0.077257
0 0.796013 0.206169 0.051982 0.077257
0 0.799283 0.268423 0.051982 0.077257
0 0.765802 0.257915 0.051982 0.077257
0 0.858397 0.269296 0.051982 0.077257
0 0.818987 0.316648 0.051982 0.077257
0 0.761203 0.304394 0.051982 0.077257
0 0.687658 0.253521 0.051982 0.077257
0 0.718713 0.857408 0.051982 0.077257
0 0.522363 0.847746 0.051982 0.077257
0 0.780169 0.770507 0.051982 0.077257
0 0.622637 0.379521 0.051982 0.077257
0 0.264684 0.794169 0.051982 0.077257