0 0.191342 0.960394 0.025215 0.079861
0 0.212592 0.858989 0.025215 0.079861
0 0.263838 0.796384 0.025215 0.079861
0 0.248837 0.749653 0.025215 0.079861
0 0.165096 0.671176 0.025215 0.079861
0 0.365704 0.723198 0.025215 0.079861
0 0.448821 0.817549 0.025215 0.079861
0 0.508192 0.826367 0.025215 0.079861
0 0.518192 0.781393 0.025215 0.079861
0 0.481321 0.706443 0.025215 0.079861
0 0.625058 0.861634 0.025215 0.079861
0 0.592562 0.813139 0.025215 0.079861
0 0.608808 0.788448 0.025215 0.079861
0 0.613183 0.734662 0.025215 0.079861
0 0.656304 0.741717 0.025215 0.079861
0 0.684429 0.775220 0.025215 0.079861
0 0.439446 0.615626 0.025215 0.079861
0 0.423200 0.547725 0.025215 0.079861
0 0.415700 0.514221 0.025215 0.079861
0 0.340079 0.471017 0.025215 0.079861
0 0.408200 0.446326 0.025215 0.079861
0 0.454446 0.485121 0.025215 0.079861
0 0.479446 0.571534 0.025215 0.079861
0 0.507567 0.622675 0.025215 0.079861
0 0.520692 0.641193 0.025215 0.079861
0 0.550687 0.702916 0.025215 0.079861
0 0.750675 0.777866 0.025215 0.079861
0 0.668179 0.712616 0.025215 0.079861
0 0.693804 0.683521 0.025215 0.079861
0 0.605683 0.672058 0.025215 0.079861
0 0.602558 0.635021 0.025215 0.079861
0 0.570063 0.611217 0.025215 0.079861
0 0.510692 0.546843 0.025215 0.079861
0 0.477571 0.497466 0.025215 0.079861
0 0.516317 0.496584 0.025215 0.079861
0 0.566312 0.560071 0.025215 0.079861
0 0.574438 0.507166 0.025215 0.079861
0 0.580063 0.583880 0.025215 0.079861
0 0.610683 0.584762 0.025215 0.079861
0 0.668179 0.605926 0.025215 0.079861
0 0.686929 0.647366 0.025215 0.079861
0 0.755046 0.665003 0.025215 0.079861
0 0.770046 0.612981 0.025215 0.079861
0 0.727550 0.595344 0.025215 0.079861
0 0.680054 0.568889 0.025215 0.079861
0 0.696304 0.517748 0.025215 0.079861
0 0.666929 0.489530 0.025215 0.079861
0 0.620058 0.498348 0.025215 0.079861
0 0.811292 0.681758 0.025215 0.079861
0 0.875038 0.573298 0.025215 0.079861
0 0.840042 0.604162 0.025215 0.079861
0 0.902538 0.503639 0.025215 0.079861
0 0.846917 0.478948 0.025215 0.079861
0 0.805042 0.501875 0.025215 0.079861
0 0.782546 0.438389 0.025215 0.079861
0 0.830667 0.414580 0.025215 0.079861
0 0.765671 0.400470 0.025215 0.079861
0 0.492567 0.426925 0.025215 0.079861
0 0.470071 0.391658 0.025215 0.079861
0 0.444446 0.357266 0.025215 0.079861
0 0.513817 0.457790 0.025215 0.079861
0 0.531317 0.459553 0.025215 0.079861
0 0.571938 0.463081 0.025215 0.079861
0 0.585063 0.439271 0.025215 0.079861
0 0.525067 0.372257 0.025215 0.079861
0 0.570688 0.348448 0.025215 0.079861
0 0.620058 0.407525 0.025215 0.079861
0 0.641308 0.441917 0.025215 0.079861
0 0.690054 0.425162 0.025215 0.079861
0 0.698804 0.369612 0.025215 0.079861
0 0.673804 0.382840 0.025215 0.079861
0 0.812542 0.344039 0.025215 0.079861
0 0.658804 0.335220 0.025215 0.079861
0 0.701300 0.301717 0.025215 0.079861
0 0.550687 0.278789 0.025215 0.079861
0 0.571938 0.234703 0.025215 0.079861
0 0.601308 0.213539 0.025215 0.079861
0 0.543813 0.203839 0.025215 0.079861
0 0.557563 0.198548 0.025215 0.079861
0 0.586938 0.170335 0.025215 0.079861
0 0.510067 0.227648 0.025215 0.079861
0 0.489446 0.222357 0.025215 0.079861
0 0.473196 0.180029 0.025215 0.079861
0 0.531317 0.149171 0.025215 0.079861
0 0.522567 0.184439 0.025215 0.079861
0 0.563813 0.128007 0.025215 0.079861
0 0.576313 0.087449 0.025215 0.079861
0 0.527567 0.062757 0.025215 0.079861
0 0.828792 0.531858 0.025215 0.079861