0 0.140975 0.343479 0.208005 0.289931
0 0.248869 0.292975 0.208005 0.289931
0 0.309981 0.406612 0.208005 0.289931
0 0.227500 0.500909 0.208005 0.289931
0 0.329081 0.539190 0.208005 0.289931
0 0.392100 0.501306 0.208005 0.289931
0 0.424569 0.589694 0.208005 0.289931
0 0.477081 0.500050 0.208005 0.289931
0 0.529600 0.612421 0.208005 0.289931
0 0.560156 0.493736 0.208005 0.289931
0 0.628906 0.564438 0.208005 0.289931
0 0.658506 0.429339 0.208005 0.289931
0 0.697656 0.563174 0.208005 0.289931
0 0.719619 0.353579 0.208005 0.289931
0 0.758769 0.243736 0.208005 0.289931
0 0.844706 0.479843 0.208005 0.289931