0 0.028710 0.915813 0.073803 0.061632
0 0.174642 0.819375 0.073803 0.061632
0 0.377257 0.765792 0.073803 0.061632
0 0.449613 0.913667 0.073803 0.061632
0 0.699261 0.887958 0.073803 0.061632
0 0.950117 0.800083 0.073803 0.061632
0 0.679965 0.669354 0.073803 0.061632
0 0.825897 0.495750 0.073803 0.061632
0 0.936858 0.459313 0.073803 0.061632
0 0.953740 0.407875 0.073803 0.061632
0 0.696975 0.510104 0.073803 0.061632
0 0.610141 0.546542 0.073803 0.061632
0 0.631852 0.452229 0.073803 0.061632
0 0.605322 0.471521 0.073803 0.061632
0 0.583611 0.445813 0.073803 0.061632
0 0.584818 0.368646 0.073803 0.061632
0 0.608933 0.173625 0.073803 0.061632
0 0.579988 0.184333 0.073803 0.061632
0 0.736776 0.278646 0.073803 0.061632
0 0.783810 0.207917 0.073803 0.061632
0 0.813962 0.240063 0.073803 0.061632
0 0.687327 0.405083 0.073803 0.061632
0 0.694080 0.484604 0.073803 0.061632
0 0.435510 0.540958 0.073803 0.061632
0 0.435510 0.669563 0.073803 0.061632
0 0.381958 0.661854 0.073803 0.061632
0 0.497737 0.430375 0.073803 0.061632
0 0.476026 0.366083 0.073803 0.061632
0 0.415252 0.438083 0.073803 0.061632
0 0.361700 0.355792 0.073803 0.061632
0 0.344338 0.291500 0.073803 0.061632
0 0.315393 0.296646 0.073803 0.061632
0 0.442743 0.250354 0.073803 0.061632
0 0.449977 0.214333 0.073803 0.061632
0 0.239168 0.577833 0.073803 0.061632
0 0.193341 0.483521 0.073803 0.061632
0 0.171630 0.425667 0.073803 0.061632
0 0.168007 0.408521 0.073803 0.061632
0 0.172837 0.382792 0.073803 0.061632
0 0.181278 0.288500 0.073803 0.061632
0 0.196952 0.222063 0.073803 0.061632
0 0.104091 0.254208 0.073803 0.061632
0 0.083587 0.271354 0.073803 0.061632
0 0.040176 0.290646 0.073803 0.061632
0 0.010023 0.354938 0.073803 0.061632
0 0.066706 0.354938 0.073803 0.061632
0 0.043787 0.406375 0.073803 0.061632
0 0.007608 0.481396 0.073803 0.061632
0 0.007608 0.524250 0.073803 0.061632
0 0.024490 0.652833 0.073803 0.061632
0 0.003634 0.612979 0.073803 0.061632