0 0.079657 0.921830 0.064350 0.082465
0 0.178893 0.834711 0.064350 0.082465
0 0.294036 0.731175 0.064350 0.082465
0 0.305271 0.761484 0.064350 0.082465
0 0.309014 0.915520 0.064350 0.082465
0 0.412929 0.809461 0.064350 0.082465
0 0.451307 0.745067 0.064350 0.082465
0 0.710621 0.623854 0.064350 0.082465
0 0.588921 0.587235 0.064350 0.082465
0 0.568329 0.582187 0.064350 0.082465
0 0.524329 0.514008 0.064350 0.082465
0 0.350207 0.507688 0.064350 0.082465
0 0.287486 0.521580 0.064350 0.082465
0 0.453179 0.442033 0.064350 0.082465
0 0.432586 0.440771 0.064350 0.082465
0 0.602964 0.447091 0.064350 0.082465
0 0.700321 0.396580 0.064350 0.082465
0 0.721857 0.543044 0.064350 0.082465
0 0.805171 0.618805 0.064350 0.082465
0 0.767729 0.599865 0.064350 0.082465
0 0.835129 0.447091 0.064350 0.082465