0 0.091911 0.292733 0.075231 0.058160
0 0.181822 0.342733 0.075231 0.058160
0 0.144444 0.482133 0.075231 0.058160
0 0.201000 0.694233 0.075231 0.058160
0 0.162622 0.742733 0.075231 0.058160
0 0.099000 0.779100 0.075231 0.058160
0 0.339400 0.303333 0.075231 0.058160
0 0.312111 0.447267 0.075231 0.058160
0 0.302022 0.694233 0.075231 0.058160
0 0.367667 0.839700 0.075231 0.058160
0 0.399000 0.671500 0.075231 0.058160
0 0.418178 0.594233 0.075231 0.058160
0 0.479800 0.566967 0.075231 0.058160
0 0.463644 0.486667 0.075231 0.058160
0 0.533333 0.427567 0.075231 0.058160
0 0.508089 0.309400 0.075231 0.058160
0 0.538378 0.332133 0.075231 0.058160
0 0.432333 0.298800 0.075231 0.058160
0 0.536356 0.141200 0.075231 0.058160
0 0.620200 0.291200 0.075231 0.058160
0 0.592933 0.350300 0.075231 0.058160
0 0.693933 0.342733 0.075231 0.058160
0 0.760600 0.366967 0.075231 0.058160
0 0.878778 0.336667 0.075231 0.058160
0 0.956556 0.474533 0.075231 0.058160
0 0.788889 0.604833 0.075231 0.058160
0 0.640400 0.571500 0.075231 0.058160
0 0.921222 0.800300 0.075231 0.058160
0 0.923222 0.844233 0.075231 0.058160
0 0.855556 0.795767 0.075231 0.058160
0 0.846467 0.742733 0.075231 0.058160
0 0.742422 0.751833 0.075231 0.058160
0 0.728289 0.795767 0.075231 0.058160
0 0.621222 0.776067 0.075231 0.058160
0 0.661622 0.774533 0.075231 0.058160