0 0.036783 0.266750 0.066551 0.072917
0 0.068033 0.289525 0.066551 0.072917
0 0.160033 0.299950 0.066551 0.072917
0 0.245967 0.314275 0.066551 0.072917
0 0.103183 0.104650 0.066551 0.072917
0 0.191283 0.105950 0.066551 0.072917
0 0.166117 0.046050 0.066551 0.072917
0 0.260283 0.070800 0.066551 0.072917
0 0.328000 0.144350 0.066551 0.072917
0 0.325817 0.123525 0.066551 0.072917
0 0.385717 0.242000 0.066551 0.072917
0 0.423033 0.212075 0.066551 0.072917
0 0.468600 0.145650 0.066551 0.072917
0 0.477283 0.258275 0.066551 0.072917
0 0.548033 0.365050 0.066551 0.072917
0 0.523283 0.310375 0.066551 0.072917
0 0.558017 0.290825 0.066551 0.072917
0 0.638300 0.247875 0.066551 0.072917
0 0.616600 0.146975 0.066551 0.072917
0 0.702533 0.191225 0.066551 0.072917
0 0.815800 0.243300 0.066551 0.072917
0 0.832300 0.282375 0.066551 0.072917
0 0.824917 0.333800 0.066551 0.072917
0 0.841833 0.363750 0.066551 0.072917
0 0.794533 0.427550 0.066551 0.072917
0 0.872217 0.421025 0.066551 0.072917
0 0.902600 0.419725 0.066551 0.072917
0 0.911717 0.376125 0.066551 0.072917
0 0.935150 0.372850 0.066551 0.072917
0 0.953817 0.387825 0.066551 0.072917
0 0.950333 0.422975 0.066551 0.072917
0 0.949467 0.322075 0.066551 0.072917
0 0.898267 0.312325 0.066551 0.072917
0 0.861800 0.310375 0.066551 0.072917
0 0.884800 0.328600 0.066551 0.072917