0 0.870300 0.137625 0.052083 0.046007
0 0.837700 0.224375 0.052083 0.046007
0 0.876600 0.238575 0.052083 0.046007
0 0.869250 0.266950 0.052083 0.046007
0 0.903950 0.281150 0.052083 0.046007
0 0.900783 0.440450 0.052083 0.046007
0 0.868183 0.475150 0.052083 0.046007
0 0.003933 0.743600 0.052083 0.046007
0 0.031183 0.702725 0.052083 0.046007
0 0.079633 0.745875 0.052083 0.046007
0 0.119017 0.757250 0.052083 0.046007
0 0.178667 0.738150 0.052083 0.046007
0 0.218950 0.747250 0.052083 0.046007
0 0.196983 0.751100 0.052083 0.046007
0 0.264517 0.747250 0.052083 0.046007
0 0.278450 0.732700 0.052083 0.046007
0 0.304800 0.743375 0.052083 0.046007
0 0.318883 0.784050 0.052083 0.046007
0 0.333717 0.795850 0.052083 0.046007
0 0.285567 0.700000 0.052083 0.046007
0 0.259217 0.634125 0.052083 0.046007
0 0.225000 0.584400 0.052083 0.046007
0 0.315250 0.525125 0.052083 0.046007
0 0.321450 0.441075 0.052083 0.046007
0 0.327517 0.586900 0.052083 0.046007
0 0.306617 0.626425 0.052083 0.046007
0 0.423967 0.600075 0.052083 0.046007
0 0.423967 0.777450 0.052083 0.046007
0 0.487867 0.760425 0.052083 0.046007
0 0.510733 0.730200 0.052083 0.046007
0 0.557967 0.736800 0.052083 0.046007
0 0.494083 0.611875 0.052083 0.046007
0 0.516783 0.410875 0.052083 0.046007
0 0.507250 0.391100 0.052083 0.046007
0 0.501033 0.367475 0.052083 0.046007
0 0.577350 0.392475 0.052083 0.046007
0 0.611433 0.416100 0.052083 0.046007
0 0.569483 0.592125 0.052083 0.046007
0 0.629900 0.592125 0.052083 0.046007
0 0.681533 0.584400 0.052083 0.046007
0 0.699100 0.611875 0.052083 0.046007
0 0.758750 0.611875 0.052083 0.046007
0 0.778900 0.546225 0.052083 0.046007
0 0.801617 0.464700 0.052083 0.046007
0 0.827050 0.455375 0.052083 0.046007
0 0.773600 0.334550 0.052083 0.046007
0 0.760417 0.213725 0.052083 0.046007