0 0.069200 0.407741 0.147510 0.098958
0 0.163630 0.433918 0.147510 0.098958
0 0.242400 0.547170 0.147510 0.098958
0 0.306400 0.559959 0.147510 0.098958
0 0.321620 0.580054 0.147510 0.098958
0 0.284920 0.682354 0.147510 0.098958
0 0.249110 0.722544 0.147510 0.098958
0 0.348470 0.743850 0.147510 0.098958
0 0.429470 0.793170 0.147510 0.098958
0 0.395460 0.704884 0.147510 0.098958
0 0.588800 0.748109 0.147510 0.098958
0 0.614310 0.690884 0.147510 0.098958
0 0.375320 0.407129 0.147510 0.098958
0 0.540020 0.326748 0.147510 0.098958
0 0.648320 0.361456 0.147510 0.098958
0 0.612520 0.499075 0.147510 0.098958
0 0.682340 0.668354 0.147510 0.098958
0 0.674730 0.709143 0.147510 0.098958
0 0.751710 0.686612 0.147510 0.098958
0 0.886420 0.756639 0.147510 0.098958
0 0.822870 0.788299 0.147510 0.098958
0 0.829580 0.717061 0.147510 0.098958
0 0.906110 0.654340 0.147510 0.098958
0 0.875680 0.690272 0.147510 0.098958