0 0.215118 0.416662 0.123366 0.108507
0 0.403922 0.374238 0.123366 0.108507
0 0.108901 0.516662 0.123366 0.108507
0 0.201627 0.550000 0.123366 0.108507
0 0.317955 0.524238 0.123366 0.108507
0 0.311210 0.637875 0.123366 0.108507
0 0.425841 0.565150 0.123366 0.108507
0 0.233658 0.601513 0.123366 0.108507
0 0.203310 0.671213 0.123366 0.108507
0 0.316259 0.748487 0.123366 0.108507
0 0.376954 0.812125 0.123366 0.108507
0 0.473046 0.731813 0.123366 0.108507
0 0.496648 0.633337 0.123366 0.108507
0 0.365160 0.686362 0.123366 0.108507
0 0.592740 0.628787 0.123366 0.108507
0 0.614659 0.733337 0.123366 0.108507
0 0.580946 0.780300 0.123366 0.108507
0 0.484854 0.819700 0.123366 0.108507
0 0.553964 0.862125 0.123366 0.108507
0 0.734353 0.762125 0.123366 0.108507
0 0.705688 0.677275 0.123366 0.108507
0 0.813588 0.639400 0.123366 0.108507
0 0.843936 0.762125 0.123366 0.108507
0 0.682086 0.553025 0.123366 0.108507
0 0.737719 0.593937 0.123366 0.108507
0 0.555661 0.427275 0.123366 0.108507
0 0.518567 0.512125 0.123366 0.108507
0 0.471363 0.477275 0.123366 0.108507
0 0.339861 0.456063 0.123366 0.108507
0 0.299402 0.318188 0.123366 0.108507
0 0.307830 0.243938 0.123366 0.108507
0 0.393811 0.189400 0.123366 0.108507
0 0.422476 0.250000 0.123366 0.108507
0 0.491586 0.292425 0.123366 0.108507
0 0.513505 0.222725 0.123366 0.108507
0 0.560709 0.318188 0.123366 0.108507
0 0.639944 0.242425 0.123366 0.108507
0 0.596120 0.198487 0.123366 0.108507
0 0.698957 0.198487 0.123366 0.108507
0 0.641627 0.356063 0.123366 0.108507
0 0.693894 0.301513 0.123366 0.108507
0 0.752893 0.313637 0.123366 0.108507
0 0.811905 0.345450 0.123366 0.108507
0 0.714117 0.437875 0.123366 0.108507
0 0.820334 0.410600 0.123366 0.108507
0 0.813588 0.481812 0.123366 0.108507
0 0.894506 0.522725 0.123366 0.108507
0 0.796732 0.546975 0.123366 0.108507
0 0.759638 0.504550 0.123366 0.108507
0 0.504910 0.361212 0.123366 0.108507
0 0.532782 0.268475 0.123366 0.108507