0 0.629545 0.345455 0.039714 0.026910
0 0.672727 0.359091 0.039714 0.026910
0 0.746591 0.359091 0.039714 0.026910
0 0.081818 0.903030 0.039714 0.026910
0 0.092045 0.854545 0.039714 0.026910
0 0.112500 0.824242 0.039714 0.026910
0 0.153409 0.806061 0.039714 0.026910
0 0.182955 0.786364 0.039714 0.026910
0 0.220455 0.759091 0.039714 0.026910
0 0.272727 0.725758 0.039714 0.026910
0 0.301136 0.684848 0.039714 0.026910
0 0.325000 0.653030 0.039714 0.026910
0 0.381818 0.648485 0.039714 0.026910
0 0.412500 0.625758 0.039714 0.026910
0 0.442045 0.596970 0.039714 0.026910
0 0.468182 0.574242 0.039714 0.026910
0 0.529545 0.584848 0.039714 0.026910
0 0.485227 0.500000 0.039714 0.026910
0 0.517045 0.456061 0.039714 0.026910
0 0.540909 0.413636 0.039714 0.026910
0 0.613636 0.450000 0.039714 0.026910
0 0.568182 0.365152 0.039714 0.026910
0 0.706818 0.377273 0.039714 0.026910
0 0.800000 0.387879 0.039714 0.026910
0 0.843182 0.421212 0.039714 0.026910
0 0.881818 0.460606 0.039714 0.026910