0 0.046749 0.816035 0.051993 0.040799
0 0.074087 0.757575 0.051993 0.040799
0 0.094064 0.801823 0.051993 0.040799
0 0.056207 0.858708 0.051993 0.040799
0 0.140330 0.823947 0.051993 0.040799
0 0.182391 0.789186 0.051993 0.040799
0 0.155053 0.744938 0.051993 0.040799
0 0.234971 0.659611 0.051993 0.040799
0 0.218151 0.724389 0.051993 0.040799
0 0.248634 0.688053 0.051993 0.040799
0 0.252850 0.757575 0.051993 0.040799
0 0.314888 0.740195 0.051993 0.040799
0 0.293852 0.651717 0.051993 0.040799
0 0.333816 0.669097 0.051993 0.040799
0 0.353793 0.610637 0.051993 0.040799
0 0.405312 0.605894 0.051993 0.040799
0 0.414782 0.564814 0.051993 0.040799
0 0.429505 0.664354 0.051993 0.040799
0 0.382179 0.697540 0.051993 0.040799
0 0.507314 0.477912 0.051993 0.040799
0 0.478928 0.531628 0.051993 0.040799
0 0.580919 0.457363 0.051993 0.040799
0 0.569352 0.413115 0.051993 0.040799
0 0.616678 0.345186 0.051993 0.040799
0 0.867986 0.171363 0.051993 0.040799
0 0.739706 0.242478 0.051993 0.040799
0 0.770200 0.258265 0.051993 0.040799
0 0.698693 0.305681 0.051993 0.040799
0 0.733392 0.370460 0.051993 0.040799
0 0.774405 0.365717 0.051993 0.040799
0 0.851166 0.424177 0.051993 0.040799
0 0.747067 0.439982 0.051993 0.040799
0 0.675559 0.398903 0.051993 0.040799
0 0.658728 0.457363 0.051993 0.040799
0 0.685018 0.460531 0.051993 0.040799
0 0.785972 0.487381 0.051993 0.040799
0 0.760730 0.525310 0.051993 0.040799
0 0.829081 0.571133 0.051993 0.040799
0 0.785972 0.577451 0.051993 0.040799
0 0.771249 0.626425 0.051993 0.040799
0 0.678716 0.646973 0.051993 0.040799
0 0.729187 0.694372 0.051993 0.040799
0 0.812261 0.688053 0.051993 0.040799
0 0.718669 0.729133 0.051993 0.040799
0 0.771249 0.765487 0.051993 0.040799
0 0.852214 0.789186 0.051993 0.040799
0 0.779658 0.814460 0.051993 0.040799
0 0.724982 0.860283 0.051993 0.040799
0 0.719717 0.809717 0.051993 0.040799
0 0.792273 0.953504 0.051993 0.040799
0 0.768092 0.921912 0.051993 0.040799