0 0.946567 0.961486 0.075823 0.055990
0 0.886122 0.870651 0.075823 0.055990
0 0.813844 0.785910 0.075823 0.055990
0 0.748667 0.747346 0.075823 0.055990
0 0.663222 0.582955 0.075823 0.055990
0 0.593311 0.488063 0.075823 0.055990
0 0.531511 0.433255 0.075823 0.055990
0 0.464311 0.375409 0.075823 0.055990
0 0.392711 0.304374 0.075823 0.055990
0 0.095856 0.465225 0.075823 0.055990
0 0.131322 0.383022 0.075823 0.055990
0 0.027978 0.350551 0.075823 0.055990
0 0.168133 0.253122 0.075823 0.055990
0 0.307944 0.189182 0.075823 0.055990
0 0.214056 0.077563 0.075823 0.055990