0 0.519312 0.414339 0.039352 0.072917
0 0.048781 0.295595 0.039352 0.072917
0 0.136256 0.290066 0.039352 0.072917
0 0.189662 0.319063 0.039352 0.072917
0 0.251356 0.337010 0.039352 0.072917
0 0.298319 0.375679 0.039352 0.072917
0 0.360013 0.397769 0.039352 0.072917
0 0.429994 0.411575 0.039352 0.072917
0 0.480637 0.520656 0.039352 0.072917
0 0.466825 0.593843 0.039352 0.072917
0 0.464063 0.664264 0.039352 0.072917
0 0.457619 0.731921 0.039352 0.072917
0 0.453937 0.805098 0.039352 0.072917
0 0.457619 0.870000 0.039352 0.072917
0 0.446569 0.958369 0.039352 0.072917