0 0.199244 0.815156 0.235243 0.118924
0 0.196222 0.916667 0.235243 0.118924
0 0.431067 0.709089 0.235243 0.118924
0 0.241667 0.666667 0.235243 0.118924
0 0.387111 0.589400 0.235243 0.118924
0 0.581067 0.672733 0.235243 0.118924
0 0.537111 0.834844 0.235243 0.118924
0 0.406822 0.868178 0.235243 0.118924
0 0.353778 0.810600 0.235243 0.118924
0 0.458333 0.928778 0.235243 0.118924
0 0.644689 0.930311 0.235243 0.118924
0 0.870444 0.927267 0.235243 0.118924
0 0.741667 0.763644 0.235243 0.118924
0 0.797733 0.709089 0.235243 0.118924
0 0.653778 0.313644 0.235243 0.118924