0 0.152129 0.141589 0.045573 0.044271
0 0.247598 0.159375 0.045573 0.044271
0 0.330137 0.186055 0.045573 0.044271
0 0.460625 0.188828 0.045573 0.044271
0 0.594023 0.196615 0.045573 0.044271
0 0.192568 0.323906 0.045573 0.044271
0 0.230918 0.350026 0.045573 0.044271
0 0.274277 0.382266 0.045573 0.044271
0 0.346816 0.397279 0.045573 0.044271
0 0.422275 0.417839 0.045573 0.044271
0 0.478555 0.435078 0.045573 0.044271
0 0.553594 0.439518 0.045573 0.044271
0 0.695078 0.185938 0.045573 0.044271
0 0.778662 0.210286 0.045573 0.044271
0 0.590771 0.457643 0.045573 0.044271
0 0.638799 0.493659 0.045573 0.044271
0 0.707842 0.496055 0.045573 0.044271
0 0.643594 0.536849 0.045573 0.044271
0 0.612998 0.563307 0.045573 0.044271
0 0.574561 0.579310 0.045573 0.044271
0 0.557178 0.604883 0.045573 0.044271
0 0.535537 0.618503 0.045573 0.044271
0 0.514277 0.652409 0.045573 0.044271
0 0.483760 0.688424 0.045573 0.044271
0 0.451748 0.720443 0.045573 0.044271
0 0.417725 0.748464 0.045573 0.044271
0 0.410723 0.777813 0.045573 0.044271
0 0.412227 0.796484 0.045573 0.044271
0 0.374199 0.817826 0.045573 0.044271
0 0.350195 0.832500 0.045573 0.044271
0 0.330684 0.852513 0.045573 0.044271
0 0.211621 0.885195 0.045573 0.044271
0 0.164590 0.916549 0.045573 0.044271