0 0.115150 0.422733 0.065972 0.059896
0 0.219700 0.413633 0.065972 0.059896
0 0.246967 0.703033 0.065972 0.059896
0 0.365150 0.400000 0.065972 0.059896
0 0.246967 0.250000 0.065972 0.059896
0 0.178783 0.184850 0.065972 0.059896
0 0.434850 0.798483 0.065972 0.059896
0 0.627267 0.507583 0.065972 0.059896
0 0.598483 0.257583 0.065972 0.059896
0 0.639400 0.257583 0.065972 0.059896
0 0.784850 0.316667 0.065972 0.059896
0 0.883333 0.462117 0.065972 0.059896
0 0.798483 0.554550 0.065972 0.059896
0 0.851517 0.589400 0.065972 0.059896