0 0.216032 0.492322 0.094270 0.127604
0 0.301347 0.388850 0.094270 0.127604
0 0.293784 0.556233 0.094270 0.127604
0 0.225750 0.618620 0.094270 0.127604
0 0.147998 0.548624 0.094270 0.127604
0 0.083201 0.617101 0.094270 0.127604
0 0.178234 0.747959 0.094270 0.127604
0 0.278666 0.810351 0.094270 0.127604
0 0.407176 0.728181 0.094270 0.127604
0 0.299941 0.687096 0.094270 0.127604
0 0.411389 0.606450 0.094270 0.127604
0 0.354584 0.523518 0.094270 0.127604
0 0.604476 0.662442 0.094270 0.127604
0 0.657500 0.532193 0.094270 0.127604
0 0.558473 0.535235 0.094270 0.127604
0 0.744649 0.655139 0.094270 0.127604
0 0.568408 0.418218 0.094270 0.127604
0 0.498968 0.354007 0.094270 0.127604
0 0.524997 0.299072 0.094270 0.127604
0 0.597998 0.319160 0.094270 0.127604
0 0.682123 0.336962 0.094270 0.127604
0 0.696268 0.448500 0.094270 0.127604
0 0.766032 0.397068 0.094270 0.127604
0 0.684715 0.207622 0.094270 0.127604
0 0.770026 0.287659 0.094270 0.127604
0 0.893031 0.337114 0.094270 0.127604
0 0.943031 0.469197 0.094270 0.127604
0 0.828991 0.540406 0.094270 0.127604