0 0.163900 0.207467 0.149089 0.169271
0 0.051875 0.167367 0.149089 0.169271
0 0.100625 0.396967 0.149089 0.169271
0 0.162875 0.502067 0.149089 0.169271
0 0.031125 0.543567 0.149089 0.169271
0 0.046675 0.659767 0.149089 0.169271
0 0.193975 0.795300 0.149089 0.169271
0 0.030075 0.839567 0.149089 0.169271
0 0.250000 0.677733 0.149089 0.169271
0 0.181525 0.668033 0.149089 0.169271
0 0.285275 0.554633 0.149089 0.169271
0 0.341275 0.408033 0.149089 0.169271
0 0.230300 0.355467 0.149089 0.169271
0 0.321575 0.146600 0.149089 0.169271
0 0.440875 0.120333 0.149089 0.169271
0 0.396275 0.240667 0.149089 0.169271
0 0.495850 0.200567 0.149089 0.169271
0 0.454350 0.432933 0.149089 0.169271
0 0.397300 0.576767 0.149089 0.169271
0 0.313275 0.755200 0.149089 0.169271
0 0.384850 0.850633 0.149089 0.169271
0 0.515550 0.651467 0.149089 0.169271
0 0.598550 0.526967 0.149089 0.169271
0 0.623450 0.690167 0.149089 0.169271
0 0.716800 0.493767 0.149089 0.169271
0 0.815350 0.717833 0.149089 0.169271
0 0.961625 0.755200 0.149089 0.169271
0 0.926350 0.500700 0.149089 0.169271
0 0.848550 0.416333 0.149089 0.169271
0 0.691900 0.412167 0.149089 0.169271
0 0.748975 0.289067 0.149089 0.169271
0 0.641075 0.257267 0.149089 0.169271
0 0.695025 0.100967 0.149089 0.169271
0 0.525925 0.159067 0.149089 0.169271
0 0.848550 0.103733 0.149089 0.169271
0 0.935675 0.206100 0.149089 0.169271
0 0.529050 0.795300 0.149089 0.169271
0 0.695025 0.798067 0.149089 0.169271
0 0.296675 0.864467 0.149089 0.169271
0 0.167000 0.341633 0.149089 0.169271
0 0.115150 0.301533 0.149089 0.169271
0 0.584025 0.396967 0.149089 0.169271