0 0.813672 0.721250 0.123264 0.125000
0 0.692469 0.789438 0.123264 0.125000
0 0.554578 0.843984 0.123264 0.125000
0 0.404578 0.830344 0.123264 0.125000
0 0.481859 0.725797 0.123264 0.125000
0 0.386406 0.613672 0.123264 0.125000
0 0.321250 0.725797 0.123264 0.125000
0 0.260641 0.575797 0.123264 0.125000
0 0.143984 0.504578 0.123264 0.125000
0 0.230344 0.425797 0.123264 0.125000
0 0.130344 0.347000 0.123264 0.125000
0 0.233375 0.278828 0.123264 0.125000
0 0.183375 0.181859 0.123264 0.125000
0 0.251547 0.072766 0.123264 0.125000