0 0.081558 0.589382 0.098039 0.066840
0 0.104623 0.636673 0.098039 0.066840
0 0.157351 0.602073 0.098039 0.066840
0 0.182078 0.543255 0.098039 0.066840
0 0.114364 0.530564 0.098039 0.066840
0 0.244675 0.508655 0.098039 0.066840
0 0.297403 0.562855 0.098039 0.066840
0 0.348338 0.531727 0.098039 0.066840
0 0.378156 0.604382 0.098039 0.066840
0 0.270883 0.622836 0.098039 0.066840
0 0.274182 0.688582 0.098039 0.066840
0 0.178779 0.711655 0.098039 0.066840
0 0.170545 0.650527 0.098039 0.066840
0 0.104623 0.741636 0.098039 0.066840
0 0.218156 0.775091 0.098039 0.066840
0 0.231506 0.831600 0.098039 0.066840
0 0.320312 0.881200 0.098039 0.066840
0 0.237922 0.905418 0.098039 0.066840
0 0.328727 0.823527 0.098039 0.066840
0 0.276000 0.764709 0.098039 0.066840
0 0.320312 0.743945 0.098039 0.066840
0 0.389532 0.761255 0.098039 0.066840
0 0.414390 0.712800 0.098039 0.066840
0 0.379636 0.664364 0.098039 0.066840
0 0.488545 0.649364 0.098039 0.066840
0 0.656623 0.928491 0.098039 0.066840
0 0.743792 0.967709 0.098039 0.066840
0 0.694338 0.988473 0.098039 0.066840
0 0.602234 0.982691 0.098039 0.066840
0 0.519688 0.976927 0.098039 0.066840
0 0.557740 0.953873 0.098039 0.066840
0 0.816286 0.960782 0.098039 0.066840
0 0.765195 0.908873 0.098039 0.066840
0 0.767013 0.867364 0.098039 0.066840
0 0.882182 0.953873 0.098039 0.066840
0 0.857481 0.890418 0.098039 0.066840
0 0.943143 0.900800 0.098039 0.066840
0 0.928312 0.846600 0.098039 0.066840
0 0.977922 0.793545 0.098039 0.066840
0 0.829455 0.822382 0.098039 0.066840
0 0.826156 0.776236 0.098039 0.066840
0 0.921896 0.741636 0.098039 0.066840
0 0.981039 0.724345 0.098039 0.066840
0 0.888935 0.685127 0.098039 0.066840
0 0.836208 0.732418 0.098039 0.066840
0 0.824519 0.689727 0.098039 0.066840
0 0.755325 0.802764 0.098039 0.066840
0 0.595662 0.640145 0.098039 0.066840
0 0.509974 0.602073 0.098039 0.066840
0 0.442260 0.554782 0.098039 0.066840
0 0.575714 0.534018 0.098039 0.066840
0 0.473558 0.504036 0.098039 0.066840
0 0.409299 0.498273 0.098039 0.066840
0 0.539455 0.460200 0.098039 0.066840
0 0.475195 0.422145 0.098039 0.066840
0 0.435818 0.404836 0.098039 0.066840
0 0.692857 0.491345 0.098039 0.066840
0 0.636675 0.439455 0.098039 0.066840
0 0.677870 0.397927 0.098039 0.066840
0 0.730597 0.441745 0.098039 0.066840
0 0.727299 0.377164 0.098039 0.066840
0 0.646571 0.355255 0.098039 0.066840
0 0.588883 0.389855 0.098039 0.066840
0 0.546208 0.346018 0.098039 0.066840
0 0.422649 0.324109 0.098039 0.066840
0 0.506519 0.288345 0.098039 0.066840
0 0.460545 0.242218 0.098039 0.066840
0 0.389532 0.264127 0.098039 0.066840
0 0.583948 0.244527 0.098039 0.066840
0 0.621844 0.207618 0.098039 0.066840
0 0.640130 0.155709 0.098039 0.066840
0 0.720883 0.243364 0.098039 0.066840
0 0.730597 0.197236 0.098039 0.066840
0 0.635195 0.276818 0.098039 0.066840
0 0.770312 0.332182 0.098039 0.066840
0 0.681325 0.328727 0.098039 0.066840
0 0.806545 0.284891 0.098039 0.066840
0 0.965221 0.983509 0.098039 0.066840
0 0.842805 0.985582 0.098039 0.066840
0 0.616078 0.556509 0.098039 0.066840