0 0.254294 0.354517 0.119792 0.152778
0 0.318387 0.256333 0.119792 0.152778
0 0.303388 0.172700 0.119792 0.152778
0 0.392025 0.161792 0.119792 0.152778
0 0.464294 0.114517 0.119792 0.152778
0 0.462931 0.065425 0.119792 0.152778
0 0.499750 0.227242 0.119792 0.152778
0 0.516112 0.172700 0.119792 0.152778
0 0.415206 0.301792 0.119792 0.152778
0 0.359294 0.429058 0.119792 0.152778
0 0.332025 0.563608 0.119792 0.152778
0 0.265206 0.609058 0.119792 0.152778
0 0.210656 0.458150 0.119792 0.152778
0 0.323844 0.725425 0.119792 0.152778
0 0.441113 0.621792 0.119792 0.152778
0 0.428844 0.759967 0.119792 0.152778
0 0.592475 0.743608 0.119792 0.152778
0 0.563844 0.563608 0.119792 0.152778
0 0.473844 0.450875 0.119792 0.152778
0 0.604750 0.407242 0.119792 0.152778
0 0.531112 0.312700 0.119792 0.152778
0 0.610206 0.259967 0.119792 0.152778
0 0.619750 0.150875 0.119792 0.152778
0 0.698844 0.247242 0.119792 0.152778
0 0.761569 0.256333 0.119792 0.152778
0 0.726113 0.405425 0.119792 0.152778
0 0.776569 0.352700 0.119792 0.152778
0 0.682475 0.518150 0.119792 0.152778
0 0.678388 0.629058 0.119792 0.152778
0 0.773844 0.554517 0.119792 0.152778
0 0.518844 0.752700 0.119792 0.152778
0 0.358613 0.653967 0.119792 0.152778