0 0.329170 0.032238 0.068627 0.064236
0 0.462830 0.185112 0.068627 0.064236
0 0.395140 0.239660 0.068627 0.064236
0 0.401910 0.300269 0.068627 0.064236
0 0.511920 0.254808 0.068627 0.064236
0 0.478070 0.326025 0.068627 0.064236
0 0.369750 0.335112 0.068627 0.064236
0 0.406980 0.391173 0.068627 0.064236
0 0.479760 0.406329 0.068627 0.064236
0 0.359600 0.401782 0.068627 0.064236
0 0.312210 0.433599 0.068627 0.064236
0 0.324060 0.489660 0.068627 0.064236
0 0.376520 0.451782 0.068627 0.064236
0 0.398520 0.506329 0.068627 0.064236
0 0.442530 0.456329 0.068627 0.064236
0 0.472990 0.512381 0.068627 0.064236
0 0.533920 0.459355 0.068627 0.064236
0 0.547460 0.518442 0.068627 0.064236
0 0.544070 0.595721 0.068627 0.064236
0 0.466220 0.609355 0.068627 0.064236
0 0.501760 0.568442 0.068627 0.064236
0 0.423910 0.565416 0.068627 0.064236
0 0.384980 0.554808 0.068627 0.064236
0 0.398520 0.626025 0.068627 0.064236
0 0.435760 0.636625 0.068627 0.064236
0 0.413750 0.677538 0.068627 0.064236
0 0.464530 0.676025 0.068627 0.064236
0 0.525450 0.659355 0.068627 0.064236
0 0.525450 0.703295 0.068627 0.064236
0 0.567770 0.741173 0.068627 0.064236
0 0.510220 0.751782 0.068627 0.064236
0 0.454370 0.736625 0.068627 0.064236
0 0.476370 0.827538 0.068627 0.064236
0 0.510220 0.853295 0.068627 0.064236
0 0.588070 0.863903 0.068627 0.064236
0 0.576230 0.918442 0.068627 0.064236
0 0.540690 0.960868 0.068627 0.064236
0 0.493300 0.918442 0.068627 0.064236
0 0.610080 0.783599 0.068627 0.064236
0 0.549150 0.803295 0.068627 0.064236
0 0.574530 0.144208 0.068627 0.064236
0 0.647310 0.142686 0.068627 0.064236
0 0.642230 0.197234 0.068627 0.064236
0 0.572840 0.204808 0.068627 0.064236
0 0.574530 0.294208 0.068627 0.064236
0 0.652390 0.288147 0.068627 0.064236
0 0.723470 0.306329 0.068627 0.064236
0 0.721780 0.256329 0.068627 0.064236
0 0.711620 0.209355 0.068627 0.064236
0 0.701470 0.171477 0.068627 0.064236
0 0.676080 0.363903 0.068627 0.064236
0 0.589770 0.357842 0.068627 0.064236
0 0.632080 0.418442 0.068627 0.064236
0 0.584690 0.445721 0.068627 0.064236
0 0.602630 0.498147 0.068627 0.064236
0 0.628690 0.468147 0.068627 0.064236
0 0.665420 0.437538 0.068627 0.064236
0 0.640200 0.498899 0.068627 0.064236
0 0.549660 0.408899 0.068627 0.064236
0 0.632080 0.568899 0.068627 0.064236
0 0.587910 0.558594 0.068627 0.064236
0 0.632920 0.530116 0.068627 0.064236
0 0.619720 0.617081 0.068627 0.064236
0 0.581470 0.647690 0.068627 0.064236
0 0.608380 0.694503 0.068627 0.064236
0 0.650860 0.686473 0.068627 0.064236
0 0.647480 0.728147 0.068627 0.064236
0 0.658990 0.779203 0.068627 0.064236
0 0.620570 0.736177 0.068627 0.064236
0 0.611600 0.818747 0.068627 0.064236
0 0.601780 0.958299 0.068627 0.064236
0 0.629540 0.841325 0.068627 0.064236
0 0.328460 0.384351 0.068627 0.064236