0 0.240292 0.782247 0.142857 0.182292
0 0.293677 0.622963 0.142857 0.182292
0 0.151927 0.598963 0.142857 0.182292
0 0.232927 0.444062 0.142857 0.182292
0 0.387562 0.452790 0.142857 0.182292
0 0.448312 0.666605 0.142857 0.182292
0 0.604792 0.745148 0.142857 0.182292
0 0.658177 0.564062 0.142857 0.182292
0 0.532990 0.502963 0.142857 0.182292
0 0.520104 0.350247 0.142857 0.182292
0 0.372833 0.337148 0.142857 0.182292
0 0.417021 0.249877 0.142857 0.182292
0 0.551406 0.232420 0.142857 0.182292
0 0.630563 0.188790 0.142857 0.182292
0 0.818333 0.540062 0.142857 0.182292
0 0.818333 0.411333 0.142857 0.182292
0 0.750219 0.330605 0.142857 0.182292
0 0.671063 0.435333 0.142857 0.182292
0 0.733656 0.642605 0.142857 0.182292