0 0.119300 0.358785 0.103780 0.167535
0 0.198050 0.354401 0.103780 0.167535
0 0.242638 0.433312 0.103780 0.167535
0 0.326600 0.283517 0.103780 0.167535
0 0.392625 0.452303 0.103780 0.167535
0 0.401300 0.515142 0.103780 0.167535
0 0.180675 0.651782 0.103780 0.167535
0 0.344562 0.773076 0.103780 0.167535
0 0.574450 0.803044 0.103780 0.167535
0 0.699525 0.697823 0.103780 0.167535
0 0.784650 0.640820 0.103780 0.167535
0 0.876725 0.670789 0.103780 0.167535
0 0.864562 0.781845 0.103780 0.167535
0 0.561500 0.505994 0.103780 0.167535
0 0.665362 0.354401 0.103780 0.167535
0 0.782913 0.480079 0.103780 0.167535
0 0.825187 0.245521 0.103780 0.167535
0 0.539700 0.191451 0.103780 0.167535