0 0.298511 0.415133 0.075521 0.078993
0 0.364289 0.388822 0.075521 0.078993
0 0.363400 0.319556 0.075521 0.078993
0 0.300267 0.292378 0.075521 0.078993
0 0.241533 0.373044 0.075521 0.078993
0 0.259067 0.327444 0.075521 0.078993
0 0.419511 0.345867 0.075521 0.078993
0 0.485289 0.398489 0.075521 0.078993
0 0.418644 0.404622 0.075521 0.078993
0 0.388822 0.462489 0.075521 0.078993
0 0.430911 0.497556 0.075521 0.078993
0 0.482644 0.463356 0.075521 0.078993
0 0.538778 0.488800 0.075521 0.078993
0 0.470378 0.544911 0.075521 0.078993
0 0.515089 0.531756 0.075521 0.078993
0 0.430044 0.572089 0.075521 0.078993
0 0.389711 0.522111 0.075521 0.078993
0 0.401978 0.549289 0.075521 0.078993
0 0.357267 0.544911 0.075521 0.078993
0 0.328333 0.525622 0.075521 0.078993
0 0.337978 0.478267 0.075521 0.078993
0 0.300267 0.466000 0.075521 0.078993
0 0.269578 0.453711 0.075521 0.078993
0 0.245044 0.416022 0.075521 0.078993
0 0.340600 0.444956 0.075521 0.078993
0 0.303778 0.571222 0.075521 0.078993
0 0.280111 0.604533 0.075521 0.078993
0 0.321311 0.624689 0.075521 0.078993
0 0.381822 0.616800 0.075521 0.078993
0 0.365156 0.663289 0.075521 0.078993
0 0.316933 0.658022 0.075521 0.078993
0 0.374800 0.683444 0.075521 0.078993
0 0.413378 0.663289 0.075521 0.078993
0 0.429178 0.623822 0.075521 0.078993
0 0.473889 0.587000 0.075521 0.078993
0 0.400222 0.578222 0.075521 0.078993
0 0.534378 0.418644 0.075521 0.078993
0 0.575600 0.410756 0.075521 0.078993
0 0.540533 0.345000 0.075521 0.078993
0 0.483533 0.326578 0.075521 0.078993
0 0.400222 0.294133 0.075521 0.078993
0 0.437067 0.265200 0.075521 0.078993
0 0.485289 0.280111 0.075521 0.078993
0 0.508089 0.259933 0.075521 0.078993
0 0.537889 0.302022 0.075521 0.078993
0 0.477400 0.220489 0.075521 0.078993
0 0.457222 0.238889 0.075521 0.078993
0 0.421267 0.220489 0.075521 0.078993
0 0.362533 0.236267 0.075521 0.078993
0 0.334467 0.262578 0.075521 0.078993
0 0.373044 0.252044 0.075521 0.078993
0 0.879844 0.101244 0.075521 0.078993
0 0.753600 0.107378 0.075521 0.078993
0 0.731667 0.181022 0.075521 0.078993
0 0.824622 0.186289 0.075521 0.078993
0 0.865822 0.169622 0.075521 0.078993
0 0.789533 0.224867 0.075521 0.078993