0 0.609769 0.531458 0.052734 0.065104
0 0.554531 0.546192 0.052734 0.065104
0 0.535587 0.487267 0.052734 0.065104
0 0.446419 0.533567 0.052734 0.065104
0 0.468512 0.557767 0.052734 0.065104
0 0.507181 0.577758 0.052734 0.065104
0 0.537956 0.603008 0.052734 0.065104
0 0.489031 0.635625 0.052734 0.065104
0 0.563213 0.595642 0.052734 0.065104
0 0.597931 0.601958 0.052734 0.065104
0 0.627131 0.576708 0.052734 0.065104
0 0.568731 0.652458 0.052734 0.065104
0 0.632656 0.681925 0.052734 0.065104
0 0.521388 0.674558 0.052734 0.065104
0 0.499287 0.726117 0.052734 0.065104
0 0.449575 0.727167 0.052734 0.065104
0 0.447206 0.794508 0.052734 0.065104
0 0.475612 0.831333 0.052734 0.065104
0 0.454306 0.901833 0.052734 0.065104
0 0.490606 0.909200 0.052734 0.065104
0 0.530069 0.923925 0.052734 0.065104
0 0.529275 0.857642 0.052734 0.065104
0 0.520594 0.779775 0.052734 0.065104
0 0.569525 0.780825 0.052734 0.065104
0 0.570312 0.842908 0.052734 0.065104
0 0.575050 0.902883 0.052734 0.065104
0 0.606612 0.902883 0.052734 0.065104
0 0.636600 0.880783 0.052734 0.065104
0 0.622394 0.826075 0.052734 0.065104
0 0.635813 0.782933 0.052734 0.065104
0 0.605038 0.736633 0.052734 0.065104
0 0.567944 0.710333 0.052734 0.065104