0 0.098608 0.213488 0.135676 0.236111
0 0.225538 0.218071 0.135676 0.236111
0 0.136346 0.393461 0.135676 0.236111
0 0.030000 0.359918 0.135676 0.236111
0 0.016277 0.205869 0.135676 0.236111
0 0.067731 0.542941 0.135676 0.236111
0 0.013700 0.664952 0.135676 0.236111
0 0.093462 0.715280 0.135676 0.236111
0 0.186946 0.597839 0.135676 0.236111
0 0.249554 0.719863 0.135676 0.236111
0 0.342177 0.617674 0.135676 0.236111
0 0.407354 0.730534 0.135676 0.236111
0 0.268423 0.469726 0.135676 0.236111
0 0.289862 0.335513 0.135676 0.236111
0 0.369623 0.268399 0.135676 0.236111
0 0.417646 0.456005 0.135676 0.236111
0 0.520562 0.359918 0.135676 0.236111
0 0.473392 0.250096 0.135676 0.236111
0 0.560015 0.549042 0.135676 0.236111
0 0.465677 0.640547 0.135676 0.236111
0 0.551438 0.727483 0.135676 0.236111
0 0.668077 0.661902 0.135676 0.236111
0 0.730685 0.451423 0.135676 0.236111
0 0.641492 0.280602 0.135676 0.236111
0 0.615762 0.439220 0.135676 0.236111
0 0.850754 0.285171 0.135676 0.236111
0 0.716100 0.262298 0.135676 0.236111
0 0.941662 0.448372 0.135676 0.236111
0 0.949377 0.274501 0.135676 0.236111
0 0.990546 0.346183 0.135676 0.236111
0 0.969962 0.677155 0.135676 0.236111
0 0.899638 0.747319 0.135676 0.236111
0 0.757269 0.744268 0.135676 0.236111
0 0.835315 0.642079 0.135676 0.236111
0 0.837031 0.417866 0.135676 0.236111