0 0.044969 0.462005 0.039181 0.075521
0 0.062687 0.612758 0.039181 0.075521
0 0.119570 0.435724 0.039181 0.075521
0 0.142891 0.468911 0.039181 0.075521
0 0.295820 0.556049 0.039181 0.075521
0 0.312609 0.484125 0.039181 0.075521
0 0.295820 0.463384 0.039181 0.075521
0 0.414250 0.468911 0.039181 0.075521
0 0.441297 0.471680 0.039181 0.075521
0 0.500047 0.491043 0.039181 0.075521
0 0.596094 0.499340 0.039181 0.075521
0 0.668836 0.484125 0.039181 0.075521
0 0.680023 0.562966 0.039181 0.075521
0 0.657641 0.687451 0.039181 0.075521
0 0.738773 0.488273 0.039181 0.075521
0 0.790063 0.513175 0.039181 0.075521
0 0.834820 0.727555 0.039181 0.075521
0 0.891711 0.751078 0.039181 0.075521
0 0.958852 0.676385 0.039181 0.075521
0 0.885180 0.499340 0.039181 0.075521
0 0.952320 0.467532 0.039181 0.075521