0 0.993615 0.088286 0.080374 0.140625
0 0.850205 0.019750 0.080374 0.140625
0 0.113923 0.827571 0.080374 0.140625
0 0.037231 0.877857 0.080374 0.140625
0 0.057538 0.686214 0.080374 0.140625
0 0.021436 0.576250 0.080374 0.140625
0 0.016923 0.463143 0.080374 0.140625
0 0.134231 0.321750 0.080374 0.140625
0 0.014692 0.299750 0.080374 0.140625
0 0.064308 0.186643 0.080374 0.140625
0 0.066564 0.035857 0.080374 0.140625
0 0.010179 0.057821 0.080374 0.140625
0 0.192872 0.029571 0.080374 0.140625
0 0.186103 0.174071 0.080374 0.140625
0 0.265051 0.095536 0.080374 0.140625
0 0.303410 0.026429 0.080374 0.140625
0 0.400410 0.010714 0.080374 0.140625
0 0.411667 0.120679 0.080374 0.140625
0 0.328205 0.224357 0.080374 0.140625
0 0.238000 0.365750 0.080374 0.140625
0 0.334974 0.378286 0.080374 0.140625
0 0.294385 0.516536 0.080374 0.140625
0 0.192872 0.485107 0.080374 0.140625
0 0.098128 0.500821 0.080374 0.140625
0 0.150026 0.607643 0.080374 0.140625
0 0.190615 0.733321 0.080374 0.140625
0 0.172564 0.893571 0.080374 0.140625
0 0.267308 0.849571 0.080374 0.140625
0 0.310179 0.708179 0.080374 0.140625
0 0.244769 0.629643 0.080374 0.140625
0 0.431974 0.610786 0.080374 0.140625
0 0.404897 0.478821 0.080374 0.140625
0 0.499641 0.466286 0.080374 0.140625
0 0.418436 0.299750 0.080374 0.140625
0 0.513179 0.328036 0.080374 0.140625
0 0.531231 0.189786 0.080374 0.140625
0 0.508667 0.035857 0.080374 0.140625
0 0.612436 0.035857 0.080374 0.140625
0 0.648513 0.123821 0.080374 0.140625
0 0.716179 0.035857 0.080374 0.140625
0 0.806410 0.123821 0.080374 0.140625
0 0.921462 0.070393 0.080374 0.140625
0 0.980103 0.205500 0.080374 0.140625
0 0.894385 0.202357 0.080374 0.140625
0 0.944026 0.299750 0.080374 0.140625
0 0.982359 0.340607 0.080374 0.140625
0 0.928231 0.425429 0.080374 0.140625
0 0.986872 0.485107 0.080374 0.140625
0 0.966564 0.601357 0.080374 0.140625
0 0.982359 0.767893 0.080374 0.140625
0 0.939513 0.912393 0.080374 0.140625
0 0.901154 0.730179 0.080374 0.140625
0 0.786154 0.768571 0.080374 0.140625
0 0.858308 0.899857 0.080374 0.140625
0 0.722949 0.915536 0.080374 0.140625
0 0.587615 0.918679 0.080374 0.140625
0 0.571821 0.811857 0.080374 0.140625
0 0.497385 0.887286 0.080374 0.140625
0 0.393641 0.830714 0.080374 0.140625
0 0.488359 0.733321 0.080374 0.140625
0 0.542513 0.569964 0.080374 0.140625
0 0.650769 0.547964 0.080374 0.140625
0 0.614692 0.676786 0.080374 0.140625
0 0.697692 0.679643 0.080374 0.140625
0 0.774846 0.613929 0.080374 0.140625
0 0.867333 0.532250 0.080374 0.140625
0 0.824462 0.431714 0.080374 0.140625
0 0.747769 0.469429 0.080374 0.140625
0 0.743256 0.365750 0.080374 0.140625
0 0.858308 0.290321 0.080374 0.140625
0 0.759051 0.252643 0.080374 0.140625
0 0.686872 0.290321 0.080374 0.140625
0 0.598897 0.331179 0.080374 0.140625
0 0.567308 0.441143 0.080374 0.140625
0 0.666564 0.425429 0.080374 0.140625
0 0.657538 0.840143 0.080374 0.140625