0 0.446144 0.822630 0.092929 0.115451
0 0.368769 0.789803 0.092929 0.115451
0 0.369751 0.708997 0.092929 0.115451
0 0.301190 0.725410 0.092929 0.115451
0 0.263973 0.621875 0.092929 0.115451
0 0.244385 0.541069 0.092929 0.115451
0 0.241445 0.417331 0.092929 0.115451
0 0.319797 0.443843 0.092929 0.115451
0 0.366811 0.596623 0.092929 0.115451
0 0.402070 0.481725 0.092929 0.115451
0 0.461811 0.597882 0.092929 0.115451
0 0.506867 0.706472 0.092929 0.115451
0 0.515682 0.816321 0.092929 0.115451
0 0.614598 0.782230 0.092929 0.115451
0 0.623413 0.634498 0.092929 0.115451
0 0.719395 0.674905 0.092929 0.115451
0 0.692950 0.561266 0.092929 0.115451
0 0.619496 0.505711 0.092929 0.115451
0 0.564649 0.544852 0.092929 0.115451
0 0.467691 0.498138 0.092929 0.115451
0 0.492172 0.387023 0.092929 0.115451
0 0.593052 0.423639 0.092929 0.115451
0 0.437330 0.407226 0.092929 0.115451
0 0.373667 0.268341 0.092929 0.115451
0 0.300209 0.327685 0.092929 0.115451
0 0.471607 0.210256 0.092929 0.115451
0 0.481399 0.123134 0.092929 0.115451
0 0.405005 0.167331 0.092929 0.115451
0 0.594034 0.171115 0.092929 0.115451
0 0.607742 0.255711 0.092929 0.115451
0 0.559751 0.299902 0.092929 0.115451
0 0.495112 0.297377 0.092929 0.115451
0 0.684135 0.345357 0.092929 0.115451
0 0.730168 0.433744 0.092929 0.115451
0 0.647899 0.423639 0.092929 0.115451
0 0.684135 0.232984 0.092929 0.115451
0 0.753672 0.595357 0.092929 0.115451