0 0.042156 0.567325 0.091748 0.126736
0 0.020563 0.368625 0.091748 0.126736
0 0.017313 0.465375 0.091748 0.126736
0 0.084281 0.399725 0.091748 0.126736
0 0.122078 0.527575 0.091748 0.126736
0 0.147984 0.631250 0.091748 0.126736
0 0.089672 0.695175 0.091748 0.126736
0 0.029203 0.722825 0.091748 0.126736
0 0.075641 0.532775 0.091748 0.126736
0 0.146906 0.902525 0.091748 0.126736
0 0.258141 0.854150 0.091748 0.126736
0 0.301344 0.966450 0.091748 0.126736
0 0.220344 0.975100 0.091748 0.126736
0 0.083187 0.978550 0.091748 0.126736
0 0.204141 0.239025 0.091748 0.126736
0 0.258141 0.349600 0.091748 0.126736
0 0.330500 0.358250 0.091748 0.126736
0 0.321859 0.499925 0.091748 0.126736
0 0.292703 0.232125 0.091748 0.126736
0 0.332656 0.144000 0.091748 0.126736
0 0.384484 0.069700 0.091748 0.126736
0 0.396375 0.201025 0.091748 0.126736
0 0.444969 0.093900 0.091748 0.126736
0 0.502203 0.149175 0.091748 0.126736
0 0.463328 0.254575 0.091748 0.126736
0 0.392047 0.315050 0.091748 0.126736
0 0.433078 0.368625 0.091748 0.126736
0 0.392047 0.460200 0.091748 0.126736
0 0.490328 0.387625 0.091748 0.126736
0 0.525953 0.273575 0.091748 0.126736
0 0.563750 0.204475 0.091748 0.126736
0 0.572391 0.325425 0.091748 0.126736
0 0.439562 0.729750 0.091748 0.126736
0 0.494641 0.651975 0.091748 0.126736
0 0.578875 0.548325 0.091748 0.126736
0 0.668500 0.517225 0.091748 0.126736
0 0.705219 0.586325 0.091748 0.126736
0 0.572391 0.662350 0.091748 0.126736
0 0.552953 0.788500 0.091748 0.126736
0 0.460078 0.885250 0.091748 0.126736
0 0.501125 0.971650 0.091748 0.126736
0 0.568078 0.961275 0.091748 0.126736
0 0.522719 0.886975 0.091748 0.126736
0 0.604797 0.814400 0.091748 0.126736
0 0.651234 0.747025 0.091748 0.126736
0 0.649062 0.892150 0.091748 0.126736
0 0.708469 0.788500 0.091748 0.126736
0 0.757062 0.779850 0.091748 0.126736
0 0.764625 0.651975 0.091748 0.126736
0 0.629969 0.634100 0.091748 0.126736
0 0.248078 0.262425 0.091748 0.126736