0 0.614489 0.711058 0.225490 0.066840
0 0.749467 0.739993 0.225490 0.066840
0 0.542689 0.761038 0.225490 0.066840
0 0.433533 0.708426 0.225490 0.066840
0 0.442156 0.674233 0.225490 0.066840
0 0.215267 0.682123 0.225490 0.066840
0 0.321533 0.635651 0.225490 0.066840
0 0.539800 0.566384 0.225490 0.066840
0 0.580022 0.616364 0.225490 0.066840
0 0.755222 0.584796 0.225490 0.066840
0 0.746600 0.649681 0.225490 0.066840
0 0.740844 0.680373 0.225490 0.066840
0 0.895956 0.631269 0.225490 0.066840
0 0.959133 0.585672 0.225490 0.066840
0 0.887333 0.711058 0.225490 0.066840
0 0.597244 0.827680 0.225490 0.066840
0 0.373222 0.936404 0.225490 0.066840
0 0.131978 0.892564 0.225490 0.066840
0 0.680533 0.879410 0.225490 0.066840
0 0.861489 0.816275 0.225490 0.066840