0 0.020980 0.074747 0.103516 0.146701
0 0.087300 0.063067 0.103516 0.146701
0 0.039080 0.231840 0.103516 0.146701
0 0.178820 0.133920 0.103516 0.146701
0 0.171700 0.221627 0.103516 0.146701
0 0.320760 0.119307 0.103516 0.146701
0 0.206220 0.034560 0.103516 0.146701
0 0.382120 0.050640 0.103516 0.146701
0 0.014960 0.387493 0.103516 0.146701
0 0.092220 0.358987 0.103516 0.146701
0 0.198000 0.403547 0.103516 0.146701
0 0.091680 0.606693 0.103516 0.146701
0 0.017700 0.521920 0.103516 0.146701
0 0.268680 0.292480 0.103516 0.146701
0 0.077980 0.839787 0.103516 0.146701
0 0.067560 0.966907 0.103516 0.146701
0 0.027020 0.708240 0.103516 0.146701
0 0.182660 0.920160 0.103516 0.146701
0 0.223200 0.791547 0.103516 0.146701
0 0.290620 0.652000 0.103516 0.146701
0 0.185940 0.642480 0.103516 0.146701
0 0.413360 0.712640 0.103516 0.146701
0 0.498300 0.860960 0.103516 0.146701
0 0.326780 0.917227 0.103516 0.146701
0 0.452820 0.982267 0.103516 0.146701
0 0.556400 0.972773 0.103516 0.146701
0 0.304860 0.496347 0.103516 0.146701
0 0.389260 0.565760 0.103516 0.146701
0 0.487340 0.571627 0.103516 0.146701
0 0.521880 0.378720 0.103516 0.146701
0 0.547080 0.690720 0.103516 0.146701
0 0.594220 0.562853 0.103516 0.146701
0 0.438580 0.190187 0.103516 0.146701
0 0.388700 0.345093 0.103516 0.146701
0 0.515840 0.087893 0.103516 0.146701
0 0.481860 0.032373 0.103516 0.146701
0 0.576120 0.052827 0.103516 0.146701
0 0.590380 0.146347 0.103516 0.146701
0 0.579420 0.214320 0.103516 0.146701
0 0.699420 0.179227 0.103516 0.146701
0 0.621620 0.300533 0.103516 0.146701
0 0.708200 0.328293 0.103516 0.146701
0 0.634220 0.425467 0.103516 0.146701
0 0.729020 0.459093 0.103516 0.146701
0 0.783820 0.342187 0.103516 0.146701
0 0.843560 0.424027 0.103516 0.146701
0 0.899460 0.283733 0.103516 0.146701
0 0.701620 0.014107 0.103516 0.146701
0 0.806300 0.043333 0.103516 0.146701
0 0.932340 0.060133 0.103516 0.146701
0 0.985500 0.212853 0.103516 0.146701
0 0.980020 0.358987 0.103516 0.146701
0 0.920280 0.459813 0.103516 0.146701
0 0.637500 0.634453 0.103516 0.146701
0 0.673120 0.613253 0.103516 0.146701
0 0.664360 0.738933 0.103516 0.146701
0 0.787120 0.598640 0.103516 0.146701
0 0.743280 0.650533 0.103516 0.146701
0 0.618880 0.822240 0.103516 0.146701
0 0.657240 0.944267 0.103516 0.146701
0 0.752040 0.840507 0.103516 0.146701
0 0.846300 0.931120 0.103516 0.146701
0 0.866020 0.791547 0.103516 0.146701
0 0.824920 0.754293 0.103516 0.146701
0 0.840820 0.689973 0.103516 0.146701
0 0.892880 0.697280 0.103516 0.146701
0 0.920280 0.864613 0.103516 0.146701
0 0.923560 0.972773 0.103516 0.146701
0 0.993160 0.966907 0.103516 0.146701
0 0.949320 0.722853 0.103516 0.146701
0 0.365040 0.234640 0.103516 0.146701