0 0.029677 0.762971 0.105364 0.140625
0 0.068185 0.543044 0.105364 0.140625
0 0.137492 0.401663 0.105364 0.140625
0 0.249169 0.325732 0.105364 0.140625
0 0.333885 0.257657 0.105364 0.140625
0 0.470585 0.181736 0.105364 0.140625
0 0.484062 0.323117 0.105364 0.140625
0 0.360838 0.417374 0.105364 0.140625
0 0.235692 0.558755 0.105364 0.140625
0 0.191408 0.773441 0.105364 0.140625
0 0.351215 0.789153 0.105364 0.140625
0 0.393569 0.616349 0.105364 0.140625
0 0.512946 0.488065 0.105364 0.140625
0 0.591885 0.365010 0.105364 0.140625
0 0.568777 0.244571 0.105364 0.140625
0 0.628462 0.145084 0.105364 0.140625
0 0.715108 0.197448 0.105364 0.140625
0 0.666969 0.281224 0.105364 0.140625
0 0.649646 0.490680 0.105364 0.140625
0 0.568777 0.637301 0.105364 0.140625
0 0.499469 0.768211 0.105364 0.140625
0 0.632315 0.762971 0.105364 0.140625
0 0.688154 0.624205 0.105364 0.140625
0 0.738208 0.755115 0.105364 0.140625
0 0.844108 0.642531 0.105364 0.140625
0 0.901869 0.752500 0.105364 0.140625
0 0.765169 0.501151 0.105364 0.140625
0 0.711254 0.375481 0.105364 0.140625
0 0.776715 0.265513 0.105364 0.140625
0 0.840254 0.378096 0.105364 0.140625
0 0.874915 0.495921 0.105364 0.140625
0 0.942300 0.632061 0.105364 0.140625
0 0.992362 0.742029 0.105364 0.140625