0 0.037300 0.015104 0.048794 0.080729
0 0.012062 0.055067 0.048794 0.080729
0 0.029723 0.122996 0.048794 0.080729
0 0.061269 0.089026 0.048794 0.080729
0 0.086508 0.017101 0.048794 0.080729
0 0.143292 0.027089 0.048794 0.080729
0 0.157169 0.120999 0.048794 0.080729
0 0.111746 0.085030 0.048794 0.080729
0 0.091554 0.150962 0.048794 0.080729
0 0.044869 0.214909 0.048794 0.080729
0 0.003231 0.176943 0.048794 0.080729
0 0.020892 0.284836 0.048794 0.080729
0 0.008277 0.334787 0.048794 0.080729
0 0.030985 0.380743 0.048794 0.080729
0 0.068846 0.324799 0.048794 0.080729
0 0.073892 0.260853 0.048794 0.080729
0 0.116792 0.228892 0.048794 0.080729
0 0.120577 0.318806 0.048794 0.080729
0 0.155908 0.270853 0.048794 0.080729
0 0.210169 0.278843 0.048794 0.080729
0 0.210169 0.200914 0.048794 0.080729
0 0.232877 0.136979 0.048794 0.080729
0 0.206385 0.049062 0.048794 0.080729
0 0.268215 0.023094 0.048794 0.080729
0 0.294708 0.111011 0.048794 0.080729
0 0.333823 0.043069 0.048794 0.080729
0 0.386823 0.025091 0.048794 0.080729
0 0.380515 0.093021 0.048794 0.080729
0 0.415846 0.087028 0.048794 0.080729
0 0.336354 0.176943 0.048794 0.080729
0 0.282092 0.180938 0.048794 0.080729
0 0.258115 0.232887 0.048794 0.080729
0 0.254331 0.316797 0.048794 0.080729
0 0.198808 0.362753 0.048794 0.080729
0 0.159692 0.394726 0.048794 0.080729
0 0.086508 0.456663 0.048794 0.080729
0 0.032246 0.464653 0.048794 0.080729
0 0.010800 0.542582 0.048794 0.080729
0 0.067577 0.508611 0.048794 0.080729
0 0.008277 0.658465 0.048794 0.080729
0 0.047392 0.630487 0.048794 0.080729
0 0.073892 0.576541 0.048794 0.080729
0 0.110485 0.530597 0.048794 0.080729
0 0.144554 0.466650 0.048794 0.080729
0 0.203862 0.468648 0.048794 0.080729
0 0.164738 0.516602 0.048794 0.080729
0 0.159692 0.574543 0.048794 0.080729
0 0.113008 0.622497 0.048794 0.080729
0 0.083985 0.682436 0.048794 0.080729
0 0.037300 0.720402 0.048794 0.080729
0 0.017108 0.800329 0.048794 0.080729
0 0.014585 0.870256 0.048794 0.080729
0 0.067577 0.866261 0.048794 0.080729
0 0.105438 0.888234 0.048794 0.080729
0 0.125623 0.824300 0.048794 0.080729
0 0.115531 0.752375 0.048794 0.080729
0 0.068846 0.764361 0.048794 0.080729
0 0.144554 0.692436 0.048794 0.080729
0 0.184931 0.652473 0.048794 0.080729
0 0.231615 0.596529 0.048794 0.080729
0 0.259377 0.520597 0.048794 0.080729
0 0.191238 0.544580 0.048794 0.080729
0 0.253069 0.446675 0.048794 0.080729
0 0.265685 0.384738 0.048794 0.080729
0 0.322469 0.358758 0.048794 0.080729
0 0.323731 0.266857 0.048794 0.080729
0 0.384300 0.182935 0.048794 0.080729
0 0.443608 0.140974 0.048794 0.080729
0 0.470108 0.075043 0.048794 0.080729
0 0.525623 0.033082 0.048794 0.080729
0 0.583669 0.019099 0.048794 0.080729
0 0.550862 0.073045 0.048794 0.080729
0 0.506700 0.113009 0.048794 0.080729
0 0.483985 0.180938 0.048794 0.080729
0 0.433508 0.222899 0.048794 0.080729
0 0.389346 0.260853 0.048794 0.080729
0 0.430985 0.292826 0.048794 0.080729
0 0.399438 0.346772 0.048794 0.080729
0 0.364108 0.408709 0.048794 0.080729
0 0.309854 0.440682 0.048794 0.080729
0 0.309854 0.522594 0.048794 0.080729
0 0.360323 0.480646 0.048794 0.080729
0 0.428462 0.434689 0.048794 0.080729
0 0.454962 0.352765 0.048794 0.080729
0 0.482723 0.286833 0.048794 0.080729
0 0.533192 0.232887 0.048794 0.080729
0 0.554646 0.148965 0.048794 0.080729
0 0.600069 0.117004 0.048794 0.080729
0 0.637931 0.045067 0.048794 0.080729
0 0.689662 0.011108 0.048794 0.080729
0 0.663162 0.097016 0.048794 0.080729
0 0.713638 0.115006 0.048794 0.080729
0 0.735092 0.051060 0.048794 0.080729
0 0.776731 0.025091 0.048794 0.080729
0 0.825938 0.053057 0.048794 0.080729
0 0.880200 0.039074 0.048794 0.080729
0 0.862531 0.113009 0.048794 0.080729
0 0.853700 0.194921 0.048794 0.080729
0 0.817108 0.146967 0.048794 0.080729
0 0.771685 0.087028 0.048794 0.080729
0 0.766631 0.166955 0.048794 0.080729
0 0.808277 0.250865 0.048794 0.080729
0 0.878938 0.260853 0.048794 0.080729
0 0.843608 0.336784 0.048794 0.080729
0 0.794392 0.324799 0.048794 0.080729
0 0.761585 0.262850 0.048794 0.080729
0 0.703546 0.230889 0.048794 0.080729
0 0.658115 0.172948 0.048794 0.080729
0 0.601338 0.204909 0.048794 0.080729
0 0.578623 0.260853 0.048794 0.080729
0 0.648023 0.248867 0.048794 0.080729
0 0.560954 0.326797 0.048794 0.080729
0 0.612692 0.322801 0.048794 0.080729
0 0.663162 0.324799 0.048794 0.080729
0 0.717423 0.310804 0.048794 0.080729
0 0.736354 0.382741 0.048794 0.080729
0 0.789346 0.396724 0.048794 0.080729
0 0.829723 0.412704 0.048794 0.080729
0 0.873892 0.394726 0.048794 0.080729
0 0.890292 0.464653 0.048794 0.080729
0 0.847392 0.482643 0.048794 0.080729
0 0.809538 0.464653 0.048794 0.080729
0 0.748969 0.460658 0.048794 0.080729
0 0.669477 0.400719 0.048794 0.080729
0 0.620262 0.386736 0.048794 0.080729
0 0.567262 0.414702 0.048794 0.080729
0 0.516792 0.366748 0.048794 0.080729
0 0.481462 0.452667 0.048794 0.080729
0 0.444869 0.506614 0.048794 0.080729
0 0.495338 0.548575 0.048794 0.080729
0 0.538246 0.486638 0.048794 0.080729
0 0.612692 0.464653 0.048794 0.080729
0 0.583669 0.518599 0.048794 0.080729
0 0.664423 0.480646 0.048794 0.080729
0 0.632877 0.536590 0.048794 0.080729
0 0.673262 0.566553 0.048794 0.080729
0 0.706069 0.524592 0.048794 0.080729
0 0.783038 0.550572 0.048794 0.080729
0 0.820892 0.598526 0.048794 0.080729
0 0.771685 0.610512 0.048794 0.080729
0 0.873892 0.568551 0.048794 0.080729
0 0.873892 0.636492 0.048794 0.080729
0 0.872631 0.706419 0.048794 0.080729
0 0.872631 0.814312 0.048794 0.080729
0 0.827200 0.674446 0.048794 0.080729
0 0.804492 0.754373 0.048794 0.080729
0 0.786823 0.828295 0.048794 0.080729
0 0.748969 0.676443 0.048794 0.080729
0 0.719946 0.780341 0.048794 0.080729
0 0.685877 0.688441 0.048794 0.080729
0 0.709854 0.622497 0.048794 0.080729
0 0.646762 0.644482 0.048794 0.080729
0 0.592500 0.584543 0.048794 0.080729
0 0.549600 0.554568 0.048794 0.080729
0 0.531931 0.612509 0.048794 0.080729
0 0.492815 0.640487 0.048794 0.080729
0 0.444869 0.600524 0.048794 0.080729
0 0.391869 0.546577 0.048794 0.080729
0 0.356538 0.574543 0.048794 0.080729
0 0.321208 0.636492 0.048794 0.080729
0 0.292185 0.592533 0.048794 0.080729
0 0.264423 0.642485 0.048794 0.080729
0 0.203862 0.708417 0.048794 0.080729
0 0.167262 0.784336 0.048794 0.080729
0 0.184931 0.878246 0.048794 0.080729
0 0.219000 0.814312 0.048794 0.080729
0 0.241715 0.744385 0.048794 0.080729
0 0.299754 0.718404 0.048794 0.080729
0 0.280831 0.788331 0.048794 0.080729
0 0.258115 0.860268 0.048794 0.080729
0 0.313638 0.882241 0.048794 0.080729
0 0.313638 0.834287 0.048794 0.080729
0 0.356538 0.860268 0.048794 0.080729
0 0.393131 0.816309 0.048794 0.080729
0 0.345185 0.774348 0.048794 0.080729
0 0.356538 0.680438 0.048794 0.080729
0 0.396915 0.632485 0.048794 0.080729
0 0.446131 0.670451 0.048794 0.080729
0 0.400700 0.744385 0.048794 0.080729
0 0.444869 0.800329 0.048794 0.080729
0 0.417108 0.846273 0.048794 0.080729
0 0.471369 0.880244 0.048794 0.080729
0 0.510485 0.808319 0.048794 0.080729
0 0.476415 0.754373 0.048794 0.080729
0 0.518054 0.716407 0.048794 0.080729
0 0.577362 0.670451 0.048794 0.080729
0 0.583669 0.732387 0.048794 0.080729
0 0.544554 0.770353 0.048794 0.080729
0 0.544554 0.870256 0.048794 0.080729
0 0.632877 0.832290 0.048794 0.080729
0 0.649285 0.722400 0.048794 0.080729
0 0.732562 0.878246 0.048794 0.080729
0 0.668215 0.884239 0.048794 0.080729
0 0.943292 0.027089 0.048794 0.080729
0 0.983669 0.069050 0.048794 0.080729
0 0.967262 0.148965 0.048794 0.080729
0 0.940769 0.097016 0.048794 0.080729
0 0.904177 0.079038 0.048794 0.080729
0 0.918054 0.162960 0.048794 0.080729
0 0.943292 0.218904 0.048794 0.080729
0 0.997546 0.200914 0.048794 0.080729
0 0.988715 0.290828 0.048794 0.080729
0 0.948338 0.316797 0.048794 0.080729
0 0.993762 0.386736 0.048794 0.080729
0 0.993762 0.472643 0.048794 0.080729
0 0.945815 0.436687 0.048794 0.080729
0 0.935723 0.512607 0.048794 0.080729
0 0.986192 0.548575 0.048794 0.080729
0 0.948338 0.592533 0.048794 0.080729
0 0.905438 0.582533 0.048794 0.080729
0 0.914269 0.666456 0.048794 0.080729
0 0.971054 0.666456 0.048794 0.080729
0 0.983669 0.760365 0.048794 0.080729
0 0.958431 0.820305 0.048794 0.080729
0 0.915531 0.752375 0.048794 0.080729
0 0.986192 0.868258 0.048794 0.080729
0 0.930669 0.876248 0.048794 0.080729
0 0.808277 0.876248 0.048794 0.080729