0 0.988813 0.834050 0.091440 0.118924
0 0.020427 0.406120 0.091440 0.118924
0 0.012500 0.578849 0.091440 0.118924
0 0.075907 0.527333 0.091440 0.118924
0 0.114407 0.377333 0.091440 0.118924
0 0.177820 0.547029 0.091440 0.118924
0 0.086100 0.712177 0.091440 0.118924
0 0.246887 0.366726 0.091440 0.118924
0 0.268400 0.575816 0.091440 0.118924
0 0.160833 0.703087 0.091440 0.118924
0 0.288787 0.203087 0.091440 0.118924
0 0.312567 0.131873 0.091440 0.118924
0 0.381633 0.134906 0.091440 0.118924
0 0.360120 0.213693 0.091440 0.118924
0 0.321620 0.277333 0.091440 0.118924
0 0.482413 0.125816 0.091440 0.118924
0 0.438253 0.274300 0.091440 0.118924
0 0.345400 0.404603 0.091440 0.118924
0 0.434853 0.457636 0.091440 0.118924
0 0.515247 0.398546 0.091440 0.118924
0 0.554880 0.257636 0.091440 0.118924
0 0.634147 0.297029 0.091440 0.118924
0 0.648867 0.100054 0.091440 0.118924
0 0.765493 0.215210 0.091440 0.118924
0 0.757567 0.343996 0.091440 0.118924
0 0.682833 0.472783 0.091440 0.118924
0 0.533367 0.550054 0.091440 0.118924
0 0.417867 0.660660 0.091440 0.118924
0 0.385033 0.551570 0.091440 0.118924
0 0.322753 0.687939 0.091440 0.118924
0 0.857213 0.447029 0.091440 0.118924
0 0.901373 0.321267 0.091440 0.118924
0 0.926280 0.251570 0.091440 0.118924
0 0.987427 0.365210 0.091440 0.118924
0 0.963647 0.572783 0.091440 0.118924
0 0.611500 0.669750 0.091440 0.118924
0 0.781347 0.756120 0.091440 0.118924
0 0.251193 0.802480 0.091440 0.118924
0 0.182687 0.818243 0.091440 0.118924
0 0.024160 0.867939 0.091440 0.118924
0 0.429193 0.849599 0.091440 0.118924
0 0.532913 0.818243 0.091440 0.118924
0 0.793120 0.870660 0.091440 0.118924
0 0.904653 0.831267 0.091440 0.118924