0 0.039829 0.707876 0.027875 0.058160
0 0.022598 0.563933 0.027875 0.058160
0 0.074291 0.544237 0.027875 0.058160
0 0.097605 0.553330 0.027875 0.058160
0 0.078346 0.489691 0.027875 0.058160
0 0.053009 0.485145 0.027875 0.058160
0 0.025640 0.479088 0.027875 0.058160
0 0.011450 0.366964 0.027875 0.058160
0 0.039829 0.379088 0.027875 0.058160
0 0.063143 0.391206 0.027875 0.058160
0 0.068212 0.407876 0.027875 0.058160
0 0.150312 0.385145 0.027875 0.058160
0 0.183760 0.409387 0.027875 0.058160
0 0.167543 0.486660 0.027875 0.058160
0 0.232411 0.350299 0.027875 0.058160
0 0.220249 0.383634 0.027875 0.058160
0 0.165515 0.097268 0.027875 0.058160
0 0.310456 0.518480 0.027875 0.058160
0 0.299308 0.429088 0.027875 0.058160
0 0.279035 0.394237 0.027875 0.058160
0 0.278022 0.495753 0.027875 0.058160
0 0.300322 0.603330 0.027875 0.058160
0 0.264846 0.594237 0.027875 0.058160
0 0.227343 0.585145 0.027875 0.058160
0 0.126998 0.623026 0.027875 0.058160
0 0.138146 0.677572 0.027875 0.058160
0 0.150312 0.735145 0.027875 0.058160
0 0.166529 0.830603 0.027875 0.058160
0 0.196936 0.876057 0.027875 0.058160
0 0.224301 0.819995 0.027875 0.058160
0 0.207070 0.791206 0.027875 0.058160
0 0.239505 0.795753 0.027875 0.058160
0 0.274980 0.803330 0.027875 0.058160
0 0.236467 0.853330 0.027875 0.058160
0 0.255722 0.947268 0.027875 0.058160
0 0.337825 0.813933 0.027875 0.058160
0 0.371273 0.739691 0.027875 0.058160
0 0.357080 0.730603 0.027875 0.058160
0 0.329715 0.682119 0.027875 0.058160
0 0.312484 0.723026 0.027875 0.058160
0 0.272953 0.718480 0.027875 0.058160
0 0.224301 0.703330 0.027875 0.058160
0 0.322618 0.626057 0.027875 0.058160
0 0.341877 0.591206 0.027875 0.058160
0 0.349987 0.633634 0.027875 0.058160
0 0.368232 0.635145 0.027875 0.058160
0 0.393570 0.569995 0.027875 0.058160
0 0.401680 0.542722 0.027875 0.058160
0 0.363163 0.519995 0.027875 0.058160
0 0.416883 0.591206 0.027875 0.058160
0 0.443235 0.568480 0.027875 0.058160
0 0.396611 0.616964 0.027875 0.058160
0 0.422963 0.616964 0.027875 0.058160
0 0.445262 0.651815 0.027875 0.058160
0 0.431073 0.791206 0.027875 0.058160
0 0.359108 0.191206 0.027875 0.058160
0 0.346946 0.300299 0.027875 0.058160
0 0.351001 0.342722 0.027875 0.058160
0 0.374311 0.286660 0.027875 0.058160
0 0.396611 0.248784 0.027875 0.058160
0 0.396611 0.191206 0.027875 0.058160
0 0.444249 0.298784 0.027875 0.058160
0 0.447290 0.342722 0.027875 0.058160
0 0.410801 0.363933 0.027875 0.058160
0 0.386476 0.335145 0.027875 0.058160
0 0.495942 0.360902 0.027875 0.058160
0 0.469590 0.360902 0.027875 0.058160
0 0.477697 0.210902 0.027875 0.058160
0 0.487835 0.238176 0.027875 0.058160
0 0.512159 0.223026 0.027875 0.058160
0 0.538514 0.215449 0.027875 0.058160
0 0.572972 0.186660 0.027875 0.058160
0 0.589193 0.226057 0.027875 0.058160
0 0.551690 0.265449 0.027875 0.058160
0 0.531417 0.265449 0.027875 0.058160
0 0.537500 0.344237 0.027875 0.058160
0 0.540538 0.382119 0.027875 0.058160
0 0.563852 0.330603 0.027875 0.058160
0 0.580069 0.336660 0.027875 0.058160
0 0.599327 0.292722 0.027875 0.058160
0 0.586152 0.282119 0.027875 0.058160
0 0.623652 0.329088 0.027875 0.058160
0 0.641896 0.342722 0.027875 0.058160
0 0.656089 0.318480 0.027875 0.058160
0 0.689537 0.344237 0.027875 0.058160
0 0.686496 0.401815 0.027875 0.058160
0 0.590203 0.436660 0.027875 0.058160
0 0.525335 0.451815 0.027875 0.058160
0 0.491886 0.419995 0.027875 0.058160
0 0.596286 0.503330 0.027875 0.058160
0 0.423471 0.983634 0.027875 0.058160
0 0.484285 0.965905 0.027875 0.058160
0 0.496145 0.923026 0.027875 0.058160
0 0.553514 0.910299 0.027875 0.058160
0 0.566184 0.928024 0.027875 0.058160
0 0.586453 0.901511 0.027875 0.058160
0 0.649803 0.857268 0.027875 0.058160
0 0.683658 0.960902 0.027875 0.058160
0 0.612707 0.992418 0.027875 0.058160
0 0.575509 0.718480 0.027875 0.058160
0 0.590712 0.670451 0.027875 0.058160
0 0.586453 0.640147 0.027875 0.058160
0 0.602572 0.617420 0.027875 0.058160
0 0.620308 0.619995 0.027875 0.058160
0 0.632067 0.569387 0.027875 0.058160
0 0.608448 0.573178 0.027875 0.058160
0 0.605915 0.558024 0.027875 0.058160
0 0.558583 0.608632 0.027875 0.058160
0 0.507090 0.671663 0.027875 0.058160
0 0.480942 0.661663 0.027875 0.058160
0 0.503747 0.626209 0.027875 0.058160
0 0.461480 0.633781 0.027875 0.058160
0 0.616864 0.518936 0.027875 0.058160
0 0.653248 0.551815 0.027875 0.058160
0 0.656594 0.588328 0.027875 0.058160
0 0.676056 0.598480 0.027875 0.058160
0 0.690348 0.568176 0.027875 0.058160
0 0.687001 0.510147 0.027875 0.058160
0 0.731801 0.460902 0.027875 0.058160
0 0.744472 0.510147 0.027875 0.058160
0 0.785016 0.532874 0.027875 0.058160
0 0.832247 0.478480 0.027875 0.058160
0 0.823835 0.510147 0.027875 0.058160
0 0.866102 0.416660 0.027875 0.058160
0 0.893976 0.549240 0.027875 0.058160
0 0.966549 0.556812 0.027875 0.058160
0 0.947999 0.599691 0.027875 0.058160
0 0.927726 0.636361 0.027875 0.058160
0 0.899852 0.640147 0.027875 0.058160
0 0.888907 0.618632 0.027875 0.058160
0 0.818766 0.633781 0.027875 0.058160
0 0.804373 0.585905 0.027875 0.058160
0 0.763832 0.654085 0.027875 0.058160
0 0.748629 0.684389 0.027875 0.058160
0 0.727546 0.708328 0.027875 0.058160
0 0.718222 0.559387 0.027875 0.058160
0 0.696325 0.651511 0.027875 0.058160
0 0.704741 0.665449 0.027875 0.058160
0 0.708084 0.770147 0.027875 0.058160
0 0.626998 0.710902 0.027875 0.058160
0 0.753694 0.726057 0.027875 0.058160
0 0.783291 0.710902 0.027875 0.058160
0 0.842385 0.695753 0.027875 0.058160
0 0.811975 0.804237 0.027875 0.058160
0 0.801030 0.890147 0.027875 0.058160
0 0.833159 0.856057 0.027875 0.058160
0 0.879583 0.936812 0.027875 0.058160
0 0.972526 0.973482 0.027875 0.058160
0 0.964012 0.992418 0.027875 0.058160
0 0.994419 0.832119 0.027875 0.058160
0 0.964012 0.753781 0.027875 0.058160
0 0.906644 0.787876 0.027875 0.058160
0 0.977595 0.660299 0.027875 0.058160
0 0.482359 0.376508 0.027875 0.058160