0 0.080062 0.895883 0.052869 0.095486
0 0.097562 0.793783 0.052869 0.095486
0 0.064505 0.746650 0.052869 0.095486
0 0.027574 0.710000 0.052869 0.095486
0 0.015903 0.644550 0.052869 0.095486
0 0.076176 0.490067 0.052869 0.095486
0 0.021733 0.435083 0.052869 0.095486
0 0.031460 0.377483 0.052869 0.095486
0 0.037290 0.312033 0.052869 0.095486
0 0.080062 0.217783 0.052869 0.095486
0 0.111176 0.073783 0.052869 0.095486
0 0.142277 0.139233 0.052869 0.095486
0 0.221993 0.139233 0.052869 0.095486
0 0.140334 0.243967 0.052869 0.095486
0 0.163663 0.359167 0.052869 0.095486
0 0.111176 0.401050 0.052869 0.095486
0 0.078119 0.361783 0.052869 0.095486
0 0.122834 0.442950 0.052869 0.095486
0 0.148106 0.484833 0.052869 0.095486
0 0.210322 0.531967 0.052869 0.095486
0 0.221993 0.618367 0.052869 0.095486
0 0.256980 0.411533 0.052869 0.095486
0 0.247265 0.298950 0.052869 0.095486
0 0.305594 0.390583 0.052869 0.095486
0 0.344468 0.338217 0.052869 0.095486
0 0.383354 0.280617 0.052869 0.095486
0 0.451399 0.322517 0.052869 0.095486
0 0.494171 0.327750 0.052869 0.095486
0 0.542785 0.327750 0.052869 0.095486
0 0.525285 0.147083 0.052869 0.095486
0 0.601101 0.374867 0.052869 0.095486
0 0.612772 0.411533 0.052869 0.095486
0 0.665260 0.429850 0.052869 0.095486
0 0.680817 0.348683 0.052869 0.095486
0 0.731374 0.387967 0.052869 0.095486
0 0.723589 0.427233 0.052869 0.095486
0 0.836349 0.382733 0.052869 0.095486
0 0.807191 0.458650 0.052869 0.095486
0 0.793577 0.508400 0.052869 0.095486
0 0.762475 0.592183 0.052869 0.095486
0 0.795532 0.605267 0.052869 0.095486
0 0.807191 0.655017 0.052869 0.095486
0 0.886906 0.602650 0.052869 0.095486
0 0.863577 0.655017 0.052869 0.095486
0 0.918007 0.644550 0.052869 0.095486
0 0.968564 0.605267 0.052869 0.095486
0 0.960780 0.670733 0.052869 0.095486
0 0.953007 0.785933 0.052869 0.095486
0 0.993837 0.785933 0.052869 0.095486
0 0.980223 0.838283 0.052869 0.095486
0 0.888849 0.901133 0.052869 0.095486
0 0.869406 0.736183 0.052869 0.095486
0 0.778032 0.783317 0.052869 0.095486
0 0.731374 0.762367 0.052869 0.095486
0 0.708032 0.668117 0.052869 0.095486
0 0.700260 0.618367 0.052869 0.095486
0 0.692488 0.558150 0.052869 0.095486
0 0.639988 0.579083 0.052869 0.095486
0 0.624443 0.555533 0.052869 0.095486
0 0.521399 0.610517 0.052869 0.095486
0 0.463069 0.681200 0.052869 0.095486
0 0.391139 0.652400 0.052869 0.095486
0 0.533057 0.681200 0.052869 0.095486
0 0.544728 0.712617 0.052869 0.095486
0 0.585557 0.655017 0.052869 0.095486
0 0.531114 0.833050 0.052869 0.095486
0 0.618601 0.838283 0.052869 0.095486
0 0.618601 0.859233 0.052869 0.095486
0 0.674988 0.817350 0.052869 0.095486
0 0.694431 0.749267 0.052869 0.095486
0 0.618601 0.943017 0.052869 0.095486
0 0.428069 1.000000 0.052869 0.095486
0 0.396968 0.963967 0.052869 0.095486
0 0.330866 0.950867 0.052869 0.095486
0 0.295866 0.854000 0.052869 0.095486
0 0.272537 0.819967 0.052869 0.095486
0 0.307537 0.801633 0.052869 0.095486
0 0.171436 0.762367 0.052869 0.095486
0 0.185050 0.788550 0.052869 0.095486
0 0.171436 0.943017 0.052869 0.095486
0 0.231708 0.987533 0.052869 0.095486