0 0.405000 0.511585 0.060317 0.078125
0 0.456274 0.517644 0.060317 0.078125
0 0.532493 0.516133 0.060317 0.078125
0 0.574065 0.496430 0.060317 0.078125
0 0.427168 0.378252 0.060317 0.078125
0 0.472900 0.375215 0.060317 0.078125
0 0.513089 0.381274 0.060317 0.078125
0 0.571287 0.364607 0.060317 0.078125
0 0.377276 0.644919 0.060317 0.078125
0 0.447954 0.661585 0.060317 0.078125
0 0.518631 0.654000 0.060317 0.078125
0 0.596233 0.637333 0.060317 0.078125
0 0.362033 0.804000 0.060317 0.078125
0 0.449336 0.817644 0.060317 0.078125
0 0.528333 0.808548 0.060317 0.078125
0 0.619797 0.772193 0.060317 0.078125