0 0.555437 0.607688 0.066840 0.047743
0 0.459641 0.652022 0.066840 0.047743
0 0.393930 0.643313 0.066840 0.047743
0 0.335343 0.730400 0.066840 0.047743
0 0.317929 0.630645 0.066840 0.047743
0 0.393137 0.594228 0.066840 0.047743
0 0.355927 0.578395 0.066840 0.047743
0 0.351969 0.552267 0.066840 0.047743
0 0.306054 0.541977 0.066840 0.047743
0 0.291009 0.504767 0.066840 0.047743
0 0.251426 0.487349 0.066840 0.047743
0 0.234800 0.469931 0.066840 0.047743
0 0.622439 0.551732 0.066840 0.047743
0 0.766377 0.463346 0.066840 0.047743
0 0.806781 0.414105 0.066840 0.047743
0 0.766377 0.401479 0.066840 0.047743
0 0.736074 0.378750 0.066840 0.047743
0 0.688092 0.363599 0.066840 0.047743
0 0.657790 0.348448 0.066840 0.047743
0 0.627488 0.342136 0.066840 0.047743
0 0.594661 0.328248 0.066840 0.047743
0 0.563092 0.315621 0.066840 0.047743
0 0.516377 0.359812 0.066840 0.047743
0 0.549203 0.362337 0.066840 0.047743
0 0.578248 0.376225 0.066840 0.047743
0 0.609306 0.384052 0.066840 0.047743
0 0.626859 0.394914 0.066840 0.047743
0 0.651099 0.414734 0.066840 0.047743
0 0.701981 0.429383 0.066840 0.047743
0 0.697692 0.492892 0.066840 0.047743
0 0.664734 0.476099 0.066840 0.047743
0 0.640621 0.456654 0.066840 0.047743
0 0.598068 0.443525 0.066840 0.047743
0 0.578121 0.430899 0.066840 0.047743
0 0.540368 0.417259 0.066840 0.047743
0 0.498954 0.401099 0.066840 0.047743
0 0.473321 0.384306 0.066840 0.047743
0 0.441250 0.369028 0.066840 0.047743
0 0.373574 0.401605 0.066840 0.047743
0 0.394028 0.423068 0.066840 0.047743
0 0.431275 0.428370 0.066840 0.047743
0 0.450719 0.451352 0.066840 0.047743
0 0.500592 0.463472 0.066840 0.047743
0 0.537843 0.485441 0.066840 0.047743
0 0.588599 0.510192 0.066840 0.047743
0 0.297565 0.450343 0.066840 0.047743
0 0.344788 0.470797 0.066840 0.047743
0 0.399837 0.494408 0.066840 0.047743
0 0.431781 0.509559 0.066840 0.047743
0 0.458043 0.535315 0.066840 0.047743
0 0.507414 0.560441 0.066840 0.047743