0 0.180287 0.501818 0.026065 0.032118
0 0.213875 0.503680 0.026065 0.032118
0 0.241850 0.501818 0.026065 0.032118
0 0.277587 0.496190 0.026065 0.032118
0 0.313225 0.499935 0.026065 0.032118
0 0.315275 0.486840 0.026065 0.032118
0 0.357400 0.498074 0.026065 0.032118
0 0.389800 0.505541 0.026065 0.032118
0 0.425438 0.501818 0.026065 0.032118
0 0.420138 0.533593 0.026065 0.032118
0 0.468738 0.492468 0.026065 0.032118
0 0.517338 0.490584 0.026065 0.032118
0 0.549725 0.498074 0.026065 0.032118
0 0.553938 0.529848 0.026065 0.032118
0 0.587525 0.475628 0.026065 0.032118
0 0.623162 0.498074 0.026065 0.032118
0 0.612263 0.501818 0.026065 0.032118
0 0.675975 0.501818 0.026065 0.032118
0 0.737525 0.492468 0.026065 0.032118
0 0.791625 0.496190 0.026065 0.032118
0 0.822950 0.496190 0.026065 0.032118
0 0.849950 0.483117 0.026065 0.032118