0 0.533942 0.342396 0.085169 0.105903
0 0.450592 0.354509 0.085169 0.105903
0 0.385189 0.378750 0.085169 0.105903
0 0.318501 0.412083 0.085169 0.105903
0 0.263363 0.477247 0.085169 0.105903
0 0.247972 0.575729 0.085169 0.105903
0 0.274912 0.659062 0.085169 0.105903
0 0.354408 0.740878 0.085169 0.105903
0 0.472128 0.800417 0.085169 0.105903
0 0.599723 0.784658 0.085169 0.105903
0 0.730013 0.655878 0.085169 0.105903
0 0.753992 0.564821 0.085169 0.105903
0 0.756688 0.483155 0.085169 0.105903
0 0.703463 0.420268 0.085169 0.105903
0 0.628967 0.373155 0.085169 0.105903