0 0.523492 0.768395 0.099537 0.145833
0 0.237654 0.961120 0.099537 0.145833
0 0.203738 0.853845 0.099537 0.145833
0 0.152869 0.708395 0.099537 0.145833
0 0.099577 0.493845 0.099537 0.145833
0 0.185577 0.441120 0.099537 0.145833
0 0.277623 0.261120 0.099537 0.145833
0 0.288523 0.395670 0.099537 0.145833
0 0.341815 0.482933 0.099537 0.145833
0 0.263092 0.544758 0.099537 0.145833
0 0.272777 0.639307 0.099537 0.145833
0 0.194054 0.621120 0.099537 0.145833
0 0.311538 0.775670 0.099537 0.145833
0 0.244923 0.761120 0.099537 0.145833
0 0.340608 0.877483 0.099537 0.145833
0 0.297000 0.921120 0.099537 0.145833
0 0.419331 0.886570 0.099537 0.145833
0 0.442346 0.775670 0.099537 0.145833
0 0.389054 0.668395 0.099537 0.145833
0 0.436292 0.502933 0.099537 0.145833
0 0.378154 0.337483 0.099537 0.145833
0 0.455669 0.402933 0.099537 0.145833
0 0.518654 0.282933 0.099537 0.145833
0 0.521069 0.412032 0.099537 0.145833
0 0.540454 0.539307 0.099537 0.145833
0 0.485946 0.653845 0.099537 0.145833
0 0.564677 0.853845 0.099537 0.145833
0 0.601008 0.684758 0.099537 0.145833
0 0.647038 0.553845 0.099537 0.145833
0 0.599800 0.406570 0.099537 0.145833
0 0.655515 0.295670 0.099537 0.145833
0 0.680946 0.413845 0.099537 0.145833