0 0.918578 0.016766 0.058160 0.074653
0 0.978578 0.007672 0.058160 0.074653
0 0.069484 0.362219 0.058160 0.074653
0 0.100391 0.358578 0.058160 0.074653
0 0.105859 0.305859 0.058160 0.074653
0 0.149484 0.274938 0.058160 0.074653
0 0.142219 0.311312 0.058160 0.074653
0 0.193125 0.325859 0.058160 0.074653
0 0.158578 0.360391 0.058160 0.074653
0 0.114938 0.422219 0.058160 0.074653
0 0.133125 0.407672 0.058160 0.074653
0 0.160391 0.407672 0.058160 0.074653
0 0.142219 0.460391 0.058160 0.074653
0 0.173125 0.511312 0.058160 0.074653
0 0.191312 0.478578 0.058160 0.074653
0 0.200391 0.416766 0.058160 0.074653
0 0.220391 0.378578 0.058160 0.074653
0 0.229484 0.431312 0.058160 0.074653
0 0.264031 0.462219 0.058160 0.074653
0 0.240391 0.516766 0.058160 0.074653
0 0.191312 0.553125 0.058160 0.074653
0 0.165859 0.562219 0.058160 0.074653
0 0.198578 0.580391 0.058160 0.074653
0 0.242219 0.565859 0.058160 0.074653
0 0.238578 0.593125 0.058160 0.074653
0 0.202219 0.627672 0.058160 0.074653
0 0.220391 0.671312 0.058160 0.074653
0 0.253125 0.740391 0.058160 0.074653
0 0.253125 0.689484 0.058160 0.074653
0 0.280391 0.644031 0.058160 0.074653
0 0.294937 0.580391 0.058160 0.074653
0 0.322219 0.660391 0.058160 0.074653
0 0.291312 0.720391 0.058160 0.074653
0 0.322219 0.758578 0.058160 0.074653
0 0.313125 0.791312 0.058160 0.074653
0 0.285859 0.813125 0.058160 0.074653
0 0.344031 0.840391 0.058160 0.074653
0 0.305859 0.856766 0.058160 0.074653
0 0.302219 0.891313 0.058160 0.074653
0 0.336766 0.949484 0.058160 0.074653
0 0.367672 0.936766 0.058160 0.074653
0 0.382219 0.918578 0.058160 0.074653
0 0.329484 0.896766 0.058160 0.074653
0 0.374937 0.884031 0.058160 0.074653
0 0.351312 0.913125 0.058160 0.074653
0 0.414937 0.914937 0.058160 0.074653
0 0.447672 0.893125 0.058160 0.074653
0 0.454937 0.849484 0.058160 0.074653
0 0.411312 0.849484 0.058160 0.074653
0 0.358578 0.800391 0.058160 0.074653
0 0.407672 0.780391 0.058160 0.074653
0 0.400391 0.738578 0.058160 0.074653
0 0.356766 0.720391 0.058160 0.074653
0 0.536766 0.845859 0.058160 0.074653
0 0.487672 0.865859 0.058160 0.074653
0 0.489484 0.811312 0.058160 0.074653
0 0.538578 0.791312 0.058160 0.074653
0 0.482219 0.738578 0.058160 0.074653
0 0.444031 0.718578 0.058160 0.074653
0 0.398578 0.689484 0.058160 0.074653
0 0.384031 0.653125 0.058160 0.074653
0 0.427672 0.613125 0.058160 0.074653
0 0.378578 0.582219 0.058160 0.074653
0 0.529484 0.754938 0.058160 0.074653
0 0.494937 0.691312 0.058160 0.074653
0 0.451312 0.665859 0.058160 0.074653
0 0.494937 0.631313 0.058160 0.074653
0 0.556766 0.687672 0.058160 0.074653
0 0.536766 0.700391 0.058160 0.074653
0 0.573125 0.740391 0.058160 0.074653
0 0.598578 0.774937 0.058160 0.074653
0 0.627672 0.805859 0.058160 0.074653
0 0.449484 0.576766 0.058160 0.074653
0 0.418578 0.527672 0.058160 0.074653
0 0.385859 0.509484 0.058160 0.074653
0 0.373125 0.482219 0.058160 0.074653
0 0.325859 0.491312 0.058160 0.074653
0 0.298578 0.538578 0.058160 0.074653
0 0.340391 0.536766 0.058160 0.074653
0 0.253125 0.236766 0.058160 0.074653
0 0.253125 0.274938 0.058160 0.074653
0 0.316766 0.369484 0.058160 0.074653
0 0.344031 0.431312 0.058160 0.074653
0 0.387672 0.425859 0.058160 0.074653
0 0.385859 0.385859 0.058160 0.074653
0 0.369484 0.342219 0.058160 0.074653
0 0.371312 0.284031 0.058160 0.074653
0 0.476766 0.369484 0.058160 0.074653
0 0.427672 0.345859 0.058160 0.074653
0 0.447672 0.418578 0.058160 0.074653
0 0.476766 0.451312 0.058160 0.074653
0 0.456766 0.498578 0.058160 0.074653
0 0.411312 0.464031 0.058160 0.074653
0 0.504031 0.560391 0.058160 0.074653
0 0.505859 0.498578 0.058160 0.074653
0 0.333125 0.204031 0.058160 0.074653
0 0.376766 0.231313 0.058160 0.074653
0 0.398578 0.180391 0.058160 0.074653
0 0.427672 0.156766 0.058160 0.074653
0 0.464031 0.167672 0.058160 0.074653
0 0.414937 0.204031 0.058160 0.074653
0 0.447672 0.222219 0.058160 0.074653
0 0.416766 0.298578 0.058160 0.074653
0 0.464031 0.282219 0.058160 0.074653
0 0.509484 0.258578 0.058160 0.074653
0 0.489484 0.196766 0.058160 0.074653
0 0.522219 0.216766 0.058160 0.074653
0 0.513125 0.309484 0.058160 0.074653
0 0.529484 0.382219 0.058160 0.074653
0 0.511312 0.431312 0.058160 0.074653
0 0.553125 0.429484 0.058160 0.074653
0 0.600391 0.464031 0.058160 0.074653
0 0.594938 0.514937 0.058160 0.074653
0 0.551312 0.531312 0.058160 0.074653
0 0.571313 0.605859 0.058160 0.074653
0 0.584031 0.569484 0.058160 0.074653
0 0.633125 0.540391 0.058160 0.074653
0 0.542219 0.631313 0.058160 0.074653
0 0.609484 0.644031 0.058160 0.074653
0 0.618578 0.684031 0.058160 0.074653
0 0.645859 0.700391 0.058160 0.074653
0 0.629484 0.729484 0.058160 0.074653
0 0.533125 0.144031 0.058160 0.074653
0 0.520391 0.111312 0.058160 0.074653
0 0.553125 0.096766 0.058160 0.074653
0 0.564031 0.122219 0.058160 0.074653
0 0.600391 0.071313 0.058160 0.074653
0 0.604031 0.109484 0.058160 0.074653
0 0.645859 0.120391 0.058160 0.074653
0 0.644031 0.087672 0.058160 0.074653
0 0.673125 0.056766 0.058160 0.074653
0 0.680391 0.080391 0.058160 0.074653
0 0.680391 0.107672 0.058160 0.074653
0 0.700391 0.100391 0.058160 0.074653
0 0.704031 0.140391 0.058160 0.074653
0 0.704031 0.114938 0.058160 0.074653
0 0.720391 0.171312 0.058160 0.074653
0 0.680391 0.200391 0.058160 0.074653
0 0.647672 0.234938 0.058160 0.074653
0 0.633125 0.160391 0.058160 0.074653
0 0.589484 0.187672 0.058160 0.074653
0 0.556766 0.233125 0.058160 0.074653
0 0.614938 0.240391 0.058160 0.074653
0 0.573125 0.287672 0.058160 0.074653
0 0.574937 0.316766 0.058160 0.074653
0 0.598578 0.342219 0.058160 0.074653
0 0.600391 0.378578 0.058160 0.074653
0 0.656766 0.302219 0.058160 0.074653
0 0.753125 0.233125 0.058160 0.074653
0 0.714938 0.260391 0.058160 0.074653
0 0.747672 0.298578 0.058160 0.074653
0 0.762219 0.327672 0.058160 0.074653
0 0.685859 0.342219 0.058160 0.074653
0 0.714938 0.307672 0.058160 0.074653
0 0.665859 0.394937 0.058160 0.074653
0 0.640391 0.444031 0.058160 0.074653
0 0.785859 0.351312 0.058160 0.074653
0 0.813125 0.380391 0.058160 0.074653
0 0.731313 0.414937 0.058160 0.074653
0 0.684031 0.465859 0.058160 0.074653
0 0.685859 0.784031 0.058160 0.074653
0 0.702219 0.742219 0.058160 0.074653
0 0.724031 0.760391 0.058160 0.074653
0 0.749484 0.760391 0.058160 0.074653
0 0.745859 0.722219 0.058160 0.074653
0 0.787672 0.714938 0.058160 0.074653
0 0.825859 0.707672 0.058160 0.074653
0 0.820391 0.660391 0.058160 0.074653
0 0.698578 0.638578 0.058160 0.074653
0 0.664031 0.669484 0.058160 0.074653
0 0.627672 0.607672 0.058160 0.074653
0 0.676766 0.551312 0.058160 0.074653
0 0.716766 0.544031 0.058160 0.074653
0 0.709484 0.580391 0.058160 0.074653
0 0.765859 0.553125 0.058160 0.074653
0 0.774937 0.616766 0.058160 0.074653
0 0.824031 0.593125 0.058160 0.074653
0 0.884031 0.598578 0.058160 0.074653
0 0.914937 0.640391 0.058160 0.074653
0 0.927672 0.594938 0.058160 0.074653
0 0.911313 0.545859 0.058160 0.074653
0 0.851313 0.558578 0.058160 0.074653
0 0.804031 0.534937 0.058160 0.074653
0 0.729484 0.504031 0.058160 0.074653
0 0.767672 0.453125 0.058160 0.074653
0 0.814937 0.462219 0.058160 0.074653
0 0.849484 0.413125 0.058160 0.074653
0 0.836766 0.511312 0.058160 0.074653
0 0.865859 0.511312 0.058160 0.074653
0 0.894938 0.484031 0.058160 0.074653
0 0.907672 0.516766 0.058160 0.074653
0 0.733125 0.653125 0.058160 0.074653
0 0.824031 0.344031 0.058160 0.074653