0 0.309308 0.663714 0.169118 0.118056
0 0.486731 0.628857 0.169118 0.118056
0 0.552000 0.731886 0.169118 0.118056
0 0.633577 0.665229 0.169118 0.118056
0 0.709077 0.598543 0.169118 0.118056
0 0.700885 0.492486 0.169118 0.118056
0 0.880385 0.439457 0.169118 0.118056
0 0.904885 0.354600 0.169118 0.118056
0 0.972192 0.459143 0.169118 0.118056
0 0.951769 0.536429 0.169118 0.118056
0 0.862038 0.528857 0.169118 0.118056
0 0.961962 0.621286 0.169118 0.118056
0 0.902808 0.686429 0.169118 0.118056
0 0.810846 0.831429 0.169118 0.118056
0 0.769231 0.769600 0.169118 0.118056