0 0.418960 0.710048 0.111111 0.062500
0 0.510064 0.700958 0.111111 0.062500
0 0.606240 0.702481 0.111111 0.062500
0 0.459440 0.755508 0.111111 0.062500
0 0.558160 0.753994 0.111111 0.062500
0 0.515120 0.800958 0.111111 0.062500
0 0.507536 0.145508 0.111111 0.062500
0 0.464512 0.204598 0.111111 0.062500
0 0.573344 0.206111 0.111111 0.062500
0 0.522720 0.265201 0.111111 0.062500
0 0.474640 0.319751 0.111111 0.062500
0 0.575872 0.324291 0.111111 0.062500
0 0.436672 0.384904 0.111111 0.062500
0 0.535376 0.381868 0.111111 0.062500
0 0.639136 0.381868 0.111111 0.062500
0 0.388576 0.437931 0.111111 0.062500
0 0.489824 0.434904 0.111111 0.062500
0 0.580928 0.439444 0.111111 0.062500
0 0.418960 0.494904 0.111111 0.062500
0 0.527776 0.491868 0.111111 0.062500
0 0.626480 0.491868 0.111111 0.062500
0 0.375920 0.550958 0.111111 0.062500
0 0.474640 0.546418 0.111111 0.062500
0 0.570800 0.546418 0.111111 0.062500
0 0.664448 0.553994 0.111111 0.062500
0 0.421488 0.596418 0.111111 0.062500
0 0.520192 0.597931 0.111111 0.062500
0 0.616368 0.599444 0.111111 0.062500
0 0.370864 0.658534 0.111111 0.062500
0 0.472096 0.647931 0.111111 0.062500
0 0.568272 0.646418 0.111111 0.062500
0 0.666976 0.660048 0.111111 0.062500