0 0.466589 0.324239 0.040850 0.050347
0 0.378349 0.340897 0.040850 0.050347
0 0.315975 0.419687 0.040850 0.050347
0 0.291637 0.506060 0.040850 0.050347
0 0.335757 0.587867 0.040850 0.050347
0 0.417913 0.640897 0.040850 0.050347
0 0.433124 0.507568 0.040850 0.050347
0 0.512237 0.424239 0.040850 0.050347
0 0.609604 0.465149 0.040850 0.050347
0 0.528963 0.543927 0.040850 0.050347
0 0.506153 0.654538 0.040850 0.050347
0 0.630900 0.645448 0.040850 0.050347
0 0.681105 0.571209 0.040850 0.050347
0 0.710014 0.492418 0.040850 0.050347
0 0.693274 0.395448 0.040850 0.050347
0 0.591337 0.122717 0.040850 0.050347
0 0.500068 0.113628 0.040850 0.050347
0 0.399659 0.137867 0.040850 0.050347
0 0.329673 0.171209 0.040850 0.050347
0 0.244475 0.207568 0.040850 0.050347
0 0.186658 0.265149 0.040850 0.050347
0 0.148636 0.330299 0.040850 0.050347
0 0.109072 0.404538 0.040850 0.050347
0 0.106030 0.477269 0.040850 0.050347
0 0.110600 0.568179 0.040850 0.050347
0 0.150150 0.631807 0.040850 0.050347
0 0.195798 0.709090 0.040850 0.050347
0 0.274898 0.759090 0.040850 0.050347
0 0.370750 0.786359 0.040850 0.050347
0 0.455948 0.795448 0.040850 0.050347
0 0.554829 0.800000 0.040850 0.050347
0 0.667408 0.793927 0.040850 0.050347
0 0.752606 0.753030 0.040850 0.050347
0 0.810423 0.692418 0.040850 0.050347
0 0.868226 0.627269 0.040850 0.050347
0 0.903220 0.545448 0.040850 0.050347
0 0.904748 0.462120 0.040850 0.050347
0 0.906262 0.384837 0.040850 0.050347
0 0.871269 0.318179 0.040850 0.050347
0 0.825634 0.239389 0.040850 0.050347
0 0.767817 0.192418 0.040850 0.050347