0 0.613018 0.395390 0.116013 0.072917
0 0.553789 0.384788 0.116013 0.072917
0 0.478386 0.384788 0.116013 0.072917
0 0.413754 0.380237 0.116013 0.072917
0 0.332982 0.383268 0.116013 0.072917
0 0.276439 0.389329 0.116013 0.072917
0 0.217193 0.402971 0.116013 0.072917
0 0.155263 0.415094 0.116013 0.072917
0 0.106789 0.430237 0.116013 0.072917
0 0.096018 0.448421 0.116013 0.072917
0 0.090632 0.477206 0.116013 0.072917
0 0.098719 0.496910 0.116013 0.072917
0 0.101404 0.533268 0.116013 0.072917
0 0.106789 0.569635 0.116013 0.072917
0 0.133719 0.609033 0.116013 0.072917
0 0.227965 0.639329 0.116013 0.072917
0 0.306053 0.677206 0.116013 0.072917
0 0.432614 0.709033 0.116013 0.072917
0 0.594175 0.718124 0.116013 0.072917
0 0.747649 0.696910 0.116013 0.072917
0 0.739579 0.628727 0.116013 0.072917
0 0.648018 0.592359 0.116013 0.072917
0 0.556474 0.559033 0.116013 0.072917
0 0.454158 0.542359 0.116013 0.072917
0 0.381439 0.519635 0.116013 0.072917
0 0.311439 0.495390 0.116013 0.072917
0 0.254895 0.475696 0.116013 0.072917
0 0.238737 0.445390 0.116013 0.072917
0 0.295281 0.427206 0.116013 0.072917
0 0.365298 0.422665 0.116013 0.072917
0 0.448772 0.416604 0.116013 0.072917
0 0.521474 0.425696 0.116013 0.072917
0 0.596860 0.440849 0.116013 0.072917
0 0.650719 0.454482 0.116013 0.072917
0 0.701877 0.468124 0.116013 0.072917
0 0.723421 0.495390 0.116013 0.072917
0 0.747649 0.525696 0.116013 0.072917
0 0.785351 0.560543 0.116013 0.072917