0 0.272359 0.773893 0.088474 0.117188
0 0.243641 0.657536 0.088474 0.117188
0 0.324564 0.584821 0.088474 0.117188
0 0.247564 0.528429 0.088474 0.117188
0 0.177051 0.623000 0.088474 0.117188
0 0.178359 0.452071 0.088474 0.117188
0 0.101359 0.450250 0.088474 0.117188
0 0.137897 0.306607 0.088474 0.117188
0 0.152256 0.212071 0.088474 0.117188
0 0.231897 0.168429 0.088474 0.117188
0 0.212308 0.299357 0.088474 0.117188
0 0.237103 0.366607 0.088474 0.117188
0 0.282795 0.213893 0.088474 0.117188
0 0.338923 0.112071 0.088474 0.117188
0 0.329795 0.235714 0.088474 0.117188
0 0.396359 0.292071 0.088474 0.117188
0 0.331103 0.355714 0.088474 0.117188
0 0.346769 0.463000 0.088474 0.117188
0 0.434231 0.459357 0.088474 0.117188
0 0.432923 0.575714 0.088474 0.117188
0 0.444667 0.650250 0.088474 0.117188
0 0.362436 0.737536 0.088474 0.117188
0 0.477308 0.806607 0.088474 0.117188
0 0.538641 0.655714 0.088474 0.117188
0 0.637846 0.593893 0.088474 0.117188
0 0.650897 0.752071 0.088474 0.117188
0 0.786667 0.801179 0.088474 0.117188
0 0.757949 0.683000 0.088474 0.117188
0 0.777538 0.564821 0.088474 0.117188
0 0.893718 0.472071 0.088474 0.117188
0 0.853231 0.181179 0.088474 0.117188
0 0.690077 0.219357 0.088474 0.117188
0 0.647000 0.292071 0.088474 0.117188
0 0.663974 0.421179 0.088474 0.117188
0 0.584333 0.388429 0.088474 0.117188
0 0.524282 0.493893 0.088474 0.117188
0 0.486436 0.421179 0.088474 0.117188
0 0.453795 0.277536 0.088474 0.117188
0 0.520385 0.288429 0.088474 0.117188
0 0.567359 0.270250 0.088474 0.117188
0 0.549103 0.112071 0.088474 0.117188
0 0.427692 0.133893 0.088474 0.117188
0 0.583026 0.521179 0.088474 0.117188