0 0.419179 0.843607 0.097196 0.103299
0 0.323897 0.779536 0.097196 0.103299
0 0.181513 0.764821 0.097196 0.103299
0 0.181513 0.670179 0.097196 0.103299
0 0.124128 0.590250 0.097196 0.103299
0 0.108436 0.495643 0.097196 0.103299
0 0.168538 0.150286 0.097196 0.103299
0 0.172590 0.417571 0.097196 0.103299
0 0.224564 0.393821 0.097196 0.103299
0 0.194795 0.512214 0.097196 0.103299
0 0.195872 0.568393 0.097196 0.103299
0 0.291154 0.508464 0.097196 0.103299
0 0.262462 0.601179 0.097196 0.103299
0 0.301692 0.457536 0.097196 0.103299
0 0.361795 0.430393 0.097196 0.103299
0 0.270308 0.319179 0.097196 0.103299
0 0.377487 0.335786 0.097196 0.103299
0 0.335538 0.579321 0.097196 0.103299
0 0.389128 0.501286 0.097196 0.103299
0 0.416462 0.566500 0.097196 0.103299
0 0.481974 0.655857 0.097196 0.103299
0 0.416462 0.670179 0.097196 0.103299
0 0.427026 0.717679 0.097196 0.103299
0 0.292487 0.699214 0.097196 0.103299
0 0.573205 0.632107 0.097196 0.103299
0 0.565333 0.831929 0.097196 0.103299
0 0.705026 0.724857 0.097196 0.103299
0 0.821128 0.753893 0.097196 0.103299
0 0.891795 0.653964 0.097196 0.103299
0 0.913974 0.544643 0.097196 0.103299
0 0.729923 0.586500 0.097196 0.103299
0 0.757256 0.459429 0.097196 0.103299
0 0.803000 0.355750 0.097196 0.103299
0 0.907487 0.263000 0.097196 0.103299
0 0.636000 0.446607 0.097196 0.103299
0 0.496333 0.477536 0.097196 0.103299
0 0.466282 0.419464 0.097196 0.103299
0 0.631923 0.350107 0.097196 0.103299
0 0.541795 0.335786 0.097196 0.103299
0 0.474128 0.308250 0.097196 0.103299
0 0.421872 0.243036 0.097196 0.103299
0 0.398333 0.179321 0.097196 0.103299
0 0.537205 0.125036 0.097196 0.103299
0 0.636256 0.160071 0.097196 0.103299
0 0.683897 0.231357 0.097196 0.103299
0 0.821128 0.122000 0.097196 0.103299