0 0.598770 0.246200 0.057190 0.052083
0 0.603631 0.297375 0.057190 0.052083
0 0.614978 0.344400 0.057190 0.052083
0 0.610761 0.389625 0.057190 0.052083
0 0.618858 0.433337 0.057190 0.052083
0 0.652562 0.481737 0.057190 0.052083
0 0.679619 0.524487 0.057190 0.052083
0 0.691772 0.569437 0.057190 0.052083
0 0.733558 0.599313 0.057190 0.052083
0 0.759165 0.647712 0.057190 0.052083
0 0.783455 0.684650 0.057190 0.052083
0 0.810512 0.731950 0.057190 0.052083
0 0.799663 0.782575 0.057190 0.052083
0 0.749766 0.802212 0.057190 0.052083
0 0.705212 0.822963 0.057190 0.052083
0 0.640410 0.841350 0.057190 0.052083