0 0.419046 0.550960 0.041739 0.062500
0 0.488272 0.564073 0.041739 0.062500
0 0.457604 0.591606 0.041739 0.062500
0 0.510179 0.615206 0.041739 0.062500
0 0.543476 0.603406 0.041739 0.062500
0 0.557498 0.668966 0.041739 0.062500
0 0.519817 0.688633 0.041739 0.062500
0 0.479508 0.647986 0.041739 0.062500
0 0.425181 0.642740 0.041739 0.062500
0 0.386623 0.607340 0.041739 0.062500
0 0.350698 0.588986 0.041739 0.062500
0 0.347192 0.645365 0.041739 0.062500
0 0.381366 0.671586 0.041739 0.062500
0 0.304254 0.611273 0.041739 0.062500
0 0.284978 0.657166 0.041739 0.062500
0 0.247298 0.613899 0.041739 0.062500
0 0.218382 0.642740 0.041739 0.062500
0 0.256062 0.721407 0.041739 0.062500
0 0.315646 0.706987 0.041739 0.062500