0 0.100850 0.032375 0.056497 0.078993
0 0.131556 0.103584 0.056497 0.078993
0 0.165550 0.171770 0.056497 0.078993
0 0.210512 0.239948 0.056497 0.078993
0 0.257662 0.294499 0.056497 0.078993
0 0.312494 0.335406 0.056497 0.078993
0 0.368419 0.371770 0.056497 0.078993
0 0.427638 0.389948 0.056497 0.078993
0 0.495625 0.402073 0.056497 0.078993
0 0.555937 0.394499 0.056497 0.078993
0 0.612956 0.365708 0.056497 0.078993
0 0.665594 0.327832 0.056497 0.078993
0 0.719331 0.294499 0.056497 0.078993
0 0.769769 0.242979 0.056497 0.078993
0 0.818019 0.186917 0.056497 0.078993
0 0.867369 0.130864 0.056497 0.078993
0 0.906844 0.065708 0.056497 0.078993
0 0.946762 0.011468 0.056497 0.078993