0 0.059820 0.053014 0.064005 0.098958
0 0.414980 0.368466 0.064005 0.098958
0 0.734860 0.373918 0.064005 0.098958
0 0.814500 0.372110 0.064005 0.098958
0 0.888820 0.372110 0.064005 0.098958
0 0.606120 0.223014 0.064005 0.098958
0 0.572920 0.064822 0.064005 0.098958
0 0.348620 0.061205 0.064005 0.098958
0 0.940580 0.057562 0.064005 0.098958
0 0.075420 0.216356 0.064005 0.098958
0 0.336120 0.371041 0.064005 0.098958
0 0.204160 0.546959 0.064005 0.098958
0 0.280920 0.542712 0.064005 0.098958
0 0.370080 0.548027 0.064005 0.098958
0 0.449940 0.549068 0.064005 0.098958
0 0.615400 0.553918 0.064005 0.098958
0 0.697360 0.550438 0.064005 0.098958
0 0.783200 0.551644 0.064005 0.098958
0 0.947780 0.557863 0.064005 0.098958
0 0.145320 0.730438 0.064005 0.098958
0 0.233820 0.727863 0.064005 0.098958
0 0.399720 0.731644 0.064005 0.098958
0 0.494740 0.733014 0.064005 0.098958
0 0.661520 0.734219 0.064005 0.098958
0 0.840380 0.738027 0.064005 0.098958
0 0.994120 0.744521 0.064005 0.098958
0 0.083600 0.930904 0.064005 0.098958
0 0.174520 0.930904 0.064005 0.098958
0 0.439640 0.941041 0.064005 0.098958
0 0.527240 0.943178 0.064005 0.098958
0 0.620940 0.943178 0.064005 0.098958
0 0.709300 0.943178 0.064005 0.098958
0 0.810620 0.947397 0.064005 0.098958
0 0.899400 0.954521 0.064005 0.098958
0 0.993600 0.965753 0.064005 0.098958