0 0.046590 0.670722 0.210187 0.164062
0 0.056284 0.542010 0.210187 0.164062
0 0.075747 0.417629 0.210187 0.164062
0 0.093602 0.299794 0.210187 0.164062
0 0.297931 0.284536 0.210187 0.164062
0 0.286590 0.411082 0.210187 0.164062
0 0.297931 0.533247 0.210187 0.164062
0 0.270383 0.696907 0.210187 0.164062
0 0.503908 0.703454 0.210187 0.164062
0 0.536322 0.542010 0.210187 0.164062
0 0.515249 0.413247 0.210187 0.164062
0 0.503908 0.295464 0.210187 0.164062
0 0.682299 0.302010 0.210187 0.164062
0 0.703372 0.417629 0.210187 0.164062
0 0.730958 0.535464 0.210187 0.164062
0 0.747165 0.675103 0.210187 0.164062
0 0.948238 0.664175 0.210187 0.164062
0 0.946628 0.548557 0.210187 0.164062
0 0.901226 0.424175 0.210187 0.164062
0 0.904483 0.310722 0.210187 0.164062