0 0.539772 0.759290 0.036759 0.036458
0 0.497211 0.740346 0.036759 0.036458
0 0.484035 0.775064 0.036759 0.036458
0 0.454649 0.729818 0.036759 0.036458
0 0.445526 0.777177 0.036759 0.036458
0 0.402965 0.776120 0.036759 0.036458
0 0.411070 0.720346 0.036759 0.036458
0 0.372561 0.706667 0.036759 0.036458
0 0.362421 0.761384 0.036759 0.036458
0 0.332018 0.737195 0.036759 0.036458
0 0.335053 0.689836 0.036759 0.036458
0 0.305667 0.656175 0.036759 0.036458
0 0.299596 0.709836 0.036759 0.036458
0 0.274263 0.678270 0.036759 0.036458
0 0.275263 0.627760 0.036759 0.036458
0 0.248912 0.655118 0.036759 0.036458
0 0.241825 0.600401 0.036759 0.036458
0 0.211421 0.629872 0.036759 0.036458
0 0.213456 0.568834 0.036759 0.036458
0 0.186088 0.601457 0.036759 0.036458
0 0.165825 0.566740 0.036759 0.036458
0 0.195211 0.532004 0.036759 0.036458
0 0.151632 0.535173 0.036759 0.036458
0 0.142509 0.493078 0.036759 0.036458
0 0.182035 0.493078 0.036759 0.036458
0 0.180000 0.454153 0.036759 0.036458
0 0.144544 0.455209 0.036759 0.036458
0 0.141491 0.413115 0.036759 0.036458
0 0.189123 0.417322 0.036759 0.036458
0 0.199263 0.377341 0.036759 0.036458
0 0.143526 0.375228 0.036759 0.036458
0 0.162772 0.341566 0.036759 0.036458
0 0.175947 0.310000 0.036759 0.036458
0 0.191158 0.279490 0.036759 0.036458
0 0.206351 0.246867 0.036759 0.036458
0 0.225614 0.302641 0.036759 0.036458
0 0.206351 0.335246 0.036759 0.036458
0 0.243860 0.268962 0.036759 0.036458
0 0.312772 0.351038 0.036759 0.036458
0 0.295544 0.379435 0.036759 0.036458
0 0.350263 0.354189 0.036759 0.036458
0 0.372561 0.386812 0.036759 0.036458
0 0.388772 0.419435 0.036759 0.036458
0 0.292491 0.418379 0.036759 0.036458
0 0.306684 0.456248 0.036759 0.036458
0 0.333035 0.482550 0.036759 0.036458
0 0.364456 0.505701 0.036759 0.036458
0 0.393842 0.522532 0.036759 0.036458
0 0.429316 0.552004 0.036759 0.036458
0 0.406000 0.457304 0.036759 0.036458
0 0.429316 0.485719 0.036759 0.036458
0 0.455667 0.516230 0.036759 0.036458
0 0.457684 0.573042 0.036759 0.036458
0 0.487070 0.541475 0.036759 0.036458
0 0.503281 0.583570 0.036759 0.036458
0 0.527614 0.552004 0.036759 0.036458
0 0.542807 0.586721 0.036759 0.036458
0 0.579298 0.586721 0.036759 0.036458
0 0.568140 0.548852 0.036759 0.036458
0 0.601596 0.535173 0.036759 0.036458
0 0.621860 0.577250 0.036759 0.036458
0 0.656316 0.568834 0.036759 0.036458
0 0.642123 0.521494 0.036759 0.036458
0 0.665439 0.498342 0.036759 0.036458
0 0.682667 0.541475 0.036759 0.036458
0 0.704965 0.510965 0.036759 0.036458
0 0.689754 0.465719 0.036759 0.036458
0 0.698877 0.432058 0.036759 0.036458
0 0.718140 0.472040 0.036759 0.036458
0 0.739421 0.439417 0.036759 0.036458
0 0.718140 0.394171 0.036759 0.036458
0 0.753596 0.400492 0.036759 0.036458
0 0.760702 0.367869 0.036759 0.036458
0 0.722193 0.362605 0.036759 0.036458
0 0.721175 0.328944 0.036759 0.036458
0 0.713070 0.290000 0.036759 0.036458
0 0.750561 0.288962 0.036759 0.036458
0 0.761719 0.331038 0.036759 0.036458
0 0.726246 0.212149 0.036759 0.036458
0 0.745491 0.252131 0.036759 0.036458
0 0.701912 0.253188 0.036759 0.036458
0 0.667456 0.223716 0.036759 0.036458
0 0.644158 0.196357 0.036759 0.036458
0 0.695842 0.190055 0.036759 0.036458
0 0.664421 0.170055 0.036759 0.036458
0 0.635035 0.140601 0.036759 0.036458
0 0.600579 0.124809 0.036759 0.036458
0 0.611719 0.167960 0.036759 0.036458
0 0.574228 0.155319 0.036759 0.036458
0 0.562070 0.116393 0.036759 0.036458
0 0.521526 0.111129 0.036759 0.036458
0 0.538754 0.140601 0.036759 0.036458
0 0.496193 0.140601 0.036759 0.036458
0 0.491123 0.102714 0.036759 0.036458
0 0.451596 0.102714 0.036759 0.036458
0 0.461737 0.144809 0.036759 0.036458
0 0.423228 0.147960 0.036759 0.036458
0 0.416140 0.111129 0.036759 0.036458
0 0.380667 0.119545 0.036759 0.036458
0 0.390807 0.153224 0.036759 0.036458
0 0.354316 0.163752 0.036759 0.036458
0 0.315807 0.172168 0.036759 0.036458
0 0.317825 0.139545 0.036759 0.036458
0 0.345193 0.126922 0.036759 0.036458
0 0.280333 0.157432 0.036759 0.036458
0 0.286421 0.199526 0.036759 0.036458
0 0.253982 0.179526 0.036759 0.036458
0 0.229667 0.212149 0.036759 0.036458
0 0.261088 0.232131 0.036759 0.036458