0 0.106863 0.340025 0.046569 0.036458
0 0.138967 0.307644 0.046569 0.036458
0 0.169963 0.277754 0.046569 0.036458
0 0.196532 0.252843 0.046569 0.036458
0 0.240813 0.233747 0.046569 0.036458
0 0.278452 0.209669 0.046569 0.036458
0 0.336017 0.193064 0.046569 0.036458
0 0.372553 0.192233 0.046569 0.036458
0 0.423476 0.181440 0.046569 0.036458
0 0.398015 0.154041 0.046569 0.036458
0 0.332696 0.154871 0.046569 0.036458
0 0.285094 0.170646 0.046569 0.036458
0 0.249669 0.181440 0.046569 0.036458
0 0.198746 0.203027 0.046569 0.036458
0 0.169963 0.223784 0.046569 0.036458
0 0.124575 0.260316 0.046569 0.036458
0 0.079187 0.293529 0.046569 0.036458
0 0.063689 0.319268 0.046569 0.036458
0 0.058154 0.357460 0.046569 0.036458
0 0.055940 0.396483 0.046569 0.036458
0 0.103542 0.373235 0.046569 0.036458
0 0.102435 0.409767 0.046569 0.036458
0 0.115719 0.446299 0.046569 0.036458
0 0.133431 0.487812 0.046569 0.036458
0 0.140074 0.512721 0.046569 0.036458
0 0.165535 0.555064 0.046569 0.036458
0 0.187676 0.584127 0.046569 0.036458
0 0.218672 0.610695 0.046569 0.036458
0 0.260739 0.626471 0.046569 0.036458
0 0.293950 0.645567 0.046569 0.036458
0 0.343766 0.667984 0.046569 0.036458
0 0.383623 0.674626 0.046569 0.036458
0 0.071438 0.437996 0.046569 0.036458
0 0.082508 0.472868 0.046569 0.036458
0 0.095792 0.509400 0.046569 0.036458
0 0.106863 0.549252 0.046569 0.036458
0 0.134538 0.581636 0.046569 0.036458
0 0.162324 0.609200 0.046569 0.036458
0 0.186348 0.635187 0.046569 0.036458
0 0.235723 0.663915 0.046569 0.036458
0 0.274800 0.687662 0.046569 0.036458
0 0.314432 0.692975 0.046569 0.036458
0 0.367349 0.703355 0.046569 0.036458
0 0.418493 0.704350 0.046569 0.036458
0 0.459011 0.699948 0.046569 0.036458
0 0.435874 0.679608 0.046569 0.036458
0 0.483476 0.668649 0.046569 0.036458
0 0.515470 0.644571 0.046569 0.036458
0 0.530637 0.614930 0.046569 0.036458
0 0.542704 0.575824 0.046569 0.036458
0 0.588423 0.565858 0.046569 0.036458
0 0.578239 0.604219 0.046569 0.036458
0 0.564400 0.634939 0.046569 0.036458
0 0.535065 0.670971 0.046569 0.036458
0 0.498644 0.695965 0.046569 0.036458
0 0.426021 0.287632 0.046569 0.036458
0 0.394359 0.301498 0.046569 0.036458
0 0.383844 0.341520 0.046569 0.036458
0 0.409526 0.361860 0.046569 0.036458
0 0.451814 0.383116 0.046569 0.036458
0 0.506503 0.390006 0.046569 0.036458
0 0.537500 0.430110 0.046569 0.036458
0 0.549457 0.467721 0.046569 0.036458
0 0.478162 0.299007 0.046569 0.036458
0 0.517128 0.327653 0.046569 0.036458
0 0.537500 0.364767 0.046569 0.036458
0 0.559310 0.395487 0.046569 0.036458
0 0.581781 0.423217 0.046569 0.036458
0 0.612116 0.457840 0.046569 0.036458
0 0.555878 0.501097 0.046569 0.036458
0 0.554436 0.539041 0.046569 0.036458
0 0.602153 0.495950 0.046569 0.036458
0 0.593627 0.537298 0.046569 0.036458
0 0.820127 0.570925 0.046569 0.036458
0 0.882896 0.565775 0.046569 0.036458
0 0.878358 0.524678 0.046569 0.036458
0 0.897729 0.497362 0.046569 0.036458
0 0.845257 0.497362 0.046569 0.036458
0 0.825882 0.535803 0.046569 0.036458
0 0.843374 0.462822 0.046569 0.036458
0 0.896181 0.461991 0.046569 0.036458
0 0.903374 0.418318 0.046569 0.036458
0 0.899502 0.372071 0.046569 0.036458
0 0.846695 0.392745 0.046569 0.036458
0 0.842267 0.425294 0.046569 0.036458
0 0.849465 0.361777 0.046569 0.036458
0 0.895625 0.332966 0.046569 0.036458
0 0.874261 0.292117 0.046569 0.036458
0 0.842819 0.319350 0.046569 0.036458
0 0.806066 0.290456 0.046569 0.036458
0 0.761895 0.223287 0.046569 0.036458
0 0.718391 0.200040 0.046569 0.036458
0 0.777729 0.259403 0.046569 0.036458
0 0.823337 0.229182 0.046569 0.036458
0 0.854334 0.261893 0.046569 0.036458
0 0.618092 0.187503 0.046569 0.036458
0 0.670899 0.191486 0.046569 0.036458
0 0.752708 0.171642 0.046569 0.036458
0 0.802194 0.199375 0.046569 0.036458
0 0.702557 0.159770 0.046569 0.036458
0 0.654404 0.157779 0.046569 0.036458
0 0.598276 0.153376 0.046569 0.036458
0 0.547463 0.145407 0.046569 0.036458
0 0.528313 0.177623 0.046569 0.036458
0 0.575139 0.190490 0.046569 0.036458
0 0.474289 0.179115 0.046569 0.036458
0 0.489453 0.141504 0.046569 0.036458
0 0.438640 0.151385 0.046569 0.036458