0 0.560592 0.663640 0.093954 0.094618
0 0.667580 0.604550 0.093954 0.094618
0 0.761983 0.568180 0.093954 0.094618
0 0.828058 0.504550 0.093954 0.094618
0 0.828058 0.422730 0.093954 0.094618
0 0.807612 0.336360 0.093954 0.094618
0 0.757259 0.265150 0.093954 0.094618
0 0.694330 0.207580 0.093954 0.094618
0 0.617227 0.174240 0.093954 0.094618
0 0.544860 0.145450 0.093954 0.094618
0 0.455171 0.139390 0.093954 0.094618
0 0.370218 0.139390 0.093954 0.094618
0 0.286822 0.157580 0.093954 0.094618
0 0.222316 0.203030 0.093954 0.094618
0 0.157809 0.257580 0.093954 0.094618
0 0.129491 0.316670 0.093954 0.094618
0 0.121620 0.389390 0.093954 0.094618
0 0.142077 0.468180 0.093954 0.094618
0 0.181412 0.536360 0.093954 0.094618
0 0.256926 0.601520 0.093954 0.094618
0 0.340322 0.640910 0.093954 0.094618
0 0.447310 0.665150 0.093954 0.094618