0 0.326453 0.646906 0.107639 0.117188
0 0.221906 0.616606 0.107639 0.117188
0 0.141606 0.569635 0.107639 0.117188
0 0.079482 0.516606 0.107639 0.117188
0 0.068876 0.430241 0.107639 0.117188
0 0.109788 0.366606 0.107639 0.117188
0 0.171906 0.316606 0.107639 0.117188
0 0.237059 0.277212 0.107639 0.117188
0 0.331000 0.237818 0.107639 0.117188
0 0.415847 0.213576 0.107639 0.117188
0 0.532512 0.202971 0.107639 0.117188
0 0.621906 0.210541 0.107639 0.117188
0 0.697665 0.236300 0.107639 0.117188
0 0.788576 0.275694 0.107639 0.117188
0 0.843118 0.328724 0.107639 0.117188
0 0.896147 0.375694 0.107639 0.117188
0 0.914329 0.448424 0.107639 0.117188
0 0.905241 0.512059 0.107639 0.117188
0 0.834029 0.571147 0.107639 0.117188
0 0.747665 0.606000 0.107639 0.117188
0 0.658271 0.640847 0.107639 0.117188