0 0.657211 0.280645 0.050654 0.038194
0 0.698193 0.300816 0.050654 0.038194
0 0.739175 0.321947 0.050654 0.038194
0 0.771193 0.343079 0.050654 0.038194
0 0.805772 0.371895 0.050654 0.038194
0 0.830105 0.406474 0.050654 0.038194
0 0.836509 0.441053 0.050654 0.038194
0 0.837789 0.477539 0.050654 0.038194
0 0.842912 0.512118 0.050654 0.038194
0 0.835228 0.548618 0.050654 0.038194
0 0.810895 0.587039 0.050654 0.038194
0 0.791684 0.618737 0.050654 0.038194
0 0.754544 0.644671 0.050654 0.038194
0 0.708439 0.657158 0.050654 0.038194
0 0.682825 0.692697 0.050654 0.038194
0 0.646965 0.715750 0.050654 0.038194
0 0.602140 0.733039 0.050654 0.038194
0 0.558614 0.750329 0.050654 0.038194
0 0.456158 0.753211 0.050654 0.038194
0 0.516596 0.804026 0.050654 0.038194
0 0.423632 0.738316 0.050654 0.038194
0 0.373158 0.718342 0.050654 0.038194
0 0.330140 0.703355 0.050654 0.038194
0 0.287105 0.683763 0.050654 0.038194
0 0.256368 0.652645 0.050654 0.038194
0 0.217947 0.639961 0.050654 0.038194
0 0.181070 0.606539 0.050654 0.038194
0 0.156474 0.575421 0.050654 0.038194
0 0.144175 0.537382 0.050654 0.038194
0 0.119596 0.510868 0.050654 0.038194
0 0.113439 0.471684 0.050654 0.038194
0 0.108842 0.435961 0.050654 0.038194
0 0.104228 0.402526 0.050654 0.038194
0 0.116526 0.366803 0.050654 0.038194
0 0.144175 0.334526 0.050654 0.038194
0 0.156474 0.305711 0.050654 0.038194
0 0.177982 0.275750 0.050654 0.038194
0 0.194895 0.234250 0.050654 0.038194
0 0.230246 0.208895 0.050654 0.038194
0 0.256368 0.181224 0.050654 0.038194
0 0.279421 0.153566 0.050654 0.038194
0 0.313228 0.121289 0.050654 0.038194
0 0.342421 0.098237 0.050654 0.038194
0 0.390070 0.072882 0.050654 0.038194
0 0.422351 0.056750 0.050654 0.038194
0 0.608298 0.278053 0.050654 0.038194
0 0.563737 0.273434 0.050654 0.038194
0 0.508404 0.275750 0.050654 0.038194
0 0.466912 0.278053 0.050654 0.038194
0 0.423877 0.294184 0.050654 0.038194
0 0.379316 0.314934 0.050654 0.038194
0 0.350105 0.339132 0.050654 0.038194
0 0.317842 0.367947 0.050654 0.038194
0 0.305544 0.395618 0.050654 0.038194
0 0.307088 0.459013 0.050654 0.038194
0 0.340895 0.497039 0.050654 0.038194
0 0.377772 0.520092 0.050654 0.038194
0 0.420807 0.523553 0.050654 0.038194
0 0.471526 0.524711 0.050654 0.038194
0 0.520702 0.522395 0.050654 0.038194
0 0.565263 0.506263 0.050654 0.038194
0 0.611368 0.490132 0.050654 0.038194
0 0.654404 0.477447 0.050654 0.038194
0 0.705123 0.480908 0.050654 0.038194
0 0.748140 0.506263 0.050654 0.038194
0 0.761982 0.531618 0.050654 0.038194
0 0.760439 0.570816 0.050654 0.038194
0 0.742000 0.600776 0.050654 0.038194
0 0.694351 0.621526 0.050654 0.038194
0 0.654404 0.634197 0.050654 0.038194
0 0.606754 0.653803 0.050654 0.038194
0 0.565263 0.658408 0.050654 0.038194
0 0.513018 0.661868 0.050654 0.038194
0 0.466912 0.661868 0.050654 0.038194
0 0.414667 0.660711 0.050654 0.038194
0 0.380842 0.648039 0.050654 0.038194
0 0.330140 0.630750 0.050654 0.038194
0 0.285561 0.615763 0.050654 0.038194
0 0.244070 0.592711 0.050654 0.038194
0 0.233316 0.568500 0.050654 0.038194
0 0.196439 0.536237 0.050654 0.038194
0 0.174912 0.480908 0.050654 0.038194
0 0.165702 0.440566 0.050654 0.038194
0 0.162614 0.400224 0.050654 0.038194
0 0.165702 0.367947 0.050654 0.038194
0 0.190281 0.339132 0.050654 0.038194
0 0.213333 0.312632 0.050654 0.038194
0 0.250228 0.284961 0.050654 0.038194
0 0.293246 0.261908 0.050654 0.038194
0 0.331667 0.248079 0.050654 0.038194
0 0.377772 0.237711 0.050654 0.038194
0 0.434632 0.233092 0.050654 0.038194
0 0.483807 0.228487 0.050654 0.038194
0 0.520702 0.228487 0.050654 0.038194
0 0.568333 0.228487 0.050654 0.038194
0 0.623667 0.222724 0.050654 0.038194
0 0.663614 0.218118 0.050654 0.038194
0 0.711263 0.206592 0.050654 0.038194
0 0.749684 0.186987 0.050654 0.038194
0 0.789632 0.159329 0.050654 0.038194
0 0.803474 0.123605 0.050654 0.038194
0 0.469088 0.033789 0.050654 0.038194
0 0.545930 0.017461 0.050654 0.038194
0 0.586912 0.014579 0.050654 0.038194
0 0.647105 0.021303 0.050654 0.038194
0 0.694491 0.022263 0.050654 0.038194
0 0.727789 0.034750 0.050654 0.038194
0 0.779018 0.055882 0.050654 0.038194
0 0.800789 0.082776 0.050654 0.038194