0 0.509100 0.130300 0.147059 0.123264
0 0.553533 0.263625 0.147059 0.123264
0 0.422233 0.265150 0.147059 0.123264
0 0.260600 0.265150 0.147059 0.123264
0 0.099000 0.259100 0.147059 0.123264
0 0.080800 0.400000 0.147059 0.123264
0 0.260600 0.400000 0.147059 0.123264
0 0.416167 0.404550 0.147059 0.123264
0 0.593933 0.407575 0.147059 0.123264
0 0.731300 0.240900 0.147059 0.123264
0 0.903033 0.248475 0.147059 0.123264
0 0.911100 0.390900 0.147059 0.123264
0 0.735367 0.407575 0.147059 0.123264
0 0.878800 0.545450 0.147059 0.123264
0 0.727267 0.553025 0.147059 0.123264
0 0.571667 0.546500 0.147059 0.123264
0 0.410100 0.554550 0.147059 0.123264
0 0.264633 0.548475 0.147059 0.123264
0 0.084833 0.546975 0.147059 0.123264
0 0.062633 0.701525 0.147059 0.123264
0 0.224233 0.701525 0.147059 0.123264
0 0.395967 0.709100 0.147059 0.123264
0 0.565667 0.700000 0.147059 0.123264
0 0.715167 0.700000 0.147059 0.123264
0 0.899000 0.700000 0.147059 0.123264
0 0.941600 0.874550 0.147059 0.123264
0 0.767067 0.868025 0.147059 0.123264
0 0.592533 0.863625 0.147059 0.123264
0 0.423000 0.861500 0.147059 0.123264
0 0.231733 0.870150 0.147059 0.123264
0 0.077567 0.872425 0.147059 0.123264