0 0.010882 0.695963 0.075413 0.085938
0 0.069794 0.730852 0.075413 0.085938
0 0.010882 0.811593 0.075413 0.085938
0 0.066324 0.850852 0.075413 0.085938
0 0.239412 0.854074 0.075413 0.085938
0 0.303706 0.907593 0.075413 0.085938
0 0.156412 0.951222 0.075413 0.085938
0 0.386853 0.968704 0.075413 0.085938
0 0.241324 0.983963 0.075413 0.085938
0 0.511471 0.922963 0.075413 0.085938
0 0.409412 0.857407 0.075413 0.085938
0 0.586765 0.848519 0.075413 0.085938
0 0.710853 0.855222 0.075413 0.085938
0 0.641559 0.962148 0.075413 0.085938
0 0.768029 0.973037 0.075413 0.085938
0 0.856412 0.905407 0.075413 0.085938
0 0.861588 0.785407 0.075413 0.085938
0 0.847647 0.662963 0.075413 0.085938
0 0.960353 0.656704 0.075413 0.085938
0 0.960353 0.597778 0.075413 0.085938
0 0.951706 0.735222 0.075413 0.085938
0 0.962088 0.833407 0.075413 0.085938