0 0.141718 0.984549 0.084148 0.134549
0 0.221667 0.839303 0.084148 0.134549
0 0.325231 0.711516 0.084148 0.134549
0 0.370667 0.575041 0.084148 0.134549
0 0.377923 0.458852 0.084148 0.134549
0 0.363385 0.325246 0.084148 0.134549
0 0.337949 0.220697 0.084148 0.134549
0 0.330692 0.151025 0.084148 0.134549
0 0.328872 0.063893 0.084148 0.134549
0 0.328872 0.026107 0.084148 0.134549
0 0.557821 0.026107 0.084148 0.134549
0 0.577795 0.092910 0.084148 0.134549
0 0.576000 0.177131 0.084148 0.134549
0 0.568718 0.258484 0.084148 0.134549
0 0.577795 0.365943 0.084148 0.134549
0 0.595974 0.473402 0.084148 0.134549
0 0.637769 0.609877 0.084148 0.134549
0 0.705000 0.694098 0.084148 0.134549
0 0.784949 0.850943 0.084148 0.134549
0 0.844923 0.975820 0.084148 0.134549