0 0.193564 0.959918 0.085233 0.127604
0 0.174821 0.833361 0.085233 0.127604
0 0.145641 0.686803 0.085233 0.127604
0 0.112282 0.536885 0.085233 0.127604
0 0.093538 0.387008 0.085233 0.127604
0 0.091462 0.247090 0.085233 0.127604
0 0.083103 0.113852 0.085233 0.127604
0 0.089359 0.030574 0.085233 0.127604
0 0.906308 0.027254 0.085233 0.127604
0 0.914641 0.127172 0.085233 0.127604
0 0.902128 0.210451 0.085233 0.127604
0 0.891718 0.377008 0.085233 0.127604
0 0.887538 0.510246 0.085233 0.127604
0 0.864615 0.650164 0.085233 0.127604
0 0.845872 0.793402 0.085233 0.127604
0 0.818769 0.936639 0.085233 0.127604