0 0.185625 0.727466 0.030665 0.063368
0 0.217262 0.731880 0.030665 0.063368
0 0.243525 0.734796 0.030665 0.063368
0 0.268425 0.740681 0.030665 0.063368
0 0.294350 0.742153 0.030665 0.063368
0 0.334400 0.742153 0.030665 0.063368
0 0.369737 0.746540 0.030665 0.063368
0 0.396325 0.747275 0.030665 0.063368
0 0.427962 0.750218 0.030665 0.063368
0 0.988375 0.798638 0.030665 0.063368
0 0.962800 0.801580 0.030665 0.063368
0 0.863500 0.789837 0.030665 0.063368
0 0.808637 0.783951 0.030665 0.063368
0 0.778687 0.773678 0.030665 0.063368
0 0.723487 0.772234 0.030665 0.063368
0 0.686125 0.772234 0.030665 0.063368
0 0.661887 0.772943 0.030665 0.063368
0 0.644388 0.761226 0.030665 0.063368
0 0.589525 0.756076 0.030665 0.063368
0 0.569337 0.758283 0.030665 0.063368
0 0.547450 0.750954 0.030665 0.063368
0 0.516825 0.753134 0.030665 0.063368
0 0.500000 0.747275 0.030665 0.063368
0 0.471387 0.756812 0.030665 0.063368