0 0.366215 0.260485 0.060764 0.121528
0 0.366215 0.359769 0.060764 0.121528
0 0.415169 0.396513 0.060764 0.121528
0 0.414646 0.318337 0.060764 0.121528
0 0.455800 0.312079 0.060764 0.121528
0 0.443815 0.234688 0.060764 0.121528
0 0.508923 0.278476 0.060764 0.121528
0 0.540169 0.224527 0.060764 0.121528
0 0.488600 0.305843 0.060764 0.121528
0 0.581308 0.333972 0.060764 0.121528
0 0.628692 0.244065 0.060764 0.121528
0 0.643800 0.326952 0.060764 0.121528
0 0.656815 0.412148 0.060764 0.121528
0 0.540169 0.424665 0.060764 0.121528
0 0.517769 0.357436 0.060764 0.121528
0 0.479754 0.387136 0.060764 0.121528
0 0.457877 0.453580 0.060764 0.121528
0 0.388092 0.461409 0.060764 0.121528
0 0.356846 0.423095 0.060764 0.121528
0 0.325600 0.510670 0.060764 0.121528
0 0.357369 0.588060 0.060764 0.121528
0 0.351631 0.659192 0.060764 0.121528
0 0.355277 0.737390 0.060764 0.121528
0 0.400585 0.669353 0.060764 0.121528
0 0.434446 0.751455 0.060764 0.121528
0 0.464646 0.705335 0.060764 0.121528
0 0.432354 0.620901 0.060764 0.121528
0 0.447462 0.534111 0.060764 0.121528
0 0.406846 0.523949 0.060764 0.121528
0 0.480277 0.579469 0.060764 0.121528
0 0.495369 0.671709 0.060764 0.121528
0 0.534954 0.756928 0.060764 0.121528
0 0.569846 0.706882 0.060764 0.121528
0 0.547462 0.643557 0.060764 0.121528
0 0.539123 0.588060 0.060764 0.121528
0 0.613600 0.644342 0.060764 0.121528
0 0.631308 0.726443 0.060764 0.121528
0 0.633385 0.579469 0.060764 0.121528
0 0.526615 0.525520 0.060764 0.121528
0 0.595892 0.505982 0.060764 0.121528
0 0.532354 0.466882 0.060764 0.121528
0 0.645369 0.497367 0.060764 0.121528
0 0.597446 0.425450 0.060764 0.121528