0 0.619694 0.355571 0.047549 0.084201
0 0.040161 0.046029 0.047549 0.084201
0 0.082371 0.012200 0.047549 0.084201
0 0.173823 0.715429 0.047549 0.084201
0 0.289403 0.959343 0.047549 0.084201
0 0.028097 0.945086 0.047549 0.084201
0 0.806984 0.117257 0.047549 0.084201
0 0.924581 0.053143 0.047549 0.084201
0 0.978855 0.019314 0.047549 0.084201
0 0.988903 0.092314 0.047549 0.084201
0 0.966790 0.690514 0.047549 0.084201
0 0.316532 0.439486 0.047549 0.084201
0 0.331613 0.361143 0.047549 0.084201
0 0.364774 0.275686 0.047549 0.084201
0 0.395935 0.202686 0.047549 0.084201
0 0.461258 0.156400 0.047549 0.084201
0 0.488403 0.184886 0.047549 0.084201
0 0.536645 0.181343 0.047549 0.084201
0 0.575839 0.241857 0.047549 0.084201
0 0.606984 0.216943 0.047549 0.084201
0 0.640161 0.249000 0.047549 0.084201
0 0.616032 0.291714 0.047549 0.084201
0 0.654226 0.338000 0.047549 0.084201
0 0.693419 0.398543 0.047549 0.084201
0 0.654226 0.409229 0.047549 0.084201
0 0.691419 0.489343 0.047549 0.084201
0 0.675032 0.384114 0.047549 0.084201
0 0.686887 0.585829 0.047549 0.084201
0 0.672419 0.673429 0.047549 0.084201
0 0.651919 0.632829 0.047549 0.084201
0 0.637435 0.530286 0.047549 0.084201
0 0.636242 0.461914 0.047549 0.084201
0 0.639855 0.739657 0.047549 0.084201
0 0.612113 0.673429 0.047549 0.084201
0 0.590403 0.600771 0.047549 0.084201
0 0.592823 0.489686 0.047549 0.084201
0 0.566290 0.686229 0.047549 0.084201
0 0.588806 0.649571 0.047549 0.084201
0 0.592016 0.733429 0.047549 0.084201
0 0.603871 0.803743 0.047549 0.084201
0 0.557032 0.837200 0.047549 0.084201
0 0.528500 0.776686 0.047549 0.084201
0 0.507500 0.832229 0.047549 0.084201
0 0.462871 0.854486 0.047549 0.084201
0 0.417435 0.828486 0.047549 0.084201
0 0.447500 0.800171 0.047549 0.084201
0 0.475435 0.765457 0.047549 0.084201
0 0.513113 0.697457 0.047549 0.084201
0 0.541065 0.646714 0.047549 0.084201
0 0.548000 0.593657 0.047549 0.084201
0 0.542468 0.528143 0.047549 0.084201
0 0.509597 0.604686 0.047549 0.084201
0 0.486581 0.659171 0.047549 0.084201
0 0.461468 0.629457 0.047549 0.084201
0 0.439145 0.704943 0.047549 0.084201
0 0.420258 0.677686 0.047549 0.084201
0 0.392323 0.740714 0.047549 0.084201
0 0.350500 0.720943 0.047549 0.084201
0 0.374935 0.652943 0.047549 0.084201
0 0.332323 0.641914 0.047549 0.084201
0 0.310710 0.566429 0.047549 0.084201
0 0.354032 0.588686 0.047549 0.084201
0 0.364484 0.554143 0.047549 0.084201
0 0.411210 0.596143 0.047549 0.084201
0 0.443968 0.539171 0.047549 0.084201
0 0.477548 0.565171 0.047549 0.084201
0 0.488000 0.510886 0.047549 0.084201
0 0.556339 0.460143 0.047549 0.084201
0 0.547290 0.382143 0.047549 0.084201
0 0.587790 0.331600 0.047549 0.084201
0 0.546581 0.298114 0.047549 0.084201
0 0.500952 0.417943 0.047549 0.084201
0 0.509403 0.345314 0.047549 0.084201
0 0.520258 0.251314 0.047549 0.084201
0 0.443065 0.441429 0.047549 0.084201
0 0.459952 0.345314 0.047549 0.084201
0 0.408097 0.484171 0.047549 0.084201
0 0.376032 0.487371 0.047549 0.084201
0 0.336839 0.491114 0.047549 0.084201
0 0.357435 0.430229 0.047549 0.084201
0 0.376839 0.397286 0.047549 0.084201
0 0.449403 0.259486 0.047549 0.084201
0 0.489597 0.277114 0.047549 0.084201
0 0.406984 0.325543 0.047549 0.084201
0 0.377952 0.336771 0.047549 0.084201
0 0.409306 0.252371 0.047549 0.084201
0 0.445387 0.201800 0.047549 0.084201
0 0.524484 0.456400 0.047549 0.084201
0 0.593726 0.413143 0.047549 0.084201