0 0.569268 0.831700 0.033215 0.048611
0 0.434043 0.567600 0.033215 0.048611
0 0.830361 0.860114 0.033215 0.048611
0 0.991592 0.346386 0.033215 0.048611
0 0.932900 0.146900 0.033215 0.048611
0 0.538457 0.101443 0.033215 0.048611
0 0.656445 0.377071 0.033215 0.048611
0 0.626406 0.384400 0.033215 0.048611
0 0.600430 0.407757 0.033215 0.048611
0 0.579023 0.330229 0.033215 0.048611
0 0.611904 0.316343 0.033215 0.048611
0 0.632969 0.295886 0.033215 0.048611
0 0.675342 0.276943 0.033215 0.048611
0 0.658857 0.306871 0.033215 0.048611
0 0.632969 0.344871 0.033215 0.048611
0 0.661885 0.341971 0.033215 0.048611
0 0.691396 0.333886 0.033215 0.048611
0 0.702881 0.298914 0.033215 0.048611
0 0.724375 0.324429 0.033215 0.048611
0 0.724375 0.347157 0.033215 0.048611
0 0.751299 0.341971 0.033215 0.048611
0 0.782285 0.353714 0.033215 0.048611
0 0.587051 0.533014 0.033215 0.048611
0 0.589893 0.482371 0.033215 0.048611
0 0.552871 0.534143 0.033215 0.048611
0 0.519980 0.534143 0.033215 0.048611
0 0.538711 0.499429 0.033215 0.048611
0 0.552871 0.457500 0.033215 0.048611
0 0.527061 0.449543 0.033215 0.048611
0 0.523350 0.484900 0.033215 0.048611
0 0.539580 0.397157 0.033215 0.048611
0 0.601201 0.363686 0.033215 0.048611
0 0.572891 0.388686 0.033215 0.048611
0 0.550801 0.355100 0.033215 0.048611
0 0.577900 0.436800 0.033215 0.048611
0 0.614922 0.464700 0.033215 0.048611
0 0.568320 0.486671 0.033215 0.048611
0 0.641162 0.430100 0.033215 0.048611
0 0.665244 0.433129 0.033215 0.048611
0 0.681475 0.394757 0.033215 0.048611
0 0.696924 0.431871 0.033215 0.048611
0 0.714355 0.377700 0.033215 0.048611
0 0.749404 0.385029 0.033215 0.048611
0 0.735586 0.423286 0.033215 0.048611
0 0.769766 0.451314 0.033215 0.048611
0 0.714355 0.469629 0.033215 0.048611
0 0.681123 0.475057 0.033215 0.048611
0 0.655322 0.473914 0.033215 0.048611
0 0.625713 0.512300 0.033215 0.048611
0 0.665244 0.523786 0.033215 0.048611
0 0.630723 0.554857 0.033215 0.048611
0 0.602412 0.577457 0.033215 0.048611
0 0.574531 0.597529 0.033215 0.048611
0 0.567451 0.571900 0.033215 0.048611
0 0.541211 0.580486 0.033215 0.048611
0 0.559170 0.615200 0.033215 0.048611
0 0.538281 0.619371 0.033215 0.048611
0 0.548291 0.657129 0.033215 0.048611
0 0.582471 0.653457 0.033215 0.048611
0 0.585322 0.627329 0.033215 0.048611
0 0.612852 0.618243 0.033215 0.048611
0 0.614062 0.644371 0.033215 0.048611
0 0.639092 0.606614 0.033215 0.048611
0 0.672324 0.591971 0.033215 0.048611
0 0.688984 0.550057 0.033215 0.048611
0 0.661963 0.559143 0.033215 0.048611
0 0.706504 0.509771 0.033215 0.048611
0 0.730674 0.522029 0.033215 0.048611
0 0.741025 0.483014 0.033215 0.048611
0 0.776416 0.497657 0.033215 0.048611
0 0.756826 0.527457 0.033215 0.048611
0 0.716084 0.571900 0.033215 0.048611
0 0.693555 0.589571 0.033215 0.048611
0 0.700635 0.624929 0.033215 0.048611
0 0.682764 0.663814 0.033215 0.048611
0 0.660674 0.646771 0.033215 0.048611
0 0.646943 0.682129 0.033215 0.048611
0 0.618203 0.680857 0.033215 0.048611
0 0.584111 0.697400 0.033215 0.048611
0 0.785566 0.405743 0.033215 0.048611
0 0.809297 0.406871 0.033215 0.048611
0 0.814736 0.444629 0.033215 0.048611
0 0.817246 0.490329 0.033215 0.048611
0 0.797217 0.500686 0.033215 0.048611
0 0.788496 0.545757 0.033215 0.048611
0 0.829238 0.536543 0.033215 0.048611
0 0.815518 0.583514 0.033215 0.048611
0 0.792207 0.605986 0.033215 0.048611
0 0.754316 0.577957 0.033215 0.048611
0 0.775205 0.576829 0.033215 0.048611
0 0.788936 0.576829 0.033215 0.048611
0 0.763125 0.613314 0.033215 0.048611
0 0.734385 0.625557 0.033215 0.048611
0 0.790654 0.459014 0.033215 0.048611
0 0.739219 0.457257 0.033215 0.048611
0 0.680352 0.514071 0.033215 0.048611
0 0.774004 0.652200 0.033215 0.048611
0 0.808525 0.645514 0.033215 0.048611
0 0.745693 0.674800 0.033215 0.048611
0 0.719453 0.668743 0.033215 0.048611
0 0.760830 0.690357 0.033215 0.048611
0 0.731465 0.709657 0.033215 0.048611
0 0.699092 0.687729 0.033215 0.048611
0 0.709287 0.732443 0.033215 0.048611
0 0.677520 0.725429 0.033215 0.048611
0 0.672725 0.691243 0.033215 0.048611
0 0.645752 0.725429 0.033215 0.048611
0 0.666729 0.752614 0.033215 0.048611
0 0.609785 0.720171 0.033215 0.048611
0 0.568418 0.678771 0.033215 0.048611
0 0.741846 0.550900 0.033215 0.048611
0 0.808105 0.540757 0.033215 0.048611