0 0.681813 0.860600 0.124132 0.125868
0 0.542425 0.795450 0.124132 0.125868
0 0.378787 0.756062 0.124132 0.125868
0 0.439400 0.604550 0.124132 0.125868
0 0.586363 0.665150 0.124132 0.125868
0 0.730300 0.712125 0.124132 0.125868
0 0.693937 0.572725 0.124132 0.125868
0 0.559087 0.518188 0.124132 0.125868
0 0.639400 0.416662 0.124132 0.125868
0 0.746975 0.445450 0.124132 0.125868
0 0.842425 0.537875 0.124132 0.125868
0 0.880300 0.407575 0.124132 0.125868
0 0.763637 0.315150 0.124132 0.125868
0 0.784850 0.200000 0.124132 0.125868
0 0.631812 0.271213 0.124132 0.125868
0 0.654550 0.171212 0.124132 0.125868
0 0.531812 0.128787 0.124132 0.125868
0 0.537875 0.256062 0.124132 0.125868
0 0.421212 0.201513 0.124132 0.125868
0 0.269700 0.251512 0.124132 0.125868
0 0.380300 0.319700 0.124132 0.125868
0 0.403025 0.410600 0.124132 0.125868
0 0.496975 0.368187 0.124132 0.125868
0 0.280300 0.384850 0.124132 0.125868
0 0.346975 0.498487 0.124132 0.125868
0 0.309088 0.618188 0.124132 0.125868
0 0.215150 0.562125 0.124132 0.125868
0 0.162125 0.446975 0.124132 0.125868
0 0.080300 0.562125 0.124132 0.125868