0 0.039825 0.416742 0.108857 0.067708
0 0.089375 0.425827 0.108857 0.067708
0 0.071675 0.504623 0.108857 0.067708
0 0.143650 0.486437 0.108857 0.067708
0 0.222712 0.480369 0.108857 0.067708
0 0.066962 0.633403 0.108857 0.067708
0 0.297050 0.545522 0.108857 0.067708
0 0.337163 0.500080 0.108857 0.067708
0 0.334800 0.471284 0.108857 0.067708
0 0.295862 0.654623 0.108857 0.067708
0 0.505887 0.487945 0.108857 0.067708
0 0.625062 0.427352 0.108857 0.067708
0 0.645125 0.497047 0.108857 0.067708
0 0.682875 0.516742 0.108857 0.067708
0 0.671075 0.468250 0.108857 0.067708
0 0.774912 0.398555 0.108857 0.067708
0 0.842175 0.389470 0.108857 0.067708
0 0.933025 0.628860 0.108857 0.067708
0 0.890550 0.700080 0.108857 0.067708