0 0.467420 0.110600 0.122396 0.109375
0 0.185600 0.174240 0.122396 0.109375
0 0.105300 0.251520 0.122396 0.109375
0 0.240160 0.380300 0.122396 0.109375
0 0.128040 0.401520 0.122396 0.109375
0 0.359840 0.419700 0.122396 0.109375
0 0.285600 0.290900 0.122396 0.109375
0 0.299240 0.195460 0.122396 0.109375
0 0.446220 0.186360 0.122396 0.109375
0 0.573480 0.233340 0.122396 0.109375
0 0.488640 0.315160 0.122396 0.109375
0 0.617420 0.345460 0.122396 0.109375
0 0.709840 0.265160 0.122396 0.109375
0 0.476520 0.410600 0.122396 0.109375
0 0.585600 0.439400 0.122396 0.109375
0 0.693180 0.484840 0.122396 0.109375
0 0.546220 0.548480 0.122396 0.109375
0 0.412880 0.515160 0.122396 0.109375
0 0.221960 0.492420 0.122396 0.109375
0 0.281060 0.572720 0.122396 0.109375
0 0.428040 0.612120 0.122396 0.109375
0 0.432580 0.830300 0.122396 0.109375
0 0.581060 0.775760 0.122396 0.109375
0 0.738640 0.704540 0.122396 0.109375
0 0.899240 0.654540 0.122396 0.109375