0 0.493263 0.835218 0.178105 0.093750
0 0.570601 0.756431 0.178105 0.093750
0 0.572882 0.412491 0.178105 0.093750
0 0.509187 0.327644 0.178105 0.093750
0 0.697993 0.292797 0.178105 0.093750
0 0.636569 0.215524 0.178105 0.093750
0 0.431848 0.270065 0.178105 0.093750
0 0.329487 0.217038 0.178105 0.093750
0 0.227118 0.159464 0.178105 0.093750
0 0.258966 0.056431 0.178105 0.093750
0 0.434120 0.083704 0.178105 0.093750
0 0.409098 0.042797 0.178105 0.093750
0 0.365880 0.142797 0.178105 0.093750
0 0.475066 0.197338 0.178105 0.093750
0 0.506914 0.118551 0.178105 0.093750
0 0.595623 0.129158 0.178105 0.093750
0 0.679797 0.067038 0.178105 0.093750
0 0.745756 0.135218 0.178105 0.093750
0 0.636569 0.173098 0.178105 0.093750
0 0.570601 0.276131 0.178105 0.093750
0 0.472794 0.391278 0.178105 0.093750