0 0.196025 0.122793 0.043301 0.032118
0 0.240632 0.108948 0.043301 0.032118
0 0.340608 0.130290 0.043301 0.032118
0 0.415979 0.104335 0.043301 0.032118
0 0.521343 0.093951 0.043301 0.032118
0 0.554411 0.092222 0.043301 0.032118
0 0.639778 0.091644 0.043301 0.032118
0 0.722070 0.118755 0.043301 0.032118
0 0.720532 0.158554 0.043301 0.032118
0 0.736683 0.183934 0.043301 0.032118
0 0.726687 0.222004 0.043301 0.032118
0 0.689769 0.238152 0.043301 0.032118
0 0.688231 0.203544 0.043301 0.032118
0 0.661313 0.168936 0.043301 0.032118
0 0.599018 0.194893 0.043301 0.032118
0 0.575179 0.172974 0.043301 0.032118
0 0.505962 0.162592 0.043301 0.032118
0 0.602097 0.133175 0.043301 0.032118
0 0.808208 0.179320 0.043301 0.032118
0 0.804362 0.109526 0.043301 0.032118
0 0.826663 0.249690 0.043301 0.032118
0 0.765909 0.242190 0.043301 0.032118
0 0.634395 0.256034 0.043301 0.032118
0 0.635936 0.223733 0.043301 0.032118
0 0.546723 0.205853 0.043301 0.032118
0 0.501346 0.204122 0.043301 0.032118
0 0.411366 0.183934 0.043301 0.032118
0 0.416749 0.157976 0.043301 0.032118
0 0.344454 0.192009 0.043301 0.032118
0 0.272930 0.171245 0.043301 0.032118
0 0.181412 0.176436 0.043301 0.032118
0 0.207560 0.201815 0.043301 0.032118
0 0.185258 0.273916 0.043301 0.032118
0 0.236786 0.243921 0.043301 0.032118
0 0.278313 0.230077 0.043301 0.032118
0 0.345992 0.232961 0.043301 0.032118
0 0.405982 0.220273 0.043301 0.032118
0 0.446743 0.238152 0.043301 0.032118
0 0.482890 0.246228 0.043301 0.032118
0 0.246782 0.299871 0.043301 0.032118
0 0.275238 0.273916 0.043301 0.032118
0 0.329074 0.292374 0.043301 0.032118
0 0.371372 0.259494 0.043301 0.032118
0 0.385985 0.298718 0.043301 0.032118
0 0.437513 0.281414 0.043301 0.032118
0 0.489812 0.289489 0.043301 0.032118
0 0.471353 0.314291 0.043301 0.032118
0 0.522880 0.309100 0.043301 0.032118
0 0.425979 0.325250 0.043301 0.032118
0 0.561336 0.260650 0.043301 0.032118
0 0.599788 0.269878 0.043301 0.032118
0 0.612093 0.295833 0.043301 0.032118
0 0.651316 0.277376 0.043301 0.032118
0 0.596713 0.341979 0.043301 0.032118
0 0.542877 0.358130 0.043301 0.032118
0 0.489041 0.356974 0.043301 0.032118
0 0.439821 0.369665 0.043301 0.032118
0 0.407520 0.350055 0.043301 0.032118
0 0.364451 0.394467 0.043301 0.032118
0 0.351376 0.341401 0.043301 0.032118
0 0.329074 0.381200 0.043301 0.032118
0 0.276009 0.341979 0.043301 0.032118
0 0.252166 0.338517 0.043301 0.032118
0 0.235248 0.374278 0.043301 0.032118
0 0.165261 0.355821 0.043301 0.032118
0 0.212176 0.418118 0.043301 0.032118
0 0.266779 0.411195 0.043301 0.032118
0 0.310615 0.431384 0.043301 0.032118
0 0.386756 0.443497 0.043301 0.032118
0 0.423671 0.397929 0.043301 0.032118
0 0.461356 0.395623 0.043301 0.032118
0 0.449051 0.440613 0.043301 0.032118
0 0.516729 0.427922 0.043301 0.032118
0 0.505192 0.389276 0.043301 0.032118
0 0.567487 0.383509 0.043301 0.032118
0 0.571333 0.418693 0.043301 0.032118
0 0.605172 0.378316 0.043301 0.032118
0 0.639778 0.381200 0.043301 0.032118
0 0.669005 0.356399 0.043301 0.032118
0 0.657470 0.417540 0.043301 0.032118
0 0.630552 0.421577 0.043301 0.032118
0 0.639778 0.444072 0.043301 0.032118
0 0.720532 0.398504 0.043301 0.032118
0 0.736683 0.437150 0.043301 0.032118
0 0.736683 0.355246 0.043301 0.032118
0 0.700536 0.320637 0.043301 0.032118
0 0.705919 0.268725 0.043301 0.032118
0 0.801286 0.363321 0.043301 0.032118
0 0.791286 0.338517 0.043301 0.032118
0 0.788981 0.409464 0.043301 0.032118
0 0.840509 0.415809 0.043301 0.032118
0 0.838201 0.482143 0.043301 0.032118
0 0.798978 0.482143 0.043301 0.032118
0 0.748988 0.467723 0.043301 0.032118
0 0.685155 0.483872 0.043301 0.032118
0 0.634395 0.509829 0.043301 0.032118
0 0.613631 0.476952 0.043301 0.032118
0 0.581329 0.467145 0.043301 0.032118
0 0.541339 0.464839 0.043301 0.032118
0 0.555952 0.501753 0.043301 0.032118
0 0.504421 0.478681 0.043301 0.032118
0 0.457510 0.478105 0.043301 0.032118
0 0.413671 0.500600 0.043301 0.032118
0 0.378294 0.494831 0.043301 0.032118
0 0.325999 0.486756 0.043301 0.032118
0 0.285238 0.475221 0.043301 0.032118
0 0.212943 0.490794 0.043301 0.032118
0 0.183720 0.524826 0.043301 0.032118
0 0.274471 0.506944 0.043301 0.032118
0 0.247553 0.549628 0.043301 0.032118
0 0.309077 0.541553 0.043301 0.032118
0 0.338304 0.521942 0.043301 0.032118
0 0.384448 0.548475 0.043301 0.032118
0 0.465969 0.525980 0.043301 0.032118
0 0.457510 0.559435 0.043301 0.032118
0 0.521343 0.559435 0.043301 0.032118
0 0.508267 0.525980 0.043301 0.032118
0 0.586713 0.545015 0.043301 0.032118
0 0.603634 0.537515 0.043301 0.032118
0 0.655929 0.553666 0.043301 0.032118
0 0.727454 0.516751 0.043301 0.032118
0 0.768985 0.525980 0.043301 0.032118
0 0.725916 0.561741 0.043301 0.032118
0 0.765909 0.582507 0.043301 0.032118
0 0.822050 0.538668 0.043301 0.032118
0 0.623631 0.595196 0.043301 0.032118
0 0.555182 0.610193 0.043301 0.032118
0 0.467507 0.603849 0.043301 0.032118
0 0.412133 0.596927 0.043301 0.032118
0 0.234478 0.590005 0.043301 0.032118
0 0.200638 0.650570 0.043301 0.032118
0 0.259087 0.635573 0.043301 0.032118
0 0.302927 0.605002 0.043301 0.032118
0 0.309848 0.575007 0.043301 0.032118
0 0.355222 0.633842 0.043301 0.032118
0 0.306002 0.669603 0.043301 0.032118
0 0.426746 0.624613 0.043301 0.032118
0 0.415979 0.656915 0.043301 0.032118
0 0.527497 0.626920 0.043301 0.032118
0 0.479812 0.634995 0.043301 0.032118
0 0.594405 0.647686 0.043301 0.032118
0 0.627474 0.626920 0.043301 0.032118
0 0.682080 0.630957 0.043301 0.032118
0 0.685926 0.594043 0.043301 0.032118
0 0.771293 0.613653 0.043301 0.032118
0 0.724378 0.644802 0.043301 0.032118
0 0.756680 0.647686 0.043301 0.032118
0 0.800516 0.635573 0.043301 0.032118
0 0.835893 0.596927 0.043301 0.032118
0 0.831280 0.802847 0.043301 0.032118
0 0.831280 0.726709 0.043301 0.032118
0 0.804362 0.696714 0.043301 0.032118
0 0.723608 0.711133 0.043301 0.032118
0 0.765909 0.775737 0.043301 0.032118
0 0.745142 0.827071 0.043301 0.032118
0 0.702844 0.851297 0.043301 0.032118
0 0.695152 0.775737 0.043301 0.032118
0 0.670542 0.722093 0.043301 0.032118
0 0.647470 0.694983 0.043301 0.032118
0 0.601326 0.693829 0.043301 0.032118
0 0.637474 0.735360 0.043301 0.032118
0 0.660546 0.805729 0.043301 0.032118
0 0.595175 0.858797 0.043301 0.032118
0 0.543644 0.890521 0.043301 0.032118
0 0.576716 0.828802 0.043301 0.032118
0 0.539802 0.805729 0.043301 0.032118
0 0.580562 0.771121 0.043301 0.032118
0 0.545952 0.730747 0.043301 0.032118
0 0.486733 0.715171 0.043301 0.032118
0 0.495962 0.682294 0.043301 0.032118
0 0.519034 0.761317 0.043301 0.032118
0 0.488274 0.841493 0.043301 0.032118
0 0.430592 0.814382 0.043301 0.032118
0 0.413671 0.769968 0.043301 0.032118
0 0.432900 0.742282 0.043301 0.032118
0 0.386756 0.699598 0.043301 0.032118
0 0.325999 0.686332 0.043301 0.032118
0 0.342917 0.739397 0.043301 0.032118
0 0.359838 0.804000 0.043301 0.032118
0 0.371372 0.841493 0.043301 0.032118
0 0.325999 0.791310 0.043301 0.032118
0 0.292927 0.837455 0.043301 0.032118
0 0.277546 0.783812 0.043301 0.032118
0 0.239861 0.797078 0.043301 0.032118
0 0.210635 0.828802 0.043301 0.032118
0 0.176796 0.762470 0.043301 0.032118
0 0.189871 0.724978 0.043301 0.032118
0 0.245245 0.683447 0.043301 0.032118
0 0.295235 0.730747 0.043301 0.032118