0 0.030850 0.268405 0.114583 0.124132
0 0.009257 0.354769 0.114583 0.124132
0 0.053577 0.463854 0.114583 0.124132
0 0.005850 0.627498 0.114583 0.124132
0 0.079710 0.700218 0.114583 0.124132
0 0.121757 0.559312 0.114583 0.124132
0 0.189937 0.456280 0.114583 0.124132
0 0.003577 0.198707 0.114583 0.124132
0 0.142210 0.822947 0.114583 0.124132
0 0.263804 0.894165 0.114583 0.124132
0 0.345623 0.751738 0.114583 0.124132
0 0.455850 0.851738 0.114583 0.124132
0 0.227437 0.686583 0.114583 0.124132
0 0.121757 0.201738 0.114583 0.124132
0 0.139937 0.275978 0.114583 0.124132
0 0.106984 0.354769 0.114583 0.124132
0 0.234257 0.362343 0.114583 0.124132
0 0.245623 0.263854 0.114583 0.124132
0 0.295623 0.188102 0.114583 0.124132
0 0.194484 0.125978 0.114583 0.124132
0 0.312664 0.439614 0.114583 0.124132
0 0.254710 0.556280 0.114583 0.124132
0 0.377437 0.618405 0.114583 0.124132
0 0.474030 0.698707 0.114583 0.124132
0 0.593350 0.809312 0.114583 0.124132
0 0.928577 0.779009 0.114583 0.124132
0 0.742210 0.763854 0.114583 0.124132
0 0.768350 0.612343 0.114583 0.124132
0 0.620623 0.653249 0.114583 0.124132
0 0.910390 0.651738 0.114583 0.124132
0 0.994484 0.553249 0.114583 0.124132
0 0.996757 0.703249 0.114583 0.124132
0 0.534257 0.022947 0.114583 0.124132
0 0.399030 0.089614 0.114583 0.124132
0 0.301304 0.113854 0.114583 0.124132
0 0.376304 0.245676 0.114583 0.124132
0 0.352437 0.338102 0.114583 0.124132
0 0.444484 0.403249 0.114583 0.124132
0 0.406984 0.504769 0.114583 0.124132
0 0.502437 0.566885 0.114583 0.124132
0 0.541077 0.469916 0.114583 0.124132
0 0.636530 0.539614 0.114583 0.124132
0 0.870623 0.062343 0.114583 0.124132
0 0.774030 0.022947 0.114583 0.124132
0 0.678577 0.082040 0.114583 0.124132
0 0.587664 0.106280 0.114583 0.124132
0 0.593350 0.182040 0.114583 0.124132
0 0.397890 0.168405 0.114583 0.124132
0 0.502437 0.133552 0.114583 0.124132
0 0.478577 0.215374 0.114583 0.124132
0 0.462664 0.303249 0.114583 0.124132
0 0.554710 0.359312 0.114583 0.124132
0 0.566077 0.266885 0.114583 0.124132
0 0.660390 0.329009 0.114583 0.124132
0 0.678577 0.233552 0.114583 0.124132
0 0.749030 0.507800 0.114583 0.124132
0 0.656984 0.427498 0.114583 0.124132
0 0.776304 0.398707 0.114583 0.124132
0 0.880850 0.525978 0.114583 0.124132
0 0.921757 0.432040 0.114583 0.124132
0 0.995623 0.362343 0.114583 0.124132
0 0.879710 0.335071 0.114583 0.124132
0 0.978577 0.180521 0.114583 0.124132
0 0.889937 0.236583 0.114583 0.124132
0 0.791077 0.198707 0.114583 0.124132
0 0.767210 0.297187 0.114583 0.124132
0 0.694484 0.153249 0.114583 0.124132