0 0.214358 0.228368 0.110577 0.125868
0 0.205833 0.316032 0.110577 0.125868
0 0.316683 0.220298 0.110577 0.125868
0 0.313492 0.341407 0.110577 0.125868
0 0.457392 0.232985 0.110577 0.125868
0 0.453125 0.329874 0.110577 0.125868
0 0.575708 0.224914 0.110577 0.125868
0 0.568250 0.347169 0.110577 0.125868
0 0.701492 0.220298 0.110577 0.125868
0 0.700425 0.331028 0.110577 0.125868
0 0.811283 0.214527 0.110577 0.125868
0 0.803817 0.356402 0.110577 0.125868
0 0.964775 0.340252 0.110577 0.125868
0 0.953050 0.222606 0.110577 0.125868
0 0.944525 0.472894 0.110577 0.125868
0 0.840058 0.494806 0.110577 0.125868
0 0.654592 0.453282 0.110577 0.125868
0 0.518150 0.465969 0.110577 0.125868
0 0.374250 0.470586 0.110577 0.125868
0 0.272983 0.461362 0.110577 0.125868
0 0.146133 0.455591 0.110577 0.125868
0 0.174917 0.557087 0.110577 0.125868
0 0.322017 0.582462 0.110577 0.125868
0 0.437142 0.582462 0.110577 0.125868
0 0.579975 0.579008 0.110577 0.125868
0 0.714283 0.564013 0.110577 0.125868
0 0.835800 0.602074 0.110577 0.125868
0 0.964775 0.625140 0.110577 0.125868
0 0.939192 0.730099 0.110577 0.125868
0 0.988225 0.883508 0.110577 0.125868
0 0.894425 0.899648 0.110577 0.125868
0 0.785700 0.771623 0.110577 0.125868
0 0.719608 0.868512 0.110577 0.125868
0 0.682300 0.712804 0.110577 0.125868
0 0.610883 0.840830 0.110577 0.125868
0 0.557592 0.727791 0.110577 0.125868
0 0.468050 0.820063 0.110577 0.125868
0 0.369983 0.724337 0.110577 0.125868
0 0.342267 0.832750 0.110577 0.125868
0 0.262325 0.701262 0.110577 0.125868
0 0.164258 0.865050 0.110577 0.125868
0 0.108833 0.750866 0.110577 0.125868