0 0.170089 0.171425 0.096405 0.055556
0 0.273067 0.180325 0.096405 0.055556
0 0.374178 0.178500 0.096405 0.055556
0 0.474311 0.187925 0.096405 0.055556
0 0.786000 0.446850 0.096405 0.055556
0 0.870356 0.471475 0.096405 0.055556
0 0.870356 0.528600 0.096405 0.055556
0 0.789733 0.501625 0.096405 0.055556
0 0.709600 0.472525 0.096405 0.055556
0 0.587067 0.483275 0.096405 0.055556
0 0.445911 0.498475 0.096405 0.055556
0 0.485956 0.444750 0.096405 0.055556
0 0.383022 0.450000 0.096405 0.055556
0 0.415156 0.394175 0.096405 0.055556
0 0.300533 0.426400 0.096405 0.055556
0 0.312178 0.366125 0.096405 0.055556
0 0.218533 0.385525 0.096405 0.055556
0 0.121200 0.410425 0.096405 0.055556
0 0.102089 0.467300 0.096405 0.055556
0 0.208756 0.445800 0.096405 0.055556
0 0.304267 0.483275 0.096405 0.055556
0 0.285156 0.535950 0.096405 0.055556
0 0.191511 0.507125 0.096405 0.055556
0 0.107689 0.542500 0.096405 0.055556
0 0.109511 0.611425 0.096405 0.055556
0 0.197600 0.576825 0.096405 0.055556
0 0.315911 0.606975 0.096405 0.055556
0 0.193378 0.649950 0.096405 0.055556
0 0.109511 0.695275 0.096405 0.055556
0 0.197600 0.727525 0.096405 0.055556
0 0.109511 0.774700 0.096405 0.055556
0 0.279600 0.772600 0.096405 0.055556
0 0.376978 0.789900 0.096405 0.055556
0 0.361600 0.727525 0.096405 0.055556
0 0.457111 0.743500 0.096405 0.055556
0 0.438000 0.682175 0.096405 0.055556
0 0.461289 0.625325 0.096405 0.055556
0 0.510667 0.562950 0.096405 0.055556
0 0.547022 0.663050 0.096405 0.055556
0 0.545156 0.720975 0.096405 0.055556
0 0.537689 0.779150 0.096405 0.055556
0 0.642533 0.756350 0.096405 0.055556
0 0.740356 0.779150 0.096405 0.055556
0 0.839600 0.772600 0.096405 0.055556
0 0.889422 0.712325 0.096405 0.055556
0 0.793467 0.685600 0.096405 0.055556
0 0.721244 0.723075 0.096405 0.055556
0 0.715200 0.651000 0.096405 0.055556
0 0.623422 0.621125 0.096405 0.055556
0 0.625289 0.556400 0.096405 0.055556
0 0.704000 0.585475 0.096405 0.055556
0 0.789733 0.615625 0.096405 0.055556
0 0.881511 0.647850 0.096405 0.055556
0 0.881511 0.585475 0.096405 0.055556
0 0.791600 0.556400 0.096405 0.055556
0 0.709600 0.531750 0.096405 0.055556
0 0.388622 0.542500 0.096405 0.055556
0 0.866133 0.415650 0.096405 0.055556
0 0.791600 0.385525 0.096405 0.055556
0 0.717067 0.407025 0.096405 0.055556
0 0.636933 0.434000 0.096405 0.055556
0 0.547022 0.408050 0.096405 0.055556
0 0.636933 0.379225 0.096405 0.055556
0 0.713333 0.355375 0.096405 0.055556
0 0.854978 0.352250 0.096405 0.055556
0 0.416089 0.322625 0.096405 0.055556
0 0.486444 0.365350 0.096405 0.055556
0 0.582400 0.315825 0.096405 0.055556
0 0.472444 0.278600 0.096405 0.055556
0 0.374178 0.271800 0.096405 0.055556
0 0.315911 0.321575 0.096405 0.055556
0 0.213911 0.336250 0.096405 0.055556
0 0.117911 0.356425 0.096405 0.055556
0 0.135644 0.301150 0.096405 0.055556
0 0.121644 0.240350 0.096405 0.055556
0 0.215778 0.221200 0.096405 0.055556
0 0.233911 0.277550 0.096405 0.055556
0 0.322000 0.222250 0.096405 0.055556
0 0.430089 0.225675 0.096405 0.055556
0 0.518133 0.231425 0.096405 0.055556
0 0.586622 0.195275 0.096405 0.055556
0 0.610356 0.255025 0.096405 0.055556
0 0.684444 0.244800 0.096405 0.055556
0 0.680711 0.189750 0.096405 0.055556
0 0.764578 0.208900 0.096405 0.055556
0 0.858711 0.204175 0.096405 0.055556
0 0.858711 0.248200 0.096405 0.055556
0 0.867067 0.302450 0.096405 0.055556
0 0.782756 0.320275 0.096405 0.055556
0 0.778578 0.269700 0.096405 0.055556
0 0.686756 0.292225 0.096405 0.055556
0 0.640178 0.695025 0.096405 0.055556
0 0.276311 0.680875 0.096405 0.055556