0 0.575150 0.487707 0.048428 0.067708
0 0.518450 0.415052 0.048428 0.067708
0 0.318163 0.376466 0.048428 0.067708
0 0.345725 0.409552 0.048428 0.067708
0 0.405087 0.324431 0.048428 0.067708
0 0.322137 0.296414 0.048428 0.067708
0 0.223000 0.294828 0.048428 0.067708
0 0.199200 0.363017 0.048428 0.067708
0 0.187300 0.469069 0.048428 0.067708
0 0.193700 0.548621 0.048428 0.067708
0 0.293488 0.277155 0.048428 0.067708
0 0.273337 0.342810 0.048428 0.067708
0 0.254125 0.421086 0.048428 0.067708
0 0.280662 0.490534 0.048428 0.067708
0 0.244050 0.548621 0.048428 0.067708
0 0.215675 0.623103 0.048428 0.067708
0 0.180887 0.691293 0.048428 0.067708
0 0.218412 0.753155 0.048428 0.067708
0 0.285237 0.724121 0.048428 0.067708
0 0.293488 0.629431 0.048428 0.067708
0 0.379525 0.291034 0.048428 0.067708
0 0.339250 0.336500 0.048428 0.067708
0 0.314537 0.428672 0.048428 0.067708
0 0.346575 0.498103 0.048428 0.067708
0 0.353900 0.553672 0.048428 0.067708
0 0.303550 0.553672 0.048428 0.067708
0 0.351150 0.630690 0.048428 0.067708
0 0.328263 0.749379 0.048428 0.067708
0 0.375862 0.697603 0.048428 0.067708
0 0.380450 0.749379 0.048428 0.067708
0 0.437200 0.748103 0.048428 0.067708
0 0.417975 0.683724 0.048428 0.067708
0 0.407912 0.544828 0.048428 0.067708
0 0.378612 0.438759 0.048428 0.067708
0 0.381362 0.366793 0.048428 0.067708
0 0.432625 0.317552 0.048428 0.067708
0 0.428050 0.402155 0.048428 0.067708
0 0.447275 0.504431 0.048428 0.067708
0 0.454587 0.609224 0.048428 0.067708
0 0.388687 0.614276 0.048428 0.067708
0 0.465575 0.676138 0.048428 0.067708
0 0.487550 0.744328 0.048428 0.067708
0 0.513175 0.640793 0.048428 0.067708
0 0.485712 0.315034 0.048428 0.067708
0 0.486637 0.403414 0.048428 0.067708
0 0.536062 0.368052 0.048428 0.067708
0 0.519587 0.465276 0.048428 0.067708
0 0.506775 0.547345 0.048428 0.067708
0 0.454587 0.433724 0.048428 0.067708
0 0.484800 0.494328 0.048428 0.067708
0 0.433537 0.626897 0.048428 0.067708
0 0.523250 0.688759 0.048428 0.067708
0 0.566275 0.725379 0.048428 0.067708
0 0.535150 0.756948 0.048428 0.067708
0 0.575425 0.666034 0.048428 0.067708
0 0.521412 0.309983 0.048428 0.067708
0 0.555287 0.311241 0.048428 0.067708
0 0.590075 0.311241 0.048428 0.067708
0 0.580912 0.370586 0.048428 0.067708
0 0.590987 0.437500 0.048428 0.067708
0 0.556200 0.427397 0.048428 0.067708
0 0.546138 0.494328 0.048428 0.067708
0 0.544300 0.557448 0.048428 0.067708
0 0.599225 0.509466 0.048428 0.067708
0 0.592825 0.601638 0.048428 0.067708
0 0.551625 0.615534 0.048428 0.067708
0 0.617537 0.706448 0.048428 0.067708
0 0.590987 0.753155 0.048428 0.067708
0 0.618450 0.652155 0.048428 0.067708
0 0.651400 0.322603 0.048428 0.067708
0 0.636763 0.387000 0.048428 0.067708
0 0.631262 0.479172 0.048428 0.067708
0 0.640425 0.546086 0.048428 0.067708
0 0.634012 0.602914 0.048428 0.067708
0 0.700837 0.330190 0.048428 0.067708
0 0.677037 0.365534 0.048428 0.067708
0 0.658725 0.426138 0.048428 0.067708
0 0.671538 0.490534 0.048428 0.067708
0 0.665138 0.634466 0.048428 0.067708
0 0.242225 0.684983 0.048428 0.067708
0 0.240387 0.472862 0.048428 0.067708
0 0.636763 0.748103 0.048428 0.067708
0 0.651400 0.691293 0.048428 0.067708
0 0.695350 0.711500 0.048428 0.067708
0 0.677037 0.756948 0.048428 0.067708
0 0.733787 0.744328 0.048428 0.067708
0 0.793287 0.748103 0.048428 0.067708
0 0.760337 0.687500 0.048428 0.067708
0 0.708163 0.658466 0.048428 0.067708
0 0.731050 0.610483 0.048428 0.067708
0 0.687100 0.589017 0.048428 0.067708
0 0.710900 0.537259 0.048428 0.067708
0 0.720975 0.472862 0.048428 0.067708
0 0.704500 0.421086 0.048428 0.067708
0 0.739287 0.378155 0.048428 0.067708
0 0.738363 0.318810 0.048428 0.067708
0 0.784137 0.333966 0.048428 0.067708
0 0.764000 0.412259 0.048428 0.067708
0 0.797875 0.380690 0.048428 0.067708
0 0.794212 0.456448 0.048428 0.067708
0 0.796038 0.532207 0.048428 0.067708
0 0.755763 0.544828 0.048428 0.067708
0 0.765825 0.611741 0.048428 0.067708
0 0.803362 0.586500 0.048428 0.067708
0 0.806113 0.653414 0.048428 0.067708
0 0.790675 0.294017 0.048428 0.067708
0 0.343600 0.684672 0.048428 0.067708
0 0.305500 0.684672 0.048428 0.067708
0 0.323288 0.593586 0.048428 0.067708
0 0.210250 0.427155 0.048428 0.067708
0 0.238188 0.351828 0.048428 0.067708
0 0.188650 0.311534 0.048428 0.067708
0 0.262313 0.295776 0.048428 0.067708
0 0.436312 0.357086 0.048428 0.067708
0 0.413462 0.437672 0.048428 0.067708
0 0.421075 0.479724 0.048428 0.067708
0 0.386788 0.491983 0.048428 0.067708
0 0.462987 0.549793 0.048428 0.067708
0 0.489662 0.605845 0.048428 0.067708
0 0.755862 0.477966 0.048428 0.067708
0 0.621750 0.426466 0.048428 0.067708
0 0.681825 0.298569 0.048428 0.067708
0 0.619337 0.319069 0.048428 0.067708
0 0.810863 0.497241 0.048428 0.067708
0 0.320862 0.484103 0.048428 0.067708
0 0.187512 0.593586 0.048428 0.067708
0 0.181163 0.640190 0.048428 0.067708
0 0.180150 0.761414 0.048428 0.067708