0 0.343955 0.871273 0.234921 0.364583
0 0.593304 0.766735 0.234921 0.364583
0 0.798323 0.706140 0.234921 0.364583
0 0.868511 0.433409 0.234921 0.364583
0 0.682879 0.440986 0.234921 0.364583
0 0.512028 0.406140 0.234921 0.364583
0 0.374431 0.583409 0.234921 0.364583
0 0.187885 0.683409 0.234921 0.364583
0 0.067822 0.883409 0.234921 0.364583
0 0.029036 0.471273 0.234921 0.364583
0 0.176796 0.439466 0.234921 0.364583
0 0.347647 0.248563 0.234921 0.364583
0 0.167572 0.240986 0.234921 0.364583
0 0.256220 0.063717 0.234921 0.364583
0 0.539737 0.168255 0.234921 0.364583
0 0.559136 0.053101 0.234921 0.364583
0 0.754919 0.168255 0.234921 0.364583
0 0.736446 0.289466 0.234921 0.364583
0 0.977484 0.357639 0.234921 0.364583
0 0.950701 0.697043 0.234921 0.364583