0 0.466771 0.028338 0.232026 0.204861
0 0.651270 0.034885 0.232026 0.204861
0 0.337845 0.122154 0.232026 0.204861
0 0.542351 0.163608 0.232026 0.204861
0 0.235596 0.250885 0.232026 0.204861
0 0.457876 0.298885 0.232026 0.204861
0 0.677939 0.305423 0.232026 0.204861
0 0.797978 0.458154 0.232026 0.204861
0 0.560133 0.451608 0.232026 0.204861
0 0.333401 0.451608 0.232026 0.204861
0 0.440094 0.667608 0.232026 0.204861
0 0.682390 0.639246 0.232026 0.204861
0 0.600141 0.802885 0.232026 0.204861
0 0.340071 0.796338 0.232026 0.204861