0 0.292704 0.479032 0.051103 0.066840
0 0.346268 0.569371 0.051103 0.066840
0 0.389032 0.660193 0.051103 0.066840
0 0.450480 0.587118 0.051103 0.066840
0 0.393352 0.501292 0.051103 0.066840
0 0.344540 0.420795 0.051103 0.066840
0 0.449075 0.440799 0.051103 0.066840
0 0.503288 0.517427 0.051103 0.066840
0 0.566462 0.589213 0.051103 0.066840
0 0.512898 0.673422 0.051103 0.066840
0 0.405447 0.368206 0.051103 0.066840
0 0.506635 0.387562 0.051103 0.066840
0 0.560307 0.446123 0.051103 0.066840
0 0.613332 0.395305 0.051103 0.066840
0 0.545080 0.336748 0.051103 0.066840
0 0.624886 0.677296 0.051103 0.066840
0 0.589897 0.787477 0.051103 0.066840
0 0.512358 0.864911 0.051103 0.066840
0 0.722942 0.783765 0.051103 0.066840
0 0.767975 0.679232 0.051103 0.066840
0 0.804259 0.593248 0.051103 0.066840
0 0.731149 0.526138 0.051103 0.066840
0 0.697025 0.593569 0.051103 0.066840
0 0.622293 0.515652 0.051103 0.066840
0 0.666139 0.451285 0.051103 0.066840
0 0.894972 0.685359 0.051103 0.066840