0 0.285615 0.301289 0.024089 0.151042
0 0.275244 0.191797 0.024089 0.151042
0 0.304629 0.139922 0.024089 0.151042
0 0.344395 0.113411 0.024089 0.151042
0 0.375518 0.144531 0.024089 0.151042
0 0.385889 0.214844 0.024089 0.151042
0 0.347852 0.323190 0.024089 0.151042
0 0.455049 0.300143 0.024089 0.151042
0 0.482715 0.249427 0.024089 0.151042
0 0.512100 0.332409 0.024089 0.151042
0 0.467148 0.159518 0.024089 0.151042
0 0.444678 0.134167 0.024089 0.151042
0 0.516426 0.094974 0.024089 0.151042
0 0.548408 0.144531 0.024089 0.151042
0 0.565703 0.131862 0.024089 0.151042
0 0.577803 0.273633 0.024089 0.151042
0 0.592500 0.232135 0.024089 0.151042
0 0.620156 0.106497 0.024089 0.151042
0 0.636582 0.159518 0.024089 0.151042
0 0.691904 0.152604 0.024089 0.151042
0 0.689316 0.205625 0.024089 0.151042
0 0.667705 0.279388 0.024089 0.151042
0 0.646953 0.342786 0.024089 0.151042
0 0.731670 0.201016 0.024089 0.151042
0 0.757607 0.304753 0.024089 0.151042
0 0.780078 0.233281 0.024089 0.151042