0 0.207313 0.383553 0.126736 0.125868
0 0.236247 0.501047 0.126736 0.125868
0 0.326560 0.418627 0.126736 0.125868
0 0.433533 0.483513 0.126736 0.125868
0 0.345853 0.557167 0.126736 0.125868
0 0.451947 0.583473 0.126736 0.125868
0 0.412493 0.351987 0.126736 0.125868
0 0.304640 0.289733 0.126736 0.125868
0 0.266940 0.216960 0.126736 0.125868
0 0.401967 0.202053 0.126736 0.125868
0 0.474747 0.271320 0.126736 0.125868
0 0.530860 0.401093 0.126736 0.125868
0 0.609773 0.294120 0.126736 0.125868
0 0.548400 0.195040 0.126736 0.125868
0 0.479127 0.136293 0.126736 0.125868
0 0.352867 0.153827 0.126736 0.125868
0 0.668520 0.195040 0.126736 0.125868
0 0.774620 0.292367 0.126736 0.125868
0 0.674660 0.383553 0.126736 0.125868
0 0.780753 0.419507 0.126736 0.125868
0 0.680800 0.514200 0.126736 0.125868
0 0.563307 0.558040 0.126736 0.125868
0 0.642220 0.608900 0.126736 0.125868
0 0.769360 0.597500 0.126736 0.125868
0 0.784267 0.706227 0.126736 0.125868
0 0.677293 0.729900 0.126736 0.125868
0 0.547520 0.689567 0.126736 0.125868
0 0.576453 0.797413 0.126736 0.125868
0 0.530860 0.871947 0.126736 0.125868
0 0.665893 0.827227 0.126736 0.125868
0 0.447560 0.792153 0.126736 0.125868
0 0.424767 0.864053 0.126736 0.125868
0 0.423013 0.678167 0.126736 0.125868
0 0.336207 0.769360 0.126736 0.125868
0 0.287107 0.647480 0.126736 0.125868
0 0.219587 0.722007 0.126736 0.125868
0 0.266060 0.795660 0.126736 0.125868