0 0.264951 0.141953 0.074870 0.121528
0 0.258379 0.227005 0.074870 0.121528
0 0.259697 0.326966 0.074870 0.121528
0 0.325459 0.352396 0.074870 0.121528
0 0.360312 0.250690 0.074870 0.121528
0 0.343213 0.177031 0.074870 0.121528
0 0.427383 0.150729 0.074870 0.121528
0 0.435273 0.300664 0.074870 0.121528
0 0.503672 0.281367 0.074870 0.121528
0 0.501035 0.145469 0.074870 0.121528
0 0.587842 0.134063 0.074870 0.121528
0 0.597051 0.248060 0.074870 0.121528
0 0.658867 0.170898 0.074870 0.121528
0 0.235361 0.825000 0.074870 0.121528
0 0.236680 0.698737 0.074870 0.121528
0 0.255088 0.582995 0.074870 0.121528
0 0.243906 0.447969 0.074870 0.121528
0 0.308359 0.461992 0.074870 0.121528
0 0.352422 0.547930 0.074870 0.121528
0 0.339268 0.652266 0.074870 0.121528
0 0.343867 0.760117 0.074870 0.121528
0 0.337295 0.863581 0.074870 0.121528
0 0.441855 0.833776 0.074870 0.121528
0 0.437246 0.703997 0.074870 0.121528
0 0.434619 0.583880 0.074870 0.121528
0 0.746328 0.849557 0.074870 0.121528
0 0.654922 0.829388 0.074870 0.121528
0 0.549043 0.854818 0.074870 0.121528
0 0.549043 0.755729 0.074870 0.121528
0 0.631250 0.740833 0.074870 0.121528
0 0.686484 0.649635 0.074870 0.121528
0 0.736465 0.711016 0.074870 0.121528
0 0.766719 0.589141 0.074870 0.121528
0 0.685830 0.541784 0.074870 0.121528
0 0.607568 0.571602 0.074870 0.121528
0 0.526689 0.548802 0.074870 0.121528
0 0.531289 0.662786 0.074870 0.121528
0 0.366885 0.421667 0.074870 0.121528
0 0.453691 0.384844 0.074870 0.121528
0 0.441191 0.456732 0.074870 0.121528
0 0.521426 0.447969 0.074870 0.121528
0 0.591133 0.368177 0.074870 0.121528
0 0.622695 0.445339 0.074870 0.121528
0 0.723311 0.421667 0.074870 0.121528
0 0.722656 0.305924 0.074870 0.121528
0 0.650977 0.289258 0.074870 0.121528
0 0.731201 0.172643 0.074870 0.121528