0 0.100329 0.919498 0.073115 0.133681
0 0.411650 0.857221 0.073115 0.133681
0 0.505987 0.947357 0.073115 0.133681
0 0.493983 0.709729 0.073115 0.133681
0 0.584892 0.711369 0.073115 0.133681
0 0.587463 0.524546 0.073115 0.133681
0 0.588321 0.850669 0.073115 0.133681
0 0.673229 0.778559 0.073115 0.133681
0 0.686950 0.940804 0.073115 0.133681
0 0.667225 0.645820 0.073115 0.133681
0 0.724687 0.591736 0.073115 0.133681
0 0.795013 0.581903 0.073115 0.133681
0 0.878200 0.532747 0.073115 0.133681
0 0.988838 0.513081 0.073115 0.133681
0 0.965679 0.947357 0.073115 0.133681
0 0.805304 0.965382 0.073115 0.133681
0 0.805304 0.757253 0.073115 0.133681
0 0.765850 0.855581 0.073115 0.133681
0 0.731546 0.708097 0.073115 0.133681