0 0.981114 0.786792 0.108796 0.087674
0 0.983217 0.851426 0.108796 0.087674
0 0.993730 0.947580 0.108796 0.087674
0 0.926433 0.140675 0.108796 0.087674
0 0.908561 0.255741 0.108796 0.087674
0 0.870701 0.216323 0.108796 0.087674
0 0.762390 0.252589 0.108796 0.087674
0 0.671965 0.279381 0.108796 0.087674
0 0.820225 0.332983 0.108796 0.087674
0 0.609925 0.384991 0.108796 0.087674
0 0.639362 0.435441 0.108796 0.087674
0 0.545782 0.422833 0.108796 0.087674
0 0.520551 0.526867 0.108796 0.087674
0 0.434318 0.577298 0.108796 0.087674
0 0.288160 0.563114 0.108796 0.087674
0 0.365970 0.704991 0.108796 0.087674
0 0.514230 0.731782 0.108796 0.087674
0 0.557347 0.652964 0.108796 0.087674
0 0.618335 0.645084 0.108796 0.087674
0 0.651990 0.544203 0.108796 0.087674
0 0.729800 0.536323 0.108796 0.087674
0 0.810763 0.492176 0.108796 0.087674
0 0.920125 0.544203 0.108796 0.087674
0 0.990576 0.668724 0.108796 0.087674
0 0.847572 0.608837 0.108796 0.087674
0 0.880163 0.802720 0.108796 0.087674
0 0.756083 0.747542 0.108796 0.087674
0 0.670914 0.766454 0.108796 0.087674
0 0.629900 0.769606 0.108796 0.087674
0 0.842315 0.876792 0.108796 0.087674
0 0.910663 0.922514 0.108796 0.087674