0 0.268214 0.862947 0.026961 0.022569
0 0.272414 0.886099 0.026961 0.022569
0 0.909114 0.511522 0.026961 0.022569
0 0.920329 0.830332 0.026961 0.022569
0 0.541686 0.705123 0.026961 0.022569
0 0.153157 0.501597 0.026961 0.022569
0 0.105243 0.516495 0.026961 0.022569
0 0.125114 0.543676 0.026961 0.022569
0 0.152000 0.566474 0.026961 0.022569
0 0.181214 0.584009 0.026961 0.022569
0 0.196400 0.619089 0.026961 0.022569
0 0.164843 0.631361 0.026961 0.022569
0 0.201071 0.664684 0.026961 0.022569
0 0.187057 0.709400 0.026961 0.022569
0 0.173029 0.754995 0.026961 0.022569
0 0.161343 0.797964 0.026961 0.022569
0 0.153157 0.843558 0.026961 0.022569
0 0.185886 0.867224 0.026961 0.022569
0 0.163686 0.897921 0.026961 0.022569
0 0.144986 0.925970 0.026961 0.022569
0 0.194071 0.963676 0.026961 0.022569
0 0.135629 0.954030 0.026961 0.022569
0 0.148486 0.985595 0.026961 0.022569
0 0.162514 0.996999 0.026961 0.022569
0 0.097071 0.985595 0.026961 0.022569
0 0.051486 0.985595 0.026961 0.022569
0 0.083043 0.951404 0.026961 0.022569
0 0.029286 0.943516 0.026961 0.022569
0 0.036300 0.949646 0.026961 0.022569
0 0.059671 0.922465 0.026961 0.022569
0 0.067843 0.893537 0.026961 0.022569
0 0.120443 0.878628 0.026961 0.022569
0 0.108757 0.860214 0.026961 0.022569
0 0.059671 0.871608 0.026961 0.022569
0 0.037457 0.878628 0.026961 0.022569
0 0.086543 0.561211 0.026961 0.022569
0 0.106414 0.587524 0.026961 0.022569
0 0.143814 0.612947 0.026961 0.022569
0 0.084214 0.603301 0.026961 0.022569
0 0.092386 0.633119 0.026961 0.022569
0 0.122771 0.658542 0.026961 0.022569
0 0.152000 0.681340 0.026961 0.022569
0 0.106414 0.701511 0.026961 0.022569
0 0.142643 0.726935 0.026961 0.022569
0 0.081871 0.676956 0.026961 0.022569
0 0.070186 0.717288 0.026961 0.022569
0 0.094729 0.748853 0.026961 0.022569
0 0.127457 0.774287 0.026961 0.022569
0 0.115771 0.817245 0.026961 0.022569
0 0.087714 0.789185 0.026961 0.022569
0 0.059671 0.759378 0.026961 0.022569
0 0.056157 0.799711 0.026961 0.022569
0 0.076029 0.831275 0.026961 0.022569
0 0.038629 0.835659 0.026961 0.022569
0 0.213929 0.989110 0.026961 0.022569
0 0.220943 0.492819 0.026961 0.022569
0 0.205757 0.527020 0.026961 0.022569
0 0.270029 0.515616 0.026961 0.022569
0 0.390400 0.495456 0.026961 0.022569
0 0.424300 0.554202 0.026961 0.022569
0 0.411443 0.594534 0.026961 0.022569
0 0.462857 0.618210 0.026961 0.022569
0 0.363529 0.569110 0.026961 0.022569
0 0.377543 0.529646 0.026961 0.022569
0 0.316771 0.541050 0.026961 0.022569
0 0.256000 0.553323 0.026961 0.022569
0 0.199914 0.569110 0.026961 0.022569
0 0.245486 0.597170 0.026961 0.022569
0 0.293400 0.623473 0.026961 0.022569
0 0.340157 0.647149 0.026961 0.022569
0 0.354171 0.606806 0.026961 0.022569
0 0.303929 0.580504 0.026961 0.022569
0 0.402086 0.630482 0.026961 0.022569
0 0.448843 0.655038 0.026961 0.022569
0 0.499086 0.679593 0.026961 0.022569
0 0.485071 0.720793 0.026961 0.022569
0 0.437157 0.694491 0.026961 0.022569
0 0.386900 0.670815 0.026961 0.022569
0 0.233800 0.641886 0.026961 0.022569
0 0.279386 0.666431 0.026961 0.022569
0 0.326129 0.686602 0.026961 0.022569
0 0.372871 0.708521 0.026961 0.022569
0 0.423129 0.736581 0.026961 0.022569
0 0.476886 0.766388 0.026961 0.022569
0 0.534157 0.792701 0.026961 0.022569
0 0.536486 0.748853 0.026961 0.022569
0 0.227957 0.690986 0.026961 0.022569
0 0.270029 0.710279 0.026961 0.022569
0 0.312100 0.731318 0.026961 0.022569
0 0.362357 0.750611 0.026961 0.022569
0 0.419629 0.779550 0.026961 0.022569
0 0.476886 0.811983 0.026961 0.022569
0 0.531814 0.838296 0.026961 0.022569
0 0.231457 0.734823 0.026961 0.022569
0 0.261843 0.755874 0.026961 0.022569
0 0.303929 0.773408 0.026961 0.022569
0 0.363529 0.793580 0.026961 0.022569
0 0.386900 0.833912 0.026961 0.022569
0 0.347157 0.856710 0.026961 0.022569
0 0.320286 0.819003 0.026961 0.022569
0 0.261843 0.800589 0.026961 0.022569
0 0.227957 0.778671 0.026961 0.022569
0 0.241986 0.822508 0.026961 0.022569
0 0.286386 0.841801 0.026961 0.022569
0 0.315614 0.880375 0.026961 0.022569
0 0.300414 0.904930 0.026961 0.022569
0 0.277043 0.931233 0.026961 0.022569
0 0.237314 0.911951 0.026961 0.022569
0 0.246657 0.866356 0.026961 0.022569
0 0.321457 0.947020 0.026961 0.022569
0 0.240814 0.953162 0.026961 0.022569
0 0.281714 0.968939 0.026961 0.022569
0 0.341314 0.920718 0.026961 0.022569
0 0.375214 0.897042 0.026961 0.022569
0 0.412614 0.873365 0.026961 0.022569
0 0.451171 0.853194 0.026961 0.022569
0 0.427800 0.818124 0.026961 0.022569
0 0.513114 0.877749 0.026961 0.022569
0 0.573886 0.897042 0.026961 0.022569
0 0.468700 0.887395 0.026961 0.022569
0 0.437157 0.905809 0.026961 0.022569
0 0.403257 0.935616 0.026961 0.022569
0 0.368200 0.961050 0.026961 0.022569
0 0.400929 0.993494 0.026961 0.022569
0 0.433643 0.971565 0.026961 0.022569
0 0.472214 0.940879 0.026961 0.022569
0 0.492086 0.932111 0.026961 0.022569
0 0.622971 0.919839 0.026961 0.022569
0 0.577400 0.943516 0.026961 0.022569
0 0.555186 0.943516 0.026961 0.022569
0 0.569214 0.982090 0.026961 0.022569
0 0.502600 0.978585 0.026961 0.022569
0 0.627643 0.961050 0.026961 0.022569
0 0.663871 0.942637 0.026961 0.022569
0 0.693100 0.961050 0.026961 0.022569
0 0.710629 0.925970 0.026961 0.022569
0 0.739843 0.937374 0.026961 0.022569
0 0.745686 0.969818 0.026961 0.022569
0 0.760871 0.973323 0.026961 0.022569
0 0.723486 0.992615 0.026961 0.022569
0 0.620629 0.991736 0.026961 0.022569
0 0.591414 0.774287 0.026961 0.022569
0 0.592586 0.821629 0.026961 0.022569
0 0.591414 0.862840 0.026961 0.022569
0 0.645171 0.843558 0.026961 0.022569
0 0.646343 0.883891 0.026961 0.022569
0 0.690757 0.896163 0.026961 0.022569
0 0.866057 0.489314 0.026961 0.022569
0 0.882414 0.520879 0.026961 0.022569
0 0.878914 0.563848 0.026961 0.022569
0 0.918643 0.549818 0.026961 0.022569
0 0.905800 0.592787 0.026961 0.022569
0 0.866057 0.603301 0.026961 0.022569
0 0.860214 0.645391 0.026961 0.022569
0 0.901114 0.634866 0.026961 0.022569
0 0.933843 0.622594 0.026961 0.022569
0 0.933843 0.666431 0.026961 0.022569
0 0.892943 0.676956 0.026961 0.022569
0 0.852029 0.687481 0.026961 0.022569
0 0.842686 0.733076 0.026961 0.022569
0 0.884757 0.718167 0.026961 0.022569
0 0.928000 0.707642 0.026961 0.022569
0 0.912800 0.747985 0.026961 0.022569
0 0.880086 0.761136 0.026961 0.022569
0 0.836843 0.774287 0.026961 0.022569
0 0.877743 0.804973 0.026961 0.022569
0 0.915143 0.790064 0.026961 0.022569
0 0.940857 0.775166 0.026961 0.022569
0 0.947871 0.733955 0.026961 0.022569
0 0.939686 0.819882 0.026961 0.022569
0 0.964229 0.854952 0.026961 0.022569
0 0.912800 0.866356 0.026961 0.022569
0 0.873071 0.841801 0.026961 0.022569
0 0.835671 0.842680 0.026961 0.022569
0 0.843857 0.880375 0.026961 0.022569
0 0.860214 0.880375 0.026961 0.022569
0 0.887100 0.989979 0.026961 0.022569
0 0.929171 0.979464 0.026961 0.022569
0 0.947871 0.963676 0.026961 0.022569
0 0.905800 0.943516 0.026961 0.022569
0 0.856714 0.961050 0.026961 0.022569
0 0.818143 0.952283 0.026961 0.022569
0 0.814643 0.982090 0.026961 0.022569
0 0.943186 0.911951 0.026961 0.022569
0 0.885929 0.915456 0.026961 0.022569
0 0.868400 0.894405 0.026961 0.022569
0 0.849700 0.908435 0.026961 0.022569
0 0.993443 0.904930 0.026961 0.022569
0 0.978257 0.876870 0.026961 0.022569
0 0.959557 0.885638 0.026961 0.022569
0 0.819314 0.520011 0.026961 0.022569
0 0.831000 0.489314 0.026961 0.022569
0 0.756200 0.538414 0.026961 0.022569
0 0.711786 0.518253 0.026961 0.022569
0 0.835671 0.594534 0.026961 0.022569
0 0.800614 0.562969 0.026961 0.022569
0 0.780743 0.604180 0.026961 0.022569
0 0.741014 0.576999 0.026961 0.022569
0 0.696600 0.551576 0.026961 0.022569
0 0.655700 0.524394 0.026961 0.022569
0 0.637000 0.559464 0.026961 0.022569
0 0.618300 0.596292 0.026961 0.022569
0 0.600771 0.631361 0.026961 0.022569
0 0.582071 0.668189 0.026961 0.022569
0 0.559857 0.710279 0.026961 0.022569
0 0.543500 0.647149 0.026961 0.022569
0 0.600771 0.739207 0.026961 0.022569
0 0.639329 0.769025 0.026961 0.022569
0 0.668557 0.800589 0.026961 0.022569
0 0.690757 0.834780 0.026961 0.022569
0 0.701271 0.864598 0.026961 0.022569
0 0.681400 0.587524 0.026961 0.022569
0 0.722314 0.617331 0.026961 0.022569
0 0.763214 0.642765 0.026961 0.022569
0 0.798271 0.676077 0.026961 0.022569
0 0.816971 0.635745 0.026961 0.022569
0 0.663871 0.622594 0.026961 0.022569
0 0.645171 0.657663 0.026961 0.022569
0 0.625314 0.695370 0.026961 0.022569
0 0.686086 0.690107 0.026961 0.022569
0 0.704786 0.653280 0.026961 0.022569
0 0.667386 0.726056 0.026961 0.022569
0 0.705943 0.759378 0.026961 0.022569
0 0.737500 0.797085 0.026961 0.022569
0 0.755029 0.832154 0.026961 0.022569
0 0.756200 0.863719 0.026961 0.022569
0 0.783086 0.897042 0.026961 0.022569
0 0.746857 0.892658 0.026961 0.022569
0 0.746857 0.921586 0.026961 0.022569
0 0.778400 0.924223 0.026961 0.022569
0 0.746857 0.682219 0.026961 0.022569
0 0.729329 0.720793 0.026961 0.022569
0 0.779571 0.717288 0.026961 0.022569
0 0.763214 0.754995 0.026961 0.022569
0 0.798271 0.751490 0.026961 0.022569
0 0.787757 0.790943 0.026961 0.022569
0 0.793600 0.826892 0.026961 0.022569
0 0.977086 0.983848 0.026961 0.022569
0 0.975914 0.925970 0.026961 0.022569