0 0.297000 0.976103 0.045139 0.046007
0 0.354586 0.953362 0.045139 0.046007
0 0.443983 0.973069 0.045139 0.046007
0 0.390948 0.994276 0.045139 0.046007
0 0.525793 0.995793 0.045139 0.046007
0 0.633362 0.988224 0.045139 0.046007
0 0.648517 0.942759 0.045139 0.046007
0 0.621241 0.904879 0.045139 0.046007
0 0.575793 0.956397 0.045139 0.046007
0 0.480345 0.942759 0.045139 0.046007
0 0.536397 0.903362 0.045139 0.046007
0 0.584879 0.862466 0.045139 0.046007
0 0.554586 0.821552 0.045139 0.046007
0 0.495483 0.862466 0.045139 0.046007
0 0.457621 0.886707 0.045139 0.046007
0 0.401552 0.921552 0.045139 0.046007
0 0.354586 0.863983 0.045139 0.046007
0 0.319741 0.894276 0.045139 0.046007
0 0.284879 0.923069 0.045139 0.046007
0 0.287914 0.835190 0.045139 0.046007
0 0.327310 0.803362 0.045139 0.046007
0 0.290948 0.779121 0.045139 0.046007
0 0.409121 0.827621 0.045139 0.046007
0 0.463672 0.791241 0.045139 0.046007
0 0.500034 0.767000 0.045139 0.046007
0 0.600034 0.779121 0.045139 0.046007
0 0.628828 0.817000 0.045139 0.046007
0 0.657621 0.857914 0.045139 0.046007
0 0.669741 0.897310 0.045139 0.046007
0 0.662155 0.768517 0.045139 0.046007
0 0.642466 0.730638 0.045139 0.046007
0 0.686397 0.720034 0.045139 0.046007
0 0.675793 0.686707 0.045139 0.046007
0 0.650034 0.651862 0.045139 0.046007
0 0.613672 0.694276 0.045139 0.046007
0 0.560638 0.732155 0.045139 0.046007
0 0.516707 0.677621 0.045139 0.046007
0 0.474276 0.704879 0.045139 0.046007
0 0.421241 0.738224 0.045139 0.046007
0 0.371241 0.771552 0.045139 0.046007
0 0.340948 0.720034 0.045139 0.046007
0 0.307621 0.748828 0.045139 0.046007
0 0.378828 0.688224 0.045139 0.046007
0 0.431862 0.653362 0.045139 0.046007
0 0.481862 0.618517 0.045139 0.046007
0 0.487914 0.530638 0.045139 0.046007
0 0.431862 0.570034 0.045139 0.046007
0 0.378828 0.603362 0.045139 0.046007
0 0.343983 0.635190 0.045139 0.046007
0 0.310638 0.667000 0.045139 0.046007
0 0.298517 0.691241 0.045139 0.046007
0 0.316707 0.582155 0.045139 0.046007
0 0.333362 0.553362 0.045139 0.046007
0 0.381862 0.512466 0.045139 0.046007
0 0.437914 0.480638 0.045139 0.046007
0 0.500034 0.451862 0.045139 0.046007
0 0.490948 0.362466 0.045139 0.046007
0 0.445483 0.404879 0.045139 0.046007
0 0.397000 0.365483 0.045139 0.046007
0 0.415190 0.318517 0.045139 0.046007
0 0.387914 0.426103 0.045139 0.046007
0 0.348517 0.386707 0.045139 0.046007
0 0.336397 0.471552 0.045139 0.046007
0 0.295483 0.410948 0.045139 0.046007
0 0.265190 0.410948 0.045139 0.046007
0 0.265190 0.362466 0.045139 0.046007
0 0.219741 0.432155 0.045139 0.046007
0 0.283362 0.479121 0.045139 0.046007
0 0.272759 0.551862 0.045139 0.046007
0 0.234879 0.494276 0.045139 0.046007
0 0.216707 0.579121 0.045139 0.046007
0 0.190948 0.517000 0.045139 0.046007
0 0.556103 0.367000 0.045139 0.046007
0 0.612155 0.309431 0.045139 0.046007
0 0.637914 0.371552 0.045139 0.046007
0 0.637914 0.342759 0.045139 0.046007
0 0.693983 0.406397 0.045139 0.046007
0 0.742466 0.444276 0.045139 0.046007
0 0.784879 0.421552 0.045139 0.046007
0 0.777310 0.482155 0.045139 0.046007
0 0.809121 0.506397 0.045139 0.046007
0 0.824276 0.594276 0.045139 0.046007
0 0.797000 0.641241 0.045139 0.046007
0 0.740948 0.609431 0.045139 0.046007
0 0.783362 0.554879 0.045139 0.046007
0 0.748517 0.536707 0.045139 0.046007
0 0.727310 0.524586 0.045139 0.046007
0 0.693983 0.476103 0.045139 0.046007
0 0.637914 0.438224 0.045139 0.046007
0 0.592466 0.395793 0.045139 0.046007
0 0.584879 0.470034 0.045139 0.046007
0 0.531862 0.427621 0.045139 0.046007
0 0.530345 0.509431 0.045139 0.046007
0 0.575793 0.551862 0.045139 0.046007
0 0.637914 0.512466 0.045139 0.046007
0 0.671241 0.567000 0.045139 0.046007
0 0.615190 0.603362 0.045139 0.046007
0 0.525793 0.592759 0.045139 0.046007
0 0.566707 0.641241 0.045139 0.046007
0 0.693983 0.639741 0.045139 0.046007