0 0.454181 0.004650 0.024510 0.020833
0 0.445501 0.021400 0.024510 0.020833
0 0.440538 0.039670 0.024510 0.020833
0 0.434951 0.057430 0.024510 0.020833
0 0.433093 0.077220 0.024510 0.020833
0 0.427506 0.095480 0.024510 0.020833
0 0.425024 0.114760 0.024510 0.020833
0 0.420061 0.133030 0.024510 0.020833
0 0.416956 0.152310 0.024510 0.020833
0 0.414487 0.169060 0.024510 0.020833
0 0.410758 0.192400 0.024510 0.020833
0 0.405171 0.208130 0.024510 0.020833
0 0.402689 0.227410 0.024510 0.020833
0 0.399597 0.249230 0.024510 0.020833
0 0.398973 0.264960 0.024510 0.020833
0 0.394010 0.285770 0.024510 0.020833
0 0.390293 0.306570 0.024510 0.020833
0 0.385941 0.328900 0.024510 0.020833
0 0.382225 0.348690 0.024510 0.020833
0 0.379743 0.368980 0.024510 0.020833
0 0.769303 0.008710 0.024510 0.020833
0 0.771161 0.028000 0.024510 0.020833
0 0.770538 0.043730 0.024510 0.020833
0 0.768068 0.063010 0.024510 0.020833
0 0.768068 0.082290 0.024510 0.020833
0 0.763105 0.100050 0.024510 0.020833
0 0.746968 0.339050 0.024510 0.020833
0 0.750697 0.357310 0.024510 0.020833
0 0.748215 0.376090 0.024510 0.020833
0 0.744487 0.399430 0.024510 0.020833
0 0.742628 0.422770 0.024510 0.020833
0 0.740770 0.444590 0.024510 0.020833
0 0.735807 0.465900 0.024510 0.020833
0 0.732702 0.490260 0.024510 0.020833
0 0.730220 0.511570 0.024510 0.020833
0 0.724645 0.532370 0.024510 0.020833
0 0.716577 0.551650 0.024510 0.020833
0 0.713472 0.571440 0.024510 0.020833
0 0.704169 0.588700 0.024510 0.020833
0 0.696724 0.608490 0.024510 0.020833
0 0.689902 0.628280 0.024510 0.020833
0 0.377262 0.391310 0.024510 0.020833
0 0.373545 0.413130 0.024510 0.020833
0 0.374780 0.435960 0.024510 0.020833
0 0.374156 0.455750 0.024510 0.020833
0 0.374780 0.478080 0.024510 0.020833
0 0.373545 0.498380 0.024510 0.020833
0 0.371675 0.520190 0.024510 0.020833
0 0.377885 0.539480 0.024510 0.020833
0 0.378496 0.556730 0.024510 0.020833
0 0.385330 0.577530 0.024510 0.020833
0 0.385941 0.598840 0.024510 0.020833
0 0.389046 0.614570 0.024510 0.020833
0 0.390905 0.634870 0.024510 0.020833
0 0.397726 0.654150 0.024510 0.020833
0 0.403313 0.672420 0.024510 0.020833
0 0.405171 0.692720 0.024510 0.020833
0 0.410134 0.714540 0.024510 0.020833
0 0.415721 0.733310 0.024510 0.020833
0 0.421919 0.751070 0.024510 0.020833
0 0.426271 0.770860 0.024510 0.020833
0 0.429988 0.786590 0.024510 0.020833
0 0.440538 0.806380 0.024510 0.020833
0 0.449841 0.823120 0.024510 0.020833
0 0.461002 0.836320 0.024510 0.020833
0 0.478998 0.843930 0.024510 0.020833
0 0.502567 0.837330 0.024510 0.020833
0 0.523032 0.829720 0.024510 0.020833
0 0.543509 0.823120 0.024510 0.020833
0 0.564597 0.812470 0.024510 0.020833
0 0.581968 0.799280 0.024510 0.020833
0 0.598716 0.785070 0.024510 0.020833
0 0.607396 0.769850 0.024510 0.020833
0 0.621663 0.751070 0.024510 0.020833
0 0.635318 0.736860 0.024510 0.020833
0 0.643374 0.718600 0.024510 0.020833
0 0.655782 0.699820 0.024510 0.020833
0 0.665086 0.681550 0.024510 0.020833
0 0.673778 0.664810 0.024510 0.020833
0 0.679976 0.643500 0.024510 0.020833
0 0.457286 0.854080 0.024510 0.020833
0 0.451076 0.876910 0.024510 0.020833