0 0.338606 0.472990 0.042318 0.084201
0 0.379513 0.438141 0.042318 0.084201
0 0.427243 0.403292 0.042318 0.084201
0 0.476106 0.376017 0.042318 0.084201
0 0.530650 0.368444 0.042318 0.084201
0 0.581786 0.383595 0.042318 0.084201
0 0.624969 0.418444 0.042318 0.084201
0 0.663606 0.459350 0.042318 0.084201
0 0.681786 0.513897 0.042318 0.084201
0 0.695423 0.565413 0.042318 0.084201
0 0.698833 0.621475 0.042318 0.084201
0 0.715879 0.709350 0.042318 0.084201
0 0.276106 0.572990 0.042318 0.084201
0 0.306786 0.632079 0.042318 0.084201
0 0.340879 0.676017 0.042318 0.084201
0 0.392013 0.716928 0.042318 0.084201
0 0.446559 0.721475 0.042318 0.084201
0 0.496559 0.721475 0.042318 0.084201
0 0.538606 0.689657 0.042318 0.084201
0 0.579513 0.645715 0.042318 0.084201
0 0.597696 0.586626 0.042318 0.084201
0 0.609059 0.522990 0.042318 0.084201
0 0.514743 0.500261 0.042318 0.084201
0 0.536333 0.439657 0.042318 0.084201
0 0.521559 0.572990 0.042318 0.084201
0 0.529513 0.627533 0.042318 0.084201
0 0.990879 0.892382 0.042318 0.084201
0 0.964743 0.913595 0.042318 0.084201
0 0.931786 0.919657 0.042318 0.084201
0 0.898833 0.927230 0.042318 0.084201
0 0.860196 0.921172 0.042318 0.084201
0 0.835196 0.909048 0.042318 0.084201
0 0.797696 0.886324 0.042318 0.084201
0 0.763606 0.859048 0.042318 0.084201
0 0.639743 0.727230 0.042318 0.084201
0 0.684059 0.751475 0.042318 0.084201
0 0.728379 0.778746 0.042318 0.084201
0 0.770423 0.787839 0.042318 0.084201
0 0.812469 0.809048 0.042318 0.084201
0 0.844286 0.822684 0.042318 0.084201
0 0.874969 0.831777 0.042318 0.084201
0 0.901106 0.831777 0.042318 0.084201
0 0.931786 0.822684 0.042318 0.084201
0 0.961333 0.810564 0.042318 0.084201
0 0.984059 0.786324 0.042318 0.084201
0 0.596559 0.325715 0.042318 0.084201
0 0.628379 0.292382 0.042318 0.084201
0 0.651106 0.246928 0.042318 0.084201
0 0.686333 0.215110 0.042318 0.084201
0 0.727243 0.202990 0.042318 0.084201
0 0.810196 0.184808 0.042318 0.084201
0 0.842013 0.184808 0.042318 0.084201
0 0.876106 0.192382 0.042318 0.084201
0 0.909059 0.198444 0.042318 0.084201
0 0.937469 0.218141 0.042318 0.084201
0 0.965879 0.228746 0.042318 0.084201
0 0.971559 0.301475 0.042318 0.084201
0 0.940879 0.284808 0.042318 0.084201
0 0.907923 0.272684 0.042318 0.084201
0 0.872696 0.260564 0.042318 0.084201
0 0.837469 0.263595 0.042318 0.084201
0 0.796559 0.271172 0.042318 0.084201
0 0.763606 0.283292 0.042318 0.084201
0 0.715879 0.307533 0.042318 0.084201
0 0.678379 0.334808 0.042318 0.084201
0 0.649969 0.374199 0.042318 0.084201
0 0.994286 0.246928 0.042318 0.084201