0 0.474287 0.220976 0.054977 0.112847
0 0.423812 0.272739 0.054977 0.112847
0 0.375862 0.297992 0.054977 0.112847
0 0.347263 0.361126 0.054977 0.112847
0 0.357362 0.419212 0.054977 0.112847
0 0.333800 0.497486 0.054977 0.112847
0 0.384275 0.522739 0.054977 0.112847
0 0.411200 0.472233 0.054977 0.112847
0 0.441487 0.422983 0.054977 0.112847
0 0.418775 0.368705 0.054977 0.112847
0 0.459988 0.323246 0.054977 0.112847
0 0.525600 0.229812 0.054977 0.112847
0 0.538225 0.327036 0.054977 0.112847
0 0.568512 0.299250 0.054977 0.112847
0 0.607200 0.303039 0.054977 0.112847
0 0.601313 0.380056 0.054977 0.112847
0 0.558412 0.416679 0.054977 0.112847
0 0.516350 0.435610 0.054977 0.112847
0 0.480175 0.383846 0.054977 0.112847
0 0.471763 0.470976 0.054977 0.112847
0 0.532338 0.503809 0.054977 0.112847
0 0.576925 0.523996 0.054977 0.112847
0 0.603837 0.472233 0.054977 0.112847
0 0.650113 0.472233 0.054977 0.112847
0 0.661887 0.383846 0.054977 0.112847
0 0.661887 0.569456 0.054977 0.112847
0 0.603000 0.573246 0.054977 0.112847
0 0.529813 0.560619 0.054977 0.112847
0 0.525600 0.626266 0.054977 0.112847
0 0.453263 0.558086 0.054977 0.112847
0 0.439800 0.626266 0.054977 0.112847
0 0.380075 0.622495 0.054977 0.112847
0 0.367450 0.560619 0.054977 0.112847
0 0.391012 0.672983 0.054977 0.112847
0 0.437275 0.728555 0.054977 0.112847
0 0.477650 0.696979 0.054977 0.112847
0 0.523088 0.733602 0.054977 0.112847
0 0.502050 0.784109 0.054977 0.112847
0 0.550000 0.801782 0.054977 0.112847
0 0.557575 0.683096 0.054977 0.112847
0 0.587012 0.621220 0.054977 0.112847
0 0.599637 0.720976 0.054977 0.112847
0 0.639175 0.650263 0.054977 0.112847
0 0.338288 0.642251 0.054977 0.112847
0 0.573525 0.564428 0.054977 0.112847