0 0.014825 0.140736 0.141318 0.197917
0 0.074075 0.072671 0.141318 0.197917
0 0.186837 0.070051 0.141318 0.197917
0 0.379875 0.059572 0.141318 0.197917
0 0.536600 0.056969 0.141318 0.197917
0 0.660837 0.080531 0.141318 0.197917
0 0.800362 0.072671 0.141318 0.197917
0 0.934150 0.059572 0.141318 0.197917
0 0.949437 0.227140 0.141318 0.197917
0 0.808000 0.200959 0.141318 0.197917
0 0.603500 0.219281 0.141318 0.197917
0 0.441037 0.185257 0.141318 0.197917
0 0.366500 0.206199 0.141318 0.197917
0 0.299600 0.303065 0.141318 0.197917
0 0.129500 0.187877 0.141318 0.197917
0 0.075987 0.316164 0.141318 0.197917
0 0.148613 0.475873 0.141318 0.197917
0 0.018650 0.496815 0.141318 0.197917
0 0.173462 0.360668 0.141318 0.197917
0 0.345475 0.460154 0.141318 0.197917
0 0.429575 0.363288 0.141318 0.197917
0 0.584387 0.423510 0.141318 0.197917
0 0.685675 0.324024 0.141318 0.197917
0 0.769775 0.454932 0.141318 0.197917
0 0.830937 0.373767 0.141318 0.197917
0 0.951350 0.410411 0.141318 0.197917
0 0.983837 0.638202 0.141318 0.197917
0 0.878725 0.627723 0.141318 0.197917
0 0.718175 0.598921 0.141318 0.197917
0 0.190662 0.682705 0.141318 0.197917
0 0.047313 0.703647 0.141318 0.197917
0 0.116125 0.779572 0.141318 0.197917
0 0.081713 0.934058 0.141318 0.197917
0 0.003363 0.630342 0.141318 0.197917
0 0.219325 0.907877 0.141318 0.197917
0 0.465887 0.931438 0.141318 0.197917
0 0.349300 0.711507 0.141318 0.197917
0 0.456325 0.685325 0.141318 0.197917
0 0.592025 0.690565 0.141318 0.197917
0 0.458237 0.507295 0.141318 0.197917
0 0.857700 0.769110 0.141318 0.197917
0 0.764037 0.740308 0.141318 0.197917
0 0.960900 0.889538 0.141318 0.197917
0 0.909300 0.981182 0.141318 0.197917
0 0.821375 0.926199 0.141318 0.197917
0 0.720087 0.970702 0.141318 0.197917
0 0.710525 0.902637 0.141318 0.197917
0 0.613050 0.897397 0.141318 0.197917
0 0.169338 0.982603 0.141318 0.197917
0 0.371125 0.987260 0.141318 0.197917
0 0.349925 0.866473 0.141318 0.197917
0 0.422000 0.804914 0.141318 0.197917
0 0.519500 0.810719 0.141318 0.197917
0 0.761988 0.817688 0.141318 0.197917
0 0.011637 0.832791 0.141318 0.197917
0 0.007400 0.338014 0.141318 0.197917