0 0.955233 0.959146 0.067358 0.099826
0 0.976333 0.871256 0.067358 0.099826
0 0.962267 0.780352 0.067358 0.099826
0 0.960267 0.689447 0.067358 0.099826
0 0.878867 0.727337 0.067358 0.099826
0 0.801467 0.765226 0.067358 0.099826
0 0.712033 0.807638 0.067358 0.099826
0 0.776333 0.869749 0.067358 0.099826
0 0.654733 0.868241 0.067358 0.099826
0 0.711000 0.901558 0.067358 0.099826
0 0.753233 0.953116 0.067358 0.099826
0 0.672833 0.968241 0.067358 0.099826
0 0.809500 0.975829 0.067358 0.099826
0 0.821567 0.937940 0.067358 0.099826
0 0.891933 0.942513 0.067358 0.099826
0 0.857767 0.877337 0.067358 0.099826
0 0.916033 0.831859 0.067358 0.099826
0 0.834633 0.613719 0.067358 0.099826
0 0.879867 0.580352 0.067358 0.099826
0 0.873833 0.463719 0.067358 0.099826
0 0.894933 0.360653 0.067358 0.099826
0 0.809500 0.374322 0.067358 0.099826
0 0.735133 0.401558 0.067358 0.099826
0 0.791433 0.484925 0.067358 0.099826
0 0.750200 0.550050 0.067358 0.099826
0 0.726100 0.489447 0.067358 0.099826
0 0.670800 0.534925 0.067358 0.099826
0 0.648700 0.486432 0.067358 0.099826
0 0.679867 0.422814 0.067358 0.099826
0 0.588400 0.453116 0.067358 0.099826
0 0.558233 0.536432 0.067358 0.099826
0 0.619567 0.577337 0.067358 0.099826
0 0.588400 0.639447 0.067358 0.099826
0 0.608500 0.730352 0.067358 0.099826
0 0.661767 0.675829 0.067358 0.099826
0 0.727100 0.672814 0.067358 0.099826
0 0.716033 0.616734 0.067358 0.099826
0 0.524067 0.786432 0.067358 0.099826
0 0.438633 0.840955 0.067358 0.099826
0 0.465800 0.689447 0.067358 0.099826
0 0.520067 0.683417 0.067358 0.099826
0 0.489900 0.569749 0.067358 0.099826
0 0.429600 0.554623 0.067358 0.099826
0 0.570100 0.993417 0.067358 0.099826
0 0.513833 0.932814 0.067358 0.099826
0 0.480667 0.987337 0.067358 0.099826
0 0.445467 0.987337 0.067358 0.099826
0 0.363067 0.860050 0.067358 0.099826
0 0.394233 0.817638 0.067358 0.099826
0 0.396233 0.716131 0.067358 0.099826
0 0.330900 0.725226 0.067358 0.099826
0 0.361067 0.641859 0.067358 0.099826
0 0.382167 0.585829 0.067358 0.099826
0 0.289700 0.623719 0.067358 0.099826
0 0.232400 0.649447 0.067358 0.099826
0 0.182167 0.696432 0.067358 0.099826
0 0.266567 0.746432 0.067358 0.099826
0 0.301767 0.823719 0.067358 0.099826
0 0.218333 0.772211 0.067358 0.099826
0 0.250500 0.834322 0.067358 0.099826
0 0.243467 0.914623 0.067358 0.099826
0 0.322867 0.922211 0.067358 0.099826
0 0.210300 0.973719 0.067358 0.099826
0 0.167067 0.905528 0.067358 0.099826
0 0.179133 0.823719 0.067358 0.099826
0 0.141967 0.754020 0.067358 0.099826
0 0.028400 0.958543 0.067358 0.099826
0 0.403267 0.370955 0.067358 0.099826
0 0.409300 0.263417 0.067358 0.099826
0 0.387200 0.148241 0.067358 0.099826
0 0.336933 0.240653 0.067358 0.099826
0 0.286700 0.183116 0.067358 0.099826
0 0.255533 0.257337 0.067358 0.099826
0 0.309800 0.377035 0.067358 0.099826
0 0.368100 0.316432 0.067358 0.099826
0 0.235433 0.398241 0.067358 0.099826
0 0.183167 0.361859 0.067358 0.099826
0 0.153000 0.302814 0.067358 0.099826
0 0.084667 0.286131 0.067358 0.099826
0 0.204267 0.237638 0.067358 0.099826
0 0.055533 0.360352 0.067358 0.099826
0 0.116833 0.413417 0.067358 0.099826
0 0.128900 0.530050 0.067358 0.099826
0 0.217333 0.493719 0.067358 0.099826
0 0.280667 0.461859 0.067358 0.099826
0 0.337933 0.022513 0.067358 0.099826
0 0.271600 0.039146 0.067358 0.099826
0 0.235433 0.011859 0.067358 0.099826
0 0.204267 0.058844 0.067358 0.099826
0 0.146967 0.078543 0.067358 0.099826
0 0.150000 0.011859 0.067358 0.099826
0 0.082667 0.010352 0.067358 0.099826
0 0.079633 0.101256 0.067358 0.099826
0 0.022367 0.074020 0.067358 0.099826
0 0.037433 0.143719 0.067358 0.099826
0 0.015333 0.011859 0.067358 0.099826
0 0.598233 0.295226 0.067358 0.099826
0 0.549000 0.343719 0.067358 0.099826
0 0.523867 0.255829 0.067358 0.099826
0 0.519867 0.187638 0.067358 0.099826
0 0.607300 0.207337 0.067358 0.099826
0 0.564067 0.110352 0.067358 0.099826
0 0.532933 0.028543 0.067358 0.099826
0 0.489700 0.102814 0.067358 0.099826
0 0.658567 0.260352 0.067358 0.099826
0 0.641467 0.163417 0.067358 0.099826
0 0.618367 0.089146 0.067358 0.099826
0 0.596233 0.049749 0.067358 0.099826
0 0.629400 0.016432 0.067358 0.099826
0 0.684700 0.089146 0.067358 0.099826
0 0.700767 0.164925 0.067358 0.099826
0 0.712833 0.242211 0.067358 0.099826
0 0.756033 0.208844 0.067358 0.099826
0 0.802267 0.143719 0.067358 0.099826
0 0.855533 0.186131 0.067358 0.099826
0 0.868600 0.090653 0.067358 0.099826
0 0.814333 0.025528 0.067358 0.099826
0 0.745000 0.025528 0.067358 0.099826
0 0.745000 0.110352 0.067358 0.099826
0 0.700767 0.008844 0.067358 0.099826
0 0.981567 0.125075 0.067358 0.099826
0 0.958367 0.037789 0.067358 0.099826