0 0.444450 0.337978 0.075647 0.127604
0 0.100887 0.430844 0.075647 0.127604
0 0.118862 0.350911 0.075647 0.127604
0 0.132850 0.244356 0.075647 0.127604
0 0.169813 0.146667 0.075647 0.127604
0 0.222763 0.228378 0.075647 0.127604
0 0.189800 0.356244 0.075647 0.127604
0 0.151837 0.548044 0.075647 0.127604
0 0.092900 0.551600 0.075647 0.127604
0 0.134850 0.683022 0.075647 0.127604
0 0.138850 0.775378 0.075647 0.127604
0 0.205788 0.786044 0.075647 0.127604
0 0.218762 0.663489 0.075647 0.127604
0 0.229762 0.485889 0.075647 0.127604
0 0.275712 0.395311 0.075647 0.127604
0 0.297687 0.311844 0.075647 0.127604
0 0.338650 0.260333 0.075647 0.127604
0 0.321662 0.187533 0.075647 0.127604
0 0.321662 0.116489 0.075647 0.127604
0 0.277713 0.160889 0.075647 0.127604
0 0.389600 0.143133 0.075647 0.127604
0 0.382600 0.345578 0.075647 0.127604
0 0.341650 0.432622 0.075647 0.127604
0 0.312675 0.519644 0.075647 0.127604
0 0.265725 0.567578 0.075647 0.127604
0 0.313675 0.661711 0.075647 0.127604
0 0.283700 0.778933 0.075647 0.127604
0 0.381600 0.578244 0.075647 0.127604
0 0.390600 0.715000 0.075647 0.127604
0 0.452537 0.592444 0.075647 0.127604
0 0.432550 0.498333 0.075647 0.127604
0 0.423563 0.267444 0.075647 0.127604
0 0.473513 0.482333 0.075647 0.127604
0 0.618375 0.516089 0.075647 0.127604
0 0.665325 0.544489 0.075647 0.127604
0 0.641350 0.601333 0.075647 0.127604
0 0.633350 0.745178 0.075647 0.127604
0 0.677312 0.656378 0.075647 0.127604
0 0.692300 0.750511 0.075647 0.127604
0 0.682300 0.832222 0.075647 0.127604
0 0.741250 0.699022 0.075647 0.127604
0 0.774212 0.603111 0.075647 0.127604
0 0.818175 0.524956 0.075647 0.127604
0 0.858125 0.484111 0.075647 0.127604
0 0.804188 0.484111 0.075647 0.127604
0 0.750238 0.450378 0.075647 0.127604
0 0.681300 0.457467 0.075647 0.127604
0 0.742250 0.333156 0.075647 0.127604
0 0.861125 0.635067 0.075647 0.127604
0 0.863125 0.775378 0.075647 0.127604
0 0.804188 0.764733 0.075647 0.127604