0 0.435183 0.349956 0.070312 0.085069
0 0.472683 0.392378 0.070312 0.085069
0 0.489733 0.252978 0.070312 0.085069
0 0.517000 0.316622 0.070312 0.085069
0 0.542000 0.274200 0.070312 0.085069
0 0.602233 0.224200 0.070312 0.085069
0 0.586333 0.315111 0.070312 0.085069
0 0.637467 0.330244 0.070312 0.085069
0 0.626100 0.283289 0.070312 0.085069
0 0.642000 0.248444 0.070312 0.085069
0 0.682917 0.292378 0.070312 0.085069
0 0.713600 0.265111 0.070312 0.085069
0 0.743150 0.319644 0.070312 0.085069
0 0.738600 0.402978 0.070312 0.085069
0 0.768150 0.369644 0.070312 0.085069
0 0.798833 0.395400 0.070312 0.085069
0 0.806783 0.457533 0.070312 0.085069
0 0.797683 0.530244 0.070312 0.085069
0 0.743150 0.507533 0.070312 0.085069
0 0.753367 0.459044 0.070312 0.085069
0 0.707917 0.440867 0.070312 0.085069
0 0.680650 0.463578 0.070312 0.085069
0 0.684050 0.399956 0.070312 0.085069
0 0.635183 0.409044 0.070312 0.085069
0 0.551100 0.383289 0.070312 0.085069
0 0.581783 0.468133 0.070312 0.085069
0 0.618150 0.507533 0.070312 0.085069
0 0.499967 0.457533 0.070312 0.085069
0 0.517000 0.522667 0.070312 0.085069
0 0.451100 0.521156 0.070312 0.085069
0 0.518150 0.621156 0.070312 0.085069
0 0.484050 0.581778 0.070312 0.085069
0 0.610183 0.656000 0.070312 0.085069
0 0.680650 0.642378 0.070312 0.085069
0 0.637467 0.581778 0.070312 0.085069
0 0.698833 0.549956 0.070312 0.085069
0 0.748833 0.604489 0.070312 0.085069
0 0.422683 0.440867 0.070312 0.085069