0 0.224179 0.981324 0.042686 0.078993
0 0.034642 0.015784 0.042686 0.078993
0 0.054224 0.073081 0.042686 0.078993
0 0.014746 0.061622 0.042686 0.078993
0 0.021075 0.108000 0.042686 0.078993
0 0.009015 0.135297 0.042686 0.078993
0 0.033134 0.164216 0.042686 0.078993
0 0.017463 0.211703 0.042686 0.078993
0 0.041269 0.225351 0.042686 0.078993
0 0.074418 0.170784 0.042686 0.078993
0 0.094000 0.108568 0.042686 0.078993
0 0.106119 0.100811 0.042686 0.078993
0 0.083761 0.043081 0.042686 0.078993
0 0.033134 0.272838 0.042686 0.078993
0 0.091896 0.217703 0.042686 0.078993
0 0.062358 0.223162 0.042686 0.078993
0 0.051209 0.349243 0.042686 0.078993
0 0.086164 0.329054 0.042686 0.078993
0 0.115104 0.311027 0.042686 0.078993
0 0.096119 0.372162 0.042686 0.078993
0 0.121731 0.373784 0.042686 0.078993
0 0.090388 0.432189 0.042686 0.078993
0 0.126851 0.431649 0.042686 0.078993
0 0.117821 0.488946 0.042686 0.078993
0 0.140119 0.233541 0.042686 0.078993
0 0.114806 0.244459 0.042686 0.078993
0 0.144642 0.304486 0.042686 0.078993
0 0.169657 0.302838 0.042686 0.078993
0 0.178701 0.259189 0.042686 0.078993
0 0.179299 0.213892 0.042686 0.078993
0 0.143731 0.183324 0.042686 0.078993
0 0.161209 0.163676 0.042686 0.078993
0 0.120836 0.158757 0.042686 0.078993
0 0.186836 0.162595 0.042686 0.078993
0 0.163627 0.145676 0.042686 0.078993
0 0.214254 0.117297 0.042686 0.078993
0 0.243194 0.151676 0.042686 0.078993
0 0.224806 0.185514 0.042686 0.078993
0 0.215761 0.241730 0.042686 0.078993
0 0.220582 0.301757 0.042686 0.078993
0 0.230537 0.379784 0.042686 0.078993
0 0.257060 0.315405 0.042686 0.078993
0 0.266403 0.395081 0.042686 0.078993
0 0.301657 0.321946 0.042686 0.078993
0 0.198896 0.357973 0.042686 0.078993
0 0.201000 0.311568 0.042686 0.078993
0 0.173269 0.356865 0.042686 0.078993
0 0.147955 0.348135 0.042686 0.078993
0 0.184418 0.413081 0.042686 0.078993
0 0.167239 0.422378 0.042686 0.078993
0 0.184418 0.482946 0.042686 0.078993
0 0.220896 0.456757 0.042686 0.078993
0 0.215463 0.532054 0.042686 0.078993
0 0.197075 0.571892 0.042686 0.078993
0 0.125657 0.569162 0.042686 0.078993
0 0.100343 0.565892 0.042686 0.078993
0 0.108179 0.535324 0.042686 0.078993
0 0.163627 0.574622 0.042686 0.078993
0 0.154881 0.466027 0.042686 0.078993
0 0.189239 0.664676 0.042686 0.078993
0 0.177493 0.609000 0.042686 0.078993
0 0.170866 0.698514 0.042686 0.078993
0 0.221791 0.645568 0.042686 0.078993
0 0.227821 0.598108 0.042686 0.078993
0 0.244701 0.569162 0.042686 0.078993
0 0.271821 0.574622 0.042686 0.078993
0 0.280269 0.642838 0.042686 0.078993
0 0.250119 0.682676 0.042686 0.078993
0 0.305582 0.679946 0.042686 0.078993
0 0.220284 0.718703 0.042686 0.078993
0 0.247104 0.740541 0.042686 0.078993
0 0.287194 0.745459 0.042686 0.078993
0 0.272433 0.708324 0.042686 0.078993
0 0.322149 0.746000 0.042686 0.078993
0 0.341149 0.681595 0.042686 0.078993
0 0.325164 0.617757 0.042686 0.078993
0 0.176881 0.795108 0.042686 0.078993
0 0.165433 0.831676 0.042686 0.078993
0 0.198896 0.868243 0.042686 0.078993
0 0.215164 0.789649 0.042686 0.078993
0 0.264597 0.814757 0.042686 0.078993
0 0.290806 0.805486 0.042686 0.078993
0 0.331493 0.815297 0.042686 0.078993
0 0.310701 0.876432 0.042686 0.078993
0 0.282075 0.870973 0.042686 0.078993
0 0.253134 0.906432 0.042686 0.078993
0 0.273940 0.947919 0.042686 0.078993
0 0.289000 0.914081 0.042686 0.078993
0 0.337224 0.938649 0.042686 0.078993
0 0.345060 0.884081 0.042686 0.078993
0 0.349284 0.740541 0.042686 0.078993
0 0.370672 0.762919 0.042686 0.078993
0 0.393582 0.742162 0.042686 0.078993
0 0.368269 0.705622 0.042686 0.078993
0 0.399015 0.656486 0.042686 0.078993
0 0.358925 0.605730 0.042686 0.078993
0 0.412269 0.791297 0.042686 0.078993
0 0.386657 0.842054 0.042686 0.078993
0 0.368567 0.863865 0.042686 0.078993
0 0.359522 0.800568 0.042686 0.078993
0 0.317030 0.980108 0.042686 0.078993
0 0.363746 0.969757 0.042686 0.078993
0 0.365254 0.926649 0.042686 0.078993
0 0.385448 0.913541 0.042686 0.078993
0 0.414373 0.880243 0.042686 0.078993
0 0.422821 0.941378 0.042686 0.078993
0 0.399313 0.983405 0.042686 0.078993
0 0.451746 0.908622 0.042686 0.078993
0 0.446925 0.847514 0.042686 0.078993
0 0.473149 0.950108 0.042686 0.078993
0 0.436075 0.725243 0.042686 0.078993
0 0.466209 0.670676 0.042686 0.078993
0 0.345358 0.509135 0.042686 0.078993
0 0.314627 0.535892 0.042686 0.078993
0 0.255851 0.496595 0.042686 0.078993
0 0.270925 0.461108 0.042686 0.078993
0 0.243194 0.441459 0.042686 0.078993
0 0.354403 0.426189 0.042686 0.078993
0 0.338731 0.357973 0.042686 0.078993
0 0.312507 0.429459 0.042686 0.078993
0 0.334507 0.570811 0.042686 0.078993
0 0.284179 0.180595 0.042686 0.078993
0 0.300149 0.119486 0.042686 0.078993
0 0.254642 0.233541 0.042686 0.078993
0 0.304970 0.237892 0.042686 0.078993
0 0.336627 0.165865 0.042686 0.078993
0 0.327881 0.106378 0.042686 0.078993
0 0.334806 0.053973 0.042686 0.078993
0 0.369776 0.128757 0.042686 0.078993
0 0.380328 0.192595 0.042686 0.078993
0 0.367970 0.261378 0.042686 0.078993
0 0.404433 0.275568 0.042686 0.078993
0 0.427343 0.204054 0.042686 0.078993
0 0.402627 0.148946 0.042686 0.078993
0 0.429448 0.079622 0.042686 0.078993
0 0.396299 0.058892 0.042686 0.078993
0 0.379119 0.005946 0.042686 0.078993
0 0.248612 0.042514 0.042686 0.078993
0 0.303776 0.007054 0.042686 0.078993
0 0.456269 0.134216 0.042686 0.078993
0 0.460194 0.031054 0.042686 0.078993
0 0.424627 0.014703 0.042686 0.078993
0 0.371582 0.360162 0.042686 0.078993
0 0.396896 0.379243 0.042686 0.078993
0 0.429448 0.337216 0.042686 0.078993
0 0.409254 0.430000 0.042686 0.078993
0 0.377612 0.419649 0.042686 0.078993
0 0.388164 0.479676 0.042686 0.078993
0 0.417388 0.529865 0.042686 0.078993
0 0.461090 0.512946 0.042686 0.078993
0 0.461388 0.452378 0.042686 0.078993
0 0.452955 0.397270 0.042686 0.078993
0 0.385746 0.535892 0.042686 0.078993
0 0.421313 0.601378 0.042686 0.078993
0 0.462896 0.599730 0.042686 0.078993
0 0.518358 0.964838 0.042686 0.078993
0 0.495746 0.882973 0.042686 0.078993
0 0.471343 0.860595 0.042686 0.078993
0 0.485806 0.801108 0.042686 0.078993
0 0.525896 0.804946 0.042686 0.078993
0 0.522582 0.729622 0.042686 0.078993
0 0.490925 0.723081 0.042686 0.078993
0 0.551209 0.721432 0.042686 0.078993
0 0.582552 0.764541 0.042686 0.078993
0 0.556940 0.788027 0.042686 0.078993
0 0.572612 0.835486 0.042686 0.078993
0 0.546687 0.857324 0.042686 0.078993
0 0.532821 0.905892 0.042686 0.078993
0 0.566269 0.898811 0.042686 0.078993
0 0.584955 0.977946 0.042686 0.078993
0 0.600030 0.924459 0.042686 0.078993
0 0.610582 0.961568 0.042686 0.078993
0 0.594910 0.872054 0.042686 0.078993
0 0.619627 0.856243 0.042686 0.078993
0 0.662716 0.830595 0.042686 0.078993
0 0.634687 0.898270 0.042686 0.078993
0 0.650970 0.905351 0.042686 0.078993
0 0.676284 0.951189 0.042686 0.078993
0 0.653672 0.946297 0.042686 0.078993
0 0.694672 0.792378 0.042686 0.078993
0 0.643433 0.753622 0.042686 0.078993
0 0.611478 0.787459 0.042686 0.078993
0 0.680806 0.716514 0.042686 0.078993
0 0.651567 0.683784 0.042686 0.078993
0 0.639821 0.631378 0.042686 0.078993
0 0.593104 0.621568 0.042686 0.078993
0 0.569896 0.591000 0.042686 0.078993
0 0.559642 0.654297 0.042686 0.078993
0 0.526791 0.666865 0.042686 0.078993
0 0.542164 0.613378 0.042686 0.078993
0 0.512925 0.571351 0.042686 0.078993
0 0.493343 0.613378 0.042686 0.078993
0 0.848075 0.959919 0.042686 0.078993
0 0.789299 0.965919 0.042686 0.078993
0 0.793522 0.921189 0.042686 0.078993
0 0.767299 0.911351 0.042686 0.078993
0 0.794731 0.850784 0.042686 0.078993
0 0.728418 0.872622 0.042686 0.078993
0 0.743194 0.946297 0.042686 0.078993
0 0.723000 0.988865 0.042686 0.078993
0 0.729925 0.754189 0.042686 0.078993
0 0.713955 0.685405 0.042686 0.078993
0 0.741075 0.648297 0.042686 0.078993
0 0.791403 0.697973 0.042686 0.078993
0 0.775731 0.779838 0.042686 0.078993
0 0.819134 0.774919 0.042686 0.078993
0 0.865552 0.832216 0.042686 0.078993
0 0.827582 0.835486 0.042686 0.078993
0 0.828179 0.908081 0.042686 0.078993
0 0.872478 0.896622 0.042686 0.078993
0 0.902925 0.830595 0.042686 0.078993
0 0.885134 0.793486 0.042686 0.078993
0 0.889657 0.729081 0.042686 0.078993
0 0.855597 0.725811 0.042686 0.078993
0 0.843254 0.671784 0.042686 0.078993
0 0.870672 0.650486 0.042686 0.078993
0 0.819433 0.633568 0.042686 0.078993
0 0.789896 0.633568 0.042686 0.078993
0 0.763075 0.579000 0.042686 0.078993
0 0.787493 0.607919 0.042686 0.078993
0 0.809791 0.567541 0.042686 0.078993
0 0.723000 0.583351 0.042686 0.078993
0 0.522881 0.498757 0.042686 0.078993
0 0.527403 0.424000 0.042686 0.078993
0 0.562955 0.451297 0.042686 0.078993
0 0.546687 0.475297 0.042686 0.078993
0 0.579239 0.536973 0.042686 0.078993
0 0.602746 0.499865 0.042686 0.078993
0 0.594000 0.418541 0.042686 0.078993
0 0.642224 0.494405 0.042686 0.078993
0 0.637403 0.442568 0.042686 0.078993
0 0.622328 0.552243 0.042686 0.078993
0 0.676284 0.521703 0.042686 0.078993
0 0.675985 0.597000 0.042686 0.078993
0 0.700388 0.470378 0.042686 0.078993
0 0.672060 0.420730 0.042686 0.078993
0 0.720881 0.414189 0.042686 0.078993
0 0.737164 0.499324 0.042686 0.078993
0 0.629269 0.390703 0.042686 0.078993
0 0.661821 0.347595 0.042686 0.078993
0 0.631970 0.333405 0.042686 0.078993
0 0.663015 0.285378 0.042686 0.078993
0 0.591284 0.353054 0.042686 0.078993
0 0.564164 0.370514 0.042686 0.078993
0 0.587373 0.301757 0.042686 0.078993
0 0.532224 0.343243 0.042686 0.078993
0 0.499060 0.374351 0.042686 0.078993
0 0.511119 0.263541 0.042686 0.078993
0 0.508104 0.059432 0.042686 0.078993
0 0.479776 0.223703 0.042686 0.078993
0 0.458373 0.269568 0.042686 0.078993
0 0.471045 0.318676 0.042686 0.078993
0 0.683209 0.130946 0.042686 0.078993
0 0.673567 0.072541 0.042686 0.078993
0 0.701299 0.037054 0.042686 0.078993
0 0.636493 0.167486 0.042686 0.078993
0 0.664522 0.200243 0.042686 0.078993
0 0.688343 0.242811 0.042686 0.078993
0 0.627149 0.249919 0.042686 0.078993
0 0.577433 0.201892 0.042686 0.078993
0 0.600030 0.121649 0.042686 0.078993
0 0.568388 0.142405 0.042686 0.078993
0 0.582552 0.085081 0.042686 0.078993
0 0.522269 0.013595 0.042686 0.078993
0 0.458687 0.767838 0.042686 0.078993
0 0.702806 0.366703 0.042686 0.078993
0 0.707627 0.289757 0.042686 0.078993