0 0.430600 0.490650 0.086806 0.128472
0 0.452200 0.334075 0.086806 0.128472
0 0.513383 0.323275 0.086806 0.128472
0 0.369400 0.336775 0.086806 0.128472
0 0.298300 0.396175 0.086806 0.128472
0 0.260517 0.451500 0.086806 0.128472
0 0.225417 0.371875 0.086806 0.128472
0 0.309100 0.307075 0.086806 0.128472
0 0.265917 0.323275 0.086806 0.128472
0 0.235317 0.235525 0.086806 0.128472
0 0.202017 0.289525 0.086806 0.128472
0 0.329800 0.228775 0.086806 0.128472
0 0.279417 0.176125 0.086806 0.128472
0 0.321700 0.134275 0.086806 0.128472
0 0.427900 0.223375 0.086806 0.128472
0 0.387400 0.200425 0.086806 0.128472
0 0.540383 0.134275 0.086806 0.128472
0 0.486400 0.176125 0.086806 0.128472
0 0.570983 0.185575 0.086806 0.128472
0 0.574583 0.266575 0.086806 0.128472
0 0.599783 0.336775 0.086806 0.128472
0 0.570083 0.433975 0.086806 0.128472
0 0.640283 0.451500 0.086806 0.128472
0 0.676283 0.355675 0.086806 0.128472
0 0.641183 0.280075 0.086806 0.128472
0 0.325300 0.664800 0.086806 0.128472
0 0.329800 0.752550 0.086806 0.128472
0 0.393700 0.693150 0.086806 0.128472
0 0.391900 0.814625 0.086806 0.128472
0 0.468400 0.689100 0.086806 0.128472
0 0.391900 0.625650 0.086806 0.128472
0 0.426100 0.606750 0.086806 0.128472
0 0.507083 0.578400 0.086806 0.128472
0 0.546683 0.656700 0.086806 0.128472
0 0.574583 0.739050 0.086806 0.128472
0 0.518783 0.748500 0.086806 0.128472
0 0.471100 0.809225 0.086806 0.128472
0 0.531383 0.821375 0.086806 0.128472
0 0.555683 0.525750 0.086806 0.128472
0 0.624083 0.529800 0.086806 0.128472
0 0.575483 0.597300 0.086806 0.128472