0 0.424179 0.846213 0.074653 0.110243
0 0.384035 0.868456 0.074653 0.110243
0 0.355826 0.814207 0.074653 0.110243
0 0.390545 0.731749 0.074653 0.110243
0 0.427434 0.764298 0.074653 0.110243
0 0.449496 0.779487 0.074653 0.110243
0 0.459984 0.703539 0.074653 0.110243
0 0.418394 0.634100 0.074653 0.110243
0 0.358358 0.615654 0.074653 0.110243
0 0.346423 0.703539 0.074653 0.110243
0 0.507723 0.653630 0.074653 0.110243
0 0.320744 0.602636 0.074653 0.110243
0 0.547505 0.565745 0.074653 0.110243
0 0.574993 0.629217 0.074653 0.110243
0 0.619838 0.603178 0.074653 0.110243
0 0.590905 0.503902 0.074653 0.110243
0 0.504831 0.539706 0.074653 0.110243
0 0.481684 0.452909 0.074653 0.110243
0 0.433944 0.526685 0.074653 0.110243
0 0.458900 0.596124 0.074653 0.110243
0 0.358358 0.510954 0.074653 0.110243
0 0.352933 0.376416 0.074653 0.110243
0 0.415862 0.418731 0.074653 0.110243
0 0.349316 0.439346 0.074653 0.110243
0 0.700126 0.410593 0.074653 0.110243
0 0.773182 0.387810 0.074653 0.110243
0 0.752929 0.488170 0.074653 0.110243
0 0.753652 0.568459 0.074653 0.110243
0 0.680235 0.540248 0.074653 0.110243
0 0.649133 0.500646 0.074653 0.110243
0 0.642623 0.420900 0.074653 0.110243
0 0.559079 0.402455 0.074653 0.110243
0 0.642623 0.336271 0.074653 0.110243
0 0.712423 0.298299 0.074653 0.110243
0 0.778608 0.304808 0.074653 0.110243
0 0.493980 0.351461 0.074653 0.110243
0 0.491086 0.242965 0.074653 0.110243
0 0.493257 0.135550 0.074653 0.110243
0 0.435030 0.194682 0.074653 0.110243
0 0.436838 0.297756 0.074653 0.110243
0 0.402842 0.304265 0.074653 0.110243
0 0.437199 0.372620 0.074653 0.110243
0 0.397416 0.135550 0.074653 0.110243
0 0.392715 0.218010 0.074653 0.110243
0 0.400310 0.211498 0.074653 0.110243
0 0.450219 0.105713 0.074653 0.110243
0 0.422372 0.095948 0.074653 0.110243
0 0.547869 0.124701 0.074653 0.110243
0 0.523998 0.191968 0.074653 0.110243
0 0.568844 0.184375 0.074653 0.110243
0 0.574631 0.224519 0.074653 0.110243
0 0.588736 0.296669 0.074653 0.110243
0 0.619838 0.226146 0.074653 0.110243
0 0.659621 0.219637 0.074653 0.110243
0 0.737740 0.187628 0.074653 0.110243
0 0.795605 0.184375 0.074653 0.110243
0 0.792712 0.247845 0.074653 0.110243
0 0.668663 0.121445 0.074653 0.110243
0 0.644069 0.079674 0.074653 0.110243
0 0.600308 0.110596 0.074653 0.110243
0 0.638283 0.154538 0.074653 0.110243
0 0.514596 0.031392 0.074653 0.110243
0 0.478068 0.018916 0.074653 0.110243
0 0.580417 0.028136 0.074653 0.110243
0 0.621286 0.040614 0.074653 0.110243
0 0.638645 0.017286 0.074653 0.110243
0 0.680235 0.080759 0.074653 0.110243
0 0.703020 0.086183 0.074653 0.110243
0 0.735570 0.107882 0.074653 0.110243
0 0.782947 0.126327 0.074653 0.110243
0 0.786202 0.101915 0.074653 0.110243
0 0.893978 0.143689 0.074653 0.110243
0 0.870107 0.217465 0.074653 0.110243
0 0.829601 0.319997 0.074653 0.110243
0 0.859257 0.292874 0.074653 0.110243
0 0.887829 0.293958 0.074653 0.110243
0 0.853470 0.384012 0.074653 0.110243
0 0.801754 0.445855 0.074653 0.110243
0 0.825623 0.412220 0.074653 0.110243
0 0.808625 0.529399 0.074653 0.110243
0 0.841898 0.489797 0.074653 0.110243
0 0.842983 0.446397 0.074653 0.110243
0 0.812603 0.489797 0.074653 0.110243
0 0.686384 0.600465 0.074653 0.110243