0 0.435358 0.405625 0.107026 0.078125
0 0.334906 0.376589 0.107026 0.078125
0 0.245245 0.424557 0.107026 0.078125
0 0.347547 0.462448 0.107026 0.078125
0 0.435358 0.475052 0.107026 0.078125
0 0.516038 0.432135 0.107026 0.078125
0 0.527019 0.363958 0.107026 0.078125
0 0.596377 0.318490 0.107026 0.078125
0 0.384302 0.322292 0.107026 0.078125
0 0.267208 0.361432 0.107026 0.078125
0 0.204830 0.466224 0.107026 0.078125
0 0.292830 0.504115 0.107026 0.078125
0 0.228792 0.504115 0.107026 0.078125
0 0.710528 0.357760 0.107026 0.078125
0 0.615208 0.413958 0.107026 0.078125
0 0.551736 0.486302 0.107026 0.078125
0 0.448000 0.535286 0.107026 0.078125
0 0.549509 0.553464 0.107026 0.078125
0 0.374792 0.517734 0.107026 0.078125
0 0.331434 0.557891 0.107026 0.078125
0 0.397132 0.586432 0.107026 0.078125
0 0.385396 0.627344 0.107026 0.078125
0 0.475434 0.610547 0.107026 0.078125
0 0.577170 0.619245 0.107026 0.078125
0 0.646868 0.573932 0.107026 0.078125
0 0.647962 0.487812 0.107026 0.078125
0 0.698830 0.423411 0.107026 0.078125
0 0.788830 0.416849 0.107026 0.078125
0 0.763396 0.465833 0.107026 0.078125
0 0.733774 0.495781 0.107026 0.078125
0 0.714755 0.536667 0.107026 0.078125
0 0.691509 0.614974 0.107026 0.078125
0 0.828000 0.389844 0.107026 0.078125
0 0.890566 0.351068 0.107026 0.078125
0 0.831094 0.309531 0.107026 0.078125
0 0.499208 0.263073 0.107026 0.078125
0 0.400415 0.258281 0.107026 0.078125
0 0.315698 0.296536 0.107026 0.078125
0 0.474528 0.202214 0.107026 0.078125
0 0.585736 0.205234 0.107026 0.078125
0 0.624528 0.266719 0.107026 0.078125
0 0.645774 0.238203 0.107026 0.078125
0 0.726830 0.268620 0.107026 0.078125
0 0.618491 0.690833 0.107026 0.078125
0 0.510566 0.674427 0.107026 0.078125
0 0.389811 0.684531 0.107026 0.078125
0 0.433698 0.661797 0.107026 0.078125
0 0.693509 0.664323 0.107026 0.078125
0 0.531245 0.742240 0.107026 0.078125
0 0.509094 0.785286 0.107026 0.078125
0 0.452755 0.739714 0.107026 0.078125
0 0.382302 0.743880 0.107026 0.078125
0 0.396377 0.787812 0.107026 0.078125
0 0.626377 0.750052 0.107026 0.078125
0 0.681434 0.712552 0.107026 0.078125
0 0.604226 0.808385 0.107026 0.078125
0 0.522642 0.859167 0.107026 0.078125
0 0.400604 0.847031 0.107026 0.078125
0 0.481094 0.907891 0.107026 0.078125
0 0.611019 0.862448 0.107026 0.078125
0 0.653623 0.795391 0.107026 0.078125
0 0.325585 0.270391 0.107026 0.078125