0 0.218825 0.439362 0.068866 0.094618
0 0.260225 0.366642 0.068866 0.094618
0 0.292525 0.303002 0.068866 0.094618
0 0.344000 0.246942 0.068866 0.094618
0 0.386400 0.198443 0.068866 0.094618
0 0.278388 0.463602 0.068866 0.094618
0 0.328862 0.396942 0.068866 0.094618
0 0.379337 0.336323 0.068866 0.094618
0 0.410625 0.272702 0.068866 0.094618
0 0.454037 0.209062 0.068866 0.094618
0 0.357125 0.496942 0.068866 0.094618
0 0.393475 0.440882 0.068866 0.094618
0 0.432837 0.363602 0.068866 0.094618
0 0.476250 0.310582 0.068866 0.094618
0 0.518638 0.240882 0.068866 0.094618
0 0.436875 0.537842 0.068866 0.094618
0 0.470187 0.474203 0.068866 0.094618
0 0.515613 0.406023 0.068866 0.094618
0 0.552963 0.331782 0.068866 0.094618
0 0.585263 0.271182 0.068866 0.094618
0 0.504513 0.595422 0.068866 0.094618
0 0.544888 0.507542 0.068866 0.094618
0 0.584263 0.436323 0.068866 0.094618
0 0.624637 0.371182 0.068866 0.094618
0 0.649875 0.306023 0.068866 0.094618
0 0.593350 0.630263 0.068866 0.094618
0 0.620600 0.537842 0.068866 0.094618
0 0.654925 0.463602 0.068866 0.094618
0 0.701362 0.392383 0.068866 0.094618
0 0.726600 0.345422 0.068866 0.094618
0 0.212775 0.634822 0.068866 0.094618
0 0.286463 0.663602 0.068866 0.094618
0 0.357125 0.706023 0.068866 0.094618
0 0.420725 0.743902 0.068866 0.094618
0 0.508550 0.793902 0.068866 0.094618