0 0.628789 0.636367 0.055556 0.084201
0 0.648989 0.587883 0.055556 0.084201
0 0.678278 0.528783 0.055556 0.084201
0 0.709600 0.459083 0.055556 0.084201
0 0.734844 0.410600 0.055556 0.084201
0 0.695456 0.363633 0.055556 0.084201
0 0.677278 0.398483 0.055556 0.084201
0 0.634844 0.474250 0.055556 0.084201
0 0.610611 0.533333 0.055556 0.084201
0 0.583333 0.596967 0.055556 0.084201
0 0.542933 0.557583 0.055556 0.084201
0 0.573233 0.492417 0.055556 0.084201
0 0.599500 0.440917 0.055556 0.084201
0 0.619700 0.375750 0.055556 0.084201
0 0.653033 0.315150 0.055556 0.084201
0 0.620711 0.275750 0.055556 0.084201
0 0.591411 0.318183 0.055556 0.084201
0 0.558078 0.380300 0.055556 0.084201
0 0.526767 0.445450 0.055556 0.084201
0 0.499500 0.496967 0.055556 0.084201
0 0.457067 0.460600 0.055556 0.084201
0 0.487378 0.400000 0.055556 0.084201
0 0.512622 0.350000 0.055556 0.084201
0 0.548989 0.289400 0.055556 0.084201
0 0.580300 0.240917 0.055556 0.084201
0 0.538889 0.189400 0.055556 0.084201
0 0.512622 0.228783 0.055556 0.084201
0 0.478278 0.293933 0.055556 0.084201
0 0.460100 0.345450 0.055556 0.084201
0 0.420711 0.407583 0.055556 0.084201
0 0.066467 0.317733 0.055556 0.084201
0 0.019389 0.271067 0.055556 0.084201
0 0.055556 0.182733 0.055556 0.084201
0 0.015156 0.114550 0.055556 0.084201
0 0.044644 0.058933 0.055556 0.084201
0 0.102722 0.093033 0.055556 0.084201
0 0.153233 0.160000 0.055556 0.084201
0 0.208789 0.089250 0.055556 0.084201
0 0.152322 0.036967 0.055556 0.084201
0 0.238078 0.017417 0.055556 0.084201
0 0.216244 0.284233 0.055556 0.084201
0 0.250833 0.221967 0.055556 0.084201
0 0.175189 0.374183 0.055556 0.084201
0 0.257756 0.370033 0.055556 0.084201
0 0.282200 0.304983 0.055556 0.084201
0 0.322800 0.239950 0.055556 0.084201
0 0.287733 0.143783 0.055556 0.084201
0 0.334322 0.085667 0.055556 0.084201