0 0.507787 0.206589 0.172454 0.241319
0 0.203662 0.434611 0.172454 0.241319
0 0.413656 0.418322 0.172454 0.241319
0 0.612781 0.450900 0.172454 0.241319
0 0.815531 0.456326 0.172454 0.241319
0 0.906044 0.711500 0.172454 0.241319
0 0.706912 0.711500 0.172454 0.241319
0 0.504169 0.662634 0.172454 0.241319
0 0.312281 0.662634 0.172454 0.241319
0 0.098669 0.646345 0.172454 0.241319
0 0.026263 0.847226 0.172454 0.241319
0 0.192806 0.836364 0.172454 0.241319
0 0.402794 0.863505 0.172454 0.241319
0 0.601919 0.874367 0.172454 0.241319
0 0.811912 0.917798 0.172454 0.241319
0 0.967594 0.923233 0.172454 0.241319