0 0.944680 0.573800 0.040799 0.078125
0 0.865780 0.583260 0.040799 0.078125
0 0.879460 0.502240 0.040799 0.078125
0 0.838420 0.435960 0.040799 0.078125
0 0.864720 0.369660 0.040799 0.078125
0 0.875240 0.300220 0.040799 0.078125
0 0.845780 0.247620 0.040799 0.078125
0 0.925740 0.354940 0.040799 0.078125
0 0.975200 0.418060 0.040799 0.078125
0 0.906800 0.428600 0.040799 0.078125
0 0.952060 0.488560 0.040799 0.078125
0 0.942580 0.661120 0.040799 0.078125
0 0.860520 0.671640 0.040799 0.078125
0 0.776340 0.687420 0.040799 0.078125
0 0.998240 0.506880 0.040799 0.078125
0 0.992420 0.753040 0.040799 0.078125
0 0.915160 0.733340 0.040799 0.078125
0 0.824240 0.746960 0.040799 0.078125
0 0.718180 0.759100 0.040799 0.078125
0 0.616660 0.777280 0.040799 0.078125
0 0.519700 0.786360 0.040799 0.078125
0 0.403040 0.810600 0.040799 0.078125
0 0.300000 0.834840 0.040799 0.078125
0 0.271220 0.716660 0.040799 0.078125
0 0.163640 0.733340 0.040799 0.078125
0 0.027280 0.756060 0.040799 0.078125
0 0.027280 0.663640 0.040799 0.078125
0 0.030300 0.566660 0.040799 0.078125
0 0.025900 0.479840 0.040799 0.078125
0 0.038180 0.417580 0.040799 0.078125
0 0.025000 0.342280 0.040799 0.078125
0 0.010160 0.281660 0.040799 0.078125
0 0.099540 0.276520 0.040799 0.078125
0 0.106660 0.336960 0.040799 0.078125
0 0.139840 0.403640 0.040799 0.078125
0 0.131220 0.469400 0.040799 0.078125
0 0.153040 0.558780 0.040799 0.078125
0 0.140760 0.643780 0.040799 0.078125
0 0.245160 0.628040 0.040799 0.078125
0 0.246060 0.543040 0.040799 0.078125
0 0.238940 0.477280 0.040799 0.078125
0 0.228480 0.406220 0.040799 0.078125
0 0.184700 0.324700 0.040799 0.078125
0 0.296820 0.404400 0.040799 0.078125
0 0.315300 0.470300 0.040799 0.078125
0 0.336360 0.539540 0.040799 0.078125
0 0.335460 0.610460 0.040799 0.078125
0 0.381960 0.699100 0.040799 0.078125
0 0.425760 0.606960 0.040799 0.078125
0 0.423180 0.531660 0.040799 0.078125
0 0.387120 0.467580 0.040799 0.078125
0 0.488940 0.674540 0.040799 0.078125
0 0.530160 0.593040 0.040799 0.078125
0 0.491520 0.515000 0.040799 0.078125
0 0.471360 0.449240 0.040799 0.078125
0 0.453780 0.388640 0.040799 0.078125
0 0.387120 0.389540 0.040799 0.078125
0 0.357420 0.315000 0.040799 0.078125
0 0.314400 0.265900 0.040799 0.078125
0 0.267120 0.319400 0.040799 0.078125
0 0.236360 0.265900 0.040799 0.078125
0 0.170600 0.265000 0.040799 0.078125
0 0.526660 0.372880 0.040799 0.078125
0 0.498480 0.308940 0.040799 0.078125
0 0.431960 0.304540 0.040799 0.078125
0 0.446820 0.257120 0.040799 0.078125
0 0.379240 0.259840 0.040799 0.078125
0 0.600300 0.367580 0.040799 0.078125
0 0.553780 0.450900 0.040799 0.078125
0 0.580160 0.512280 0.040799 0.078125
0 0.626520 0.588640 0.040799 0.078125
0 0.601060 0.678940 0.040799 0.078125
0 0.687880 0.672720 0.040799 0.078125
0 0.703040 0.592420 0.040799 0.078125
0 0.786060 0.595600 0.040799 0.078125
0 0.658780 0.524100 0.040799 0.078125
0 0.733480 0.519840 0.040799 0.078125
0 0.633480 0.450460 0.040799 0.078125
0 0.706220 0.454700 0.040799 0.078125
0 0.777720 0.438780 0.040799 0.078125
0 0.746220 0.373640 0.040799 0.078125
0 0.681960 0.381960 0.040799 0.078125
0 0.653480 0.322120 0.040799 0.078125
0 0.578780 0.322120 0.040799 0.078125
0 0.578780 0.262120 0.040799 0.078125
0 0.508340 0.275760 0.040799 0.078125
0 0.518940 0.220000 0.040799 0.078125
0 0.471520 0.220000 0.040799 0.078125
0 0.409400 0.224240 0.040799 0.078125
0 0.347420 0.233640 0.040799 0.078125
0 0.274700 0.236820 0.040799 0.078125
0 0.218940 0.240000 0.040799 0.078125
0 0.149540 0.247280 0.040799 0.078125
0 0.083340 0.248340 0.040799 0.078125
0 0.013780 0.250460 0.040799 0.078125
0 0.776660 0.258940 0.040799 0.078125
0 0.759840 0.210460 0.040799 0.078125
0 0.710300 0.212580 0.040799 0.078125
0 0.638780 0.216820 0.040799 0.078125
0 0.586220 0.213640 0.040799 0.078125
0 0.640900 0.265300 0.040799 0.078125
0 0.708340 0.261060 0.040799 0.078125
0 0.727280 0.304100 0.040799 0.078125
0 0.798940 0.515600 0.040799 0.078125
0 0.810000 0.223640 0.040799 0.078125
0 0.805000 0.311960 0.040799 0.078125
0 0.807880 0.366520 0.040799 0.078125