0 0.430513 0.799711 0.049780 0.072049
0 0.219925 0.715244 0.049780 0.072049
0 0.132450 0.742111 0.049780 0.072049
0 0.101137 0.636533 0.049780 0.072049
0 0.033100 0.523244 0.049780 0.072049
0 0.106213 0.212622 0.049780 0.072049
0 0.134825 0.214356 0.049780 0.072049
0 0.173375 0.223756 0.049780 0.072049
0 0.214525 0.252356 0.049780 0.072049
0 0.321862 0.251400 0.049780 0.072049
0 0.375975 0.231044 0.049780 0.072049
0 0.358263 0.371778 0.049780 0.072049
0 0.284825 0.508844 0.049780 0.072049
0 0.228138 0.532844 0.049780 0.072049
0 0.223375 0.435711 0.049780 0.072049
0 0.797575 0.849044 0.049780 0.072049
0 0.879538 0.715044 0.049780 0.072049
0 0.496812 0.635556 0.049780 0.072049
0 0.474463 0.543022 0.049780 0.072049
0 0.400050 0.452422 0.049780 0.072049
0 0.427488 0.395778 0.049780 0.072049
0 0.475000 0.432444 0.049780 0.072049
0 0.531262 0.419000 0.049780 0.072049
0 0.605025 0.471222 0.049780 0.072049
0 0.576300 0.376778 0.049780 0.072049
0 0.620038 0.354689 0.049780 0.072049
0 0.664412 0.434556 0.049780 0.072049
0 0.694975 0.410178 0.049780 0.072049
0 0.774137 0.381578 0.049780 0.072049
0 0.856537 0.246222 0.049780 0.072049
0 0.693362 0.223756 0.049780 0.072049
0 0.690338 0.172889 0.049780 0.072049
0 0.320675 0.165400 0.049780 0.072049
0 0.374888 0.180378 0.049780 0.072049
0 0.395737 0.163867 0.049780 0.072049
0 0.406213 0.148311 0.049780 0.072049
0 0.435475 0.136600 0.049780 0.072049
0 0.466250 0.172889 0.049780 0.072049
0 0.492713 0.182089 0.049780 0.072049
0 0.435150 0.189000 0.049780 0.072049
0 0.400487 0.201289 0.049780 0.072049
0 0.463875 0.257933 0.049780 0.072049
0 0.438825 0.240467 0.049780 0.072049
0 0.563550 0.177111 0.049780 0.072049
0 0.592500 0.200133 0.049780 0.072049
0 0.613875 0.127956 0.049780 0.072049