0 0.905900 0.654923 0.142696 0.256076
0 0.852650 0.815731 0.142696 0.256076
0 0.012425 0.092115 0.142696 0.256076
0 0.170225 0.076654 0.142696 0.256076
0 0.107925 0.229731 0.142696 0.256076
0 0.238575 0.248269 0.142696 0.256076
0 0.325000 0.211154 0.142696 0.256076
0 0.358175 0.058115 0.142696 0.256076
0 0.449625 0.194154 0.142696 0.256076
0 0.542075 0.033346 0.142696 0.256076
0 0.581275 0.209615 0.142696 0.256076
0 0.713950 0.170962 0.142696 0.256076
0 0.710925 0.045731 0.142696 0.256076
0 0.840575 0.220462 0.142696 0.256076
0 0.902900 0.047269 0.142696 0.256076
0 0.989325 0.180231 0.142696 0.256076
0 0.986300 0.382808 0.142696 0.256076
0 0.928025 0.460115 0.142696 0.256076
0 0.810425 0.546692 0.142696 0.256076
0 0.792325 0.336423 0.142696 0.256076
0 0.681775 0.350346 0.142696 0.256076
0 0.519975 0.413731 0.142696 0.256076
0 0.378275 0.491038 0.142696 0.256076
0 0.219475 0.368885 0.142696 0.256076
0 0.231525 0.557500 0.142696 0.256076
0 0.061675 0.371962 0.142696 0.256076
0 0.027525 0.586885 0.142696 0.256076
0 0.150125 0.704423 0.142696 0.256076
0 0.032550 0.883769 0.142696 0.256076
0 0.184300 0.911615 0.142696 0.256076
0 0.289825 0.933231 0.142696 0.256076
0 0.332025 0.704423 0.142696 0.256076
0 0.385300 0.883769 0.142696 0.256076
0 0.454650 0.914692 0.142696 0.256076
0 0.508925 0.671923 0.142696 0.256076
0 0.448625 0.818808 0.142696 0.256076
0 0.572225 0.860577 0.142696 0.256076
0 0.673750 0.857462 0.142696 0.256076
0 0.645600 0.594615 0.142696 0.256076
0 0.792325 0.719885 0.142696 0.256076
0 0.737050 0.970346 0.142696 0.256076
0 0.766200 0.889962 0.142696 0.256076
0 0.823500 0.950269 0.142696 0.256076
0 0.933050 0.886846 0.142696 0.256076
0 0.017475 0.733769 0.142696 0.256076