0 0.148953 0.891429 0.089699 0.089410
0 0.466453 0.654473 0.089699 0.089410
0 0.607703 0.600070 0.089699 0.089410
0 0.701016 0.539859 0.089699 0.089410
0 0.813750 0.514614 0.089699 0.089410
0 0.890219 0.502951 0.089699 0.089410
0 0.960187 0.485480 0.089699 0.089410
0 0.982219 0.563185 0.089699 0.089410
0 0.929094 0.596183 0.089699 0.089410
0 0.846156 0.646698 0.089699 0.089410
0 0.765813 0.724379 0.089699 0.089410
0 0.126938 0.545691 0.089699 0.089410
0 0.265594 0.491311 0.089699 0.089410
0 0.152844 0.479649 0.089699 0.089410
0 0.993891 0.392248 0.089699 0.089410
0 0.929094 0.401967 0.089699 0.089410
0 0.859109 0.401967 0.089699 0.089410
0 0.777469 0.409719 0.089699 0.089410
0 0.706203 0.423326 0.089699 0.089410
0 0.607703 0.409719 0.089699 0.089410
0 0.520891 0.421382 0.089699 0.089410
0 0.269484 0.378642 0.089699 0.089410
0 0.458688 0.357283 0.089699 0.089410
0 0.540328 0.353396 0.089699 0.089410
0 0.580500 0.351452 0.089699 0.089410
0 0.627141 0.345644 0.089699 0.089410
0 0.662141 0.343700 0.089699 0.089410
0 0.711375 0.335925 0.089699 0.089410
0 0.787844 0.335925 0.089699 0.089410
0 0.012891 0.592319 0.089699 0.089410
0 0.005109 0.506838 0.089699 0.089410
0 0.036219 0.386417 0.089699 0.089410
0 0.165813 0.386417 0.089699 0.089410
0 0.218938 0.374778 0.089699 0.089410
0 0.401656 0.462810 0.089699 0.089410