0 0.062516 0.056004 0.049769 0.078993
0 0.033267 0.262927 0.049769 0.078993
0 0.049637 0.464578 0.049769 0.078993
0 0.135031 0.776717 0.049769 0.078993
0 0.186508 0.918743 0.049769 0.078993
0 0.306984 0.820544 0.049769 0.078993
0 0.233292 0.720600 0.049769 0.078993
0 0.236809 0.569794 0.049769 0.078993
0 0.259024 0.364634 0.049769 0.078993
0 0.171302 0.110356 0.049769 0.078993
0 0.282428 0.027955 0.049769 0.078993
0 0.349099 0.103358 0.049769 0.078993
0 0.366646 0.334822 0.049769 0.078993
0 0.409925 0.461069 0.049769 0.078993
0 0.328048 0.496135 0.049769 0.078993
0 0.405244 0.636435 0.049769 0.078993
0 0.429812 0.846848 0.049769 0.078993
0 0.496496 0.701313 0.049769 0.078993
0 0.537434 0.922251 0.049769 0.078993
0 0.594756 0.683771 0.049769 0.078993
0 0.599424 0.424240 0.049769 0.078993
0 0.598260 0.273452 0.049769 0.078993
0 0.562003 0.154203 0.049769 0.078993
0 0.480113 0.215572 0.049769 0.078993
0 0.448536 0.068274 0.049769 0.078993
0 0.628673 0.117373 0.049769 0.078993
0 0.723429 0.127899 0.049769 0.078993
0 0.712891 0.248893 0.049769 0.078993
0 0.760851 0.340075 0.049769 0.078993
0 0.777234 0.543490 0.049769 0.078993
0 0.744481 0.913490 0.049769 0.078993
0 0.623992 0.915235 0.049769 0.078993
0 0.866133 0.808274 0.049769 0.078993
0 0.964393 0.666229 0.049769 0.078993
0 0.916433 0.504916 0.049769 0.078993
0 0.875494 0.206811 0.049769 0.078993
0 0.866133 0.043734 0.049769 0.078993
0 0.760851 0.024447 0.049769 0.078993
0 0.978436 0.098086 0.049769 0.078993