0 0.058103 0.264000 0.086604 0.050347
0 0.130615 0.301893 0.086604 0.050347
0 0.201641 0.354500 0.086604 0.050347
0 0.256026 0.315571 0.086604 0.050347
0 0.245436 0.414464 0.086604 0.050347
0 0.219000 0.506000 0.086604 0.050347
0 0.348949 0.367107 0.086604 0.050347
0 0.416179 0.378714 0.086604 0.050347
0 0.058103 0.719607 0.086604 0.050347
0 0.476615 0.458679 0.086604 0.050347
0 0.473590 0.477607 0.086604 0.050347
0 0.512103 0.489179 0.086604 0.050347
0 0.462256 0.676464 0.086604 0.050347
0 0.507564 0.691214 0.086604 0.050347
0 0.556667 0.629107 0.086604 0.050347
0 0.603513 0.704893 0.086604 0.050347
0 0.639769 0.802714 0.086604 0.050347
0 0.666974 0.832179 0.086604 0.050347
0 0.683590 0.557571 0.086604 0.050347
0 0.679821 0.539679 0.086604 0.050347
0 0.668487 0.513393 0.086604 0.050347
0 0.630718 0.512321 0.086604 0.050347
0 0.575564 0.521786 0.086604 0.050347
0 0.518897 0.413429 0.086604 0.050347
0 0.588410 0.393429 0.086604 0.050347
0 0.645051 0.322929 0.086604 0.050347
0 0.697179 0.374500 0.086604 0.050347
0 0.746282 0.416571 0.086604 0.050347
0 0.810487 0.427107 0.086604 0.050347
0 0.864128 0.454464 0.086604 0.050347
0 0.947974 0.467071 0.086604 0.050347