0 0.227275 0.139392 0.190359 0.153646
0 0.413638 0.122725 0.190359 0.153646
0 0.538637 0.148483 0.190359 0.153646
0 0.681813 0.150000 0.190359 0.153646
0 0.852275 0.156058 0.190359 0.153646
0 0.881813 0.325758 0.190359 0.153646
0 0.686363 0.356058 0.190359 0.153646
0 0.527275 0.345458 0.190359 0.153646
0 0.411362 0.292425 0.190359 0.153646
0 0.218188 0.292425 0.190359 0.153646
0 0.277275 0.419700 0.190359 0.153646
0 0.186362 0.513633 0.190359 0.153646
0 0.352275 0.539392 0.190359 0.153646
0 0.518188 0.568183 0.190359 0.153646
0 0.563638 0.451517 0.190359 0.153646
0 0.700000 0.559092 0.190359 0.153646
0 0.834087 0.562125 0.190359 0.153646
0 0.818187 0.448483 0.190359 0.153646
0 0.790913 0.742425 0.190359 0.153646
0 0.627275 0.763633 0.190359 0.153646
0 0.452275 0.772725 0.190359 0.153646
0 0.281813 0.762125 0.190359 0.153646
0 0.131813 0.725758 0.190359 0.153646
0 0.150000 0.869700 0.190359 0.153646
0 0.422725 0.887875 0.190359 0.153646
0 0.718187 0.901517 0.190359 0.153646