0 0.214396 0.837407 0.134700 0.125000
0 0.216208 0.626556 0.134700 0.125000
0 0.203437 0.504889 0.134700 0.125000
0 0.240854 0.365407 0.134700 0.125000
0 0.235375 0.238889 0.134700 0.125000
0 0.356729 0.190222 0.134700 0.125000
0 0.442479 0.261593 0.134700 0.125000
0 0.393208 0.376741 0.134700 0.125000
0 0.409646 0.488667 0.134700 0.125000
0 0.343938 0.598963 0.134700 0.125000
0 0.435187 0.649259 0.134700 0.125000
0 0.327521 0.770926 0.134700 0.125000
0 0.331167 0.884444 0.134700 0.125000
0 0.449792 0.832556 0.134700 0.125000
0 0.573875 0.830926 0.134700 0.125000
0 0.546500 0.697926 0.134700 0.125000
0 0.563833 0.608704 0.134700 0.125000
0 0.608542 0.464333 0.134700 0.125000
0 0.581167 0.339444 0.134700 0.125000
0 0.525521 0.485444 0.134700 0.125000
0 0.564750 0.165889 0.134700 0.125000
0 0.679708 0.183741 0.134700 0.125000
0 0.691583 0.321593 0.134700 0.125000
0 0.714396 0.513000 0.134700 0.125000
0 0.714396 0.642778 0.134700 0.125000
0 0.682458 0.733593 0.134700 0.125000
0 0.705271 0.860111 0.134700 0.125000