0 0.170313 0.511174 0.063151 0.084201
0 0.286733 0.444545 0.063151 0.084201
0 0.395227 0.400720 0.063151 0.084201
0 0.487301 0.358636 0.063151 0.084201
0 0.580028 0.320909 0.063151 0.084201
0 0.462955 0.671629 0.063151 0.084201
0 0.370227 0.611136 0.063151 0.084201
0 0.272898 0.566439 0.063151 0.084201
0 0.562926 0.720758 0.063151 0.084201
0 0.664205 0.784773 0.063151 0.084201
0 0.760852 0.847879 0.063151 0.084201
0 0.862784 0.914545 0.063151 0.084201
0 0.676676 0.281477 0.063151 0.084201
0 0.780597 0.243750 0.063151 0.084201
0 0.874631 0.195530 0.063151 0.084201