0 0.066725 0.009353 0.152778 0.201389
0 0.036725 0.427026 0.152778 0.201389
0 0.176022 0.621559 0.152778 0.201389
0 0.219217 0.222758 0.152778 0.201389
0 0.087476 0.125468 0.152778 0.201389
0 0.017380 0.045228 0.152778 0.201389
0 0.017380 0.210743 0.152778 0.201389
0 0.207891 0.035180 0.152778 0.201389
0 0.865879 0.239448 0.152778 0.201389
0 0.831645 0.038753 0.152778 0.201389
0 0.912524 0.732110 0.152778 0.201389
0 0.927748 0.634676 0.152778 0.201389
0 0.816198 0.710384 0.152778 0.201389
0 0.729808 0.633381 0.152778 0.201389
0 0.643419 0.694173 0.152778 0.201389
0 0.763291 0.833933 0.152778 0.201389
0 0.672029 0.908993 0.152778 0.201389
0 0.580879 0.786906 0.152778 0.201389
0 0.490927 0.826307 0.152778 0.201389
0 0.496869 0.962494 0.152778 0.201389
0 0.598914 0.979353 0.152778 0.201389