0 0.066060 0.294910 0.122685 0.187500
0 0.146060 0.224000 0.122685 0.187500
0 0.147273 0.400360 0.122685 0.187500
0 0.220000 0.618550 0.122685 0.187500
0 0.375153 0.609450 0.122685 0.187500
0 0.506060 0.564000 0.122685 0.187500
0 0.388487 0.425820 0.122685 0.187500
0 0.316967 0.369450 0.122685 0.187500
0 0.260000 0.474910 0.122685 0.187500
0 0.243033 0.233090 0.122685 0.187500
0 0.403033 0.236730 0.122685 0.187500
0 0.493940 0.391270 0.122685 0.187500
0 0.589700 0.364000 0.122685 0.187500
0 0.548487 0.205820 0.122685 0.187500
0 0.335633 0.145450 0.122685 0.187500
0 0.440847 0.078550 0.122685 0.187500
0 0.339880 0.007820 0.122685 0.187500
0 0.206907 0.024180 0.122685 0.187500
0 0.223513 0.344360 0.122685 0.187500
0 0.467153 0.266180 0.122685 0.187500