0 0.375762 0.405212 0.088542 0.088542
0 0.184662 0.105025 0.088542 0.088542
0 0.125488 0.174438 0.088542 0.088542
0 0.224125 0.166400 0.088542 0.088542
0 0.189787 0.257013 0.088542 0.088542
0 0.102100 0.280387 0.088542 0.088542
0 0.091875 0.357112 0.088542 0.088542
0 0.192700 0.368800 0.088542 0.088542
0 0.129862 0.449912 0.088542 0.088542
0 0.239475 0.446987 0.088542 0.088542
0 0.292075 0.387062 0.088542 0.088542
0 0.267237 0.305962 0.088542 0.088542
0 0.356375 0.316925 0.088542 0.088542
0 0.283313 0.224850 0.088542 0.088542
0 0.361500 0.175900 0.088542 0.088542
0 0.288425 0.118175 0.088542 0.088542
0 0.411912 0.243125 0.088542 0.088542
0 0.492287 0.276000 0.088542 0.088542
0 0.449175 0.358575 0.088542 0.088542
0 0.468900 0.179550 0.088542 0.088542
0 0.578512 0.164937 0.088542 0.088542
0 0.590925 0.261387 0.088542 0.088542
0 0.553663 0.343963 0.088542 0.088542
0 0.517863 0.424338 0.088542 0.088542
0 0.422137 0.465987 0.088542 0.088542
0 0.324225 0.451375 0.088542 0.088542
0 0.122563 0.550737 0.088542 0.088542
0 0.102100 0.644275 0.088542 0.088542
0 0.213163 0.609925 0.088542 0.088542
0 0.197825 0.512750 0.088542 0.088542
0 0.284775 0.525162 0.088542 0.088542
0 0.306687 0.612850 0.088542 0.088542
0 0.393650 0.578512 0.088542 0.088542
0 0.362225 0.514212 0.088542 0.088542
0 0.476938 0.547825 0.088542 0.088542
0 0.530288 0.613587 0.088542 0.088542
0 0.460862 0.631112 0.088542 0.088542
0 0.387062 0.659613 0.088542 0.088542
0 0.281125 0.699075 0.088542 0.088542
0 0.183938 0.702725 0.088542 0.088542
0 0.110137 0.880288 0.088542 0.088542
0 0.164213 0.796988 0.088542 0.088542
0 0.104287 0.736337 0.088542 0.088542
0 0.260662 0.791137 0.088542 0.088542
0 0.208050 0.910238 0.088542 0.088542
0 0.316188 0.873700 0.088542 0.088542
0 0.355650 0.775062 0.088542 0.088542
0 0.398025 0.859825 0.088542 0.088542
0 0.377575 0.929962 0.088542 0.088542
0 0.459412 0.921925 0.088542 0.088542
0 0.466713 0.808675 0.088542 0.088542
0 0.522250 0.869325 0.088542 0.088542
0 0.538325 0.769950 0.088542 0.088542
0 0.601888 0.831325 0.088542 0.088542
0 0.598237 0.919013 0.088542 0.088542
0 0.688113 0.877362 0.088542 0.088542
0 0.767763 0.929238 0.088542 0.088542
0 0.862750 0.907313 0.088542 0.088542
0 0.794063 0.838637 0.088542 0.088542
0 0.900737 0.805750 0.088542 0.088542
0 0.815250 0.729762 0.088542 0.088542
0 0.720263 0.775062 0.088542 0.088542
0 0.677887 0.694688 0.088542 0.088542
0 0.631112 0.748025 0.088542 0.088542
0 0.603350 0.667650 0.088542 0.088542
0 0.667650 0.619425 0.088542 0.088542
0 0.750950 0.660350 0.088542 0.088542
0 0.528825 0.680075 0.088542 0.088542
0 0.456487 0.723912 0.088542 0.088542
0 0.826937 0.637700 0.088542 0.088542
0 0.907313 0.701262 0.088542 0.088542
0 0.909512 0.619425 0.088542 0.088542
0 0.563162 0.514937 0.088542 0.088542
0 0.592387 0.582163 0.088542 0.088542
0 0.655962 0.529550 0.088542 0.088542
0 0.615775 0.430175 0.088542 0.088542
0 0.729762 0.448450 0.088542 0.088542
0 0.748762 0.560975 0.088542 0.088542
0 0.830600 0.470363 0.088542 0.088542
0 0.631112 0.341037 0.088542 0.088542
0 0.702725 0.349075 0.088542 0.088542
0 0.678612 0.259200 0.088542 0.088542
0 0.569012 0.064100 0.088542 0.088542
0 0.507637 0.099175 0.088542 0.088542
0 0.421412 0.090412 0.088542 0.088542
0 0.649387 0.092600 0.088542 0.088542
0 0.739262 0.118912 0.088542 0.088542
0 0.673500 0.167862 0.088542 0.088542
0 0.775800 0.215362 0.088542 0.088542
0 0.843012 0.121100 0.088542 0.088542
0 0.873700 0.209513 0.088542 0.088542
0 0.875162 0.307425 0.088542 0.088542
0 0.764100 0.293538 0.088542 0.088542
0 0.804287 0.370988 0.088542 0.088542
0 0.894900 0.403137 0.088542 0.088542
0 0.917550 0.495212 0.088542 0.088542
0 0.852513 0.563900 0.088542 0.088542