0 0.055015 0.480261 0.064496 0.085938
0 0.010638 0.484525 0.064496 0.085938
0 0.020946 0.544807 0.064496 0.085938
0 0.155423 0.515580 0.064496 0.085938
0 0.225800 0.388318 0.064496 0.085938
0 0.147800 0.897973 0.064496 0.085938
0 0.180231 0.814378 0.064496 0.085938
0 0.185654 0.771243 0.064496 0.085938
0 0.222600 0.755664 0.064496 0.085938
0 0.324300 0.710313 0.064496 0.085938
0 0.263500 0.757137 0.064496 0.085938
0 0.337700 0.733783 0.064496 0.085938
0 0.365662 0.725684 0.064496 0.085938
0 0.355438 0.701588 0.064496 0.085938
0 0.385031 0.651181 0.064496 0.085938
0 0.407646 0.768819 0.064496 0.085938
0 0.390992 0.729363 0.064496 0.085938
0 0.308654 0.811223 0.064496 0.085938
0 0.292000 0.846259 0.064496 0.085938
0 0.352262 0.858673 0.064496 0.085938
0 0.374262 0.854995 0.064496 0.085938
0 0.394169 0.862362 0.064496 0.085938
0 0.396877 0.901076 0.064496 0.085938
0 0.446377 0.891609 0.064496 0.085938
0 0.255446 0.901076 0.064496 0.085938
0 0.237631 0.877722 0.064496 0.085938
0 0.740815 0.882706 0.064496 0.085938
0 0.658838 0.897607 0.064496 0.085938
0 0.633023 0.897607 0.064496 0.085938
0 0.649162 0.817816 0.064496 0.085938
0 0.614300 0.795893 0.064496 0.085938
0 0.535554 0.788882 0.064496 0.085938
0 0.525869 0.723992 0.064496 0.085938
0 0.727262 0.731014 0.064496 0.085938
0 0.674331 0.649467 0.064496 0.085938
0 0.589131 0.652978 0.064496 0.085938
0 0.647869 0.578443 0.064496 0.085938
0 0.715000 0.549509 0.064496 0.085938
0 0.804077 0.616144 0.064496 0.085938
0 0.795038 0.660867 0.064496 0.085938
0 0.918969 0.716980 0.064496 0.085938
0 0.880885 0.703824 0.064496 0.085938
0 0.886046 0.778359 0.064496 0.085938
0 0.900246 0.537231 0.064496 0.085938
0 0.924131 0.515308 0.064496 0.085938
0 0.855708 0.514431 0.064496 0.085938
0 0.913162 0.452184 0.064496 0.085938
0 0.929292 0.412727 0.064496 0.085938
0 0.813754 0.389927 0.064496 0.085938
0 0.787292 0.442539 0.064496 0.085938
0 0.720808 0.403960 0.064496 0.085938
0 0.656908 0.430261 0.064496 0.085938
0 0.563954 0.452184 0.064496 0.085938
0 0.574285 0.499530 0.064496 0.085938
0 0.472300 0.500408 0.064496 0.085938
0 0.454869 0.468840 0.064496 0.085938
0 0.313508 0.579321 0.064496 0.085938
0 0.318031 0.661745 0.064496 0.085938
0 0.045508 0.200094 0.064496 0.085938
0 0.022915 0.211494 0.064496 0.085938
0 0.031954 0.015089 0.064496 0.085938
0 0.118446 0.073835 0.064496 0.085938
0 0.182346 0.131703 0.064496 0.085938
0 0.254646 0.016834 0.064496 0.085938
0 0.262392 0.075590 0.064496 0.085938
0 0.308862 0.231661 0.064496 0.085938
0 0.345008 0.261473 0.064496 0.085938
0 0.279169 0.207983 0.064496 0.085938
0 0.070362 0.391860 0.064496 0.085938
0 0.077462 0.443584 0.064496 0.085938
0 0.079392 0.302424 0.064496 0.085938
0 0.023846 0.897607 0.064496 0.085938
0 0.079615 0.893396 0.064496 0.085938
0 0.049408 0.823950 0.064496 0.085938
0 0.010677 0.661912 0.064496 0.085938
0 0.065677 0.706113 0.064496 0.085938
0 0.121446 0.715580 0.064496 0.085938
0 0.157846 0.743992 0.064496 0.085938
0 0.153977 0.777659 0.064496 0.085938
0 0.171015 0.616677 0.064496 0.085938
0 0.176438 0.573532 0.064496 0.085938
0 0.129185 0.635611 0.064496 0.085938
0 0.092008 0.581954 0.064496 0.085938
0 0.016169 0.071776 0.064496 0.085938
0 0.060892 0.081902 0.064496 0.085938
0 0.087723 0.008997 0.064496 0.085938
0 0.127977 0.008997 0.064496 0.085938
0 0.204008 0.049498 0.064496 0.085938
0 0.163754 0.065705 0.064496 0.085938
0 0.108600 0.132529 0.064496 0.085938
0 0.150338 0.150763 0.064496 0.085938
0 0.078777 0.189237 0.064496 0.085938
0 0.010200 0.171014 0.064496 0.085938
0 0.031077 0.292518 0.064496 0.085938
0 0.123508 0.207461 0.064496 0.085938
0 0.132446 0.274295 0.064496 0.085938
0 0.114562 0.357325 0.064496 0.085938
0 0.175685 0.324922 0.064496 0.085938
0 0.214446 0.254044 0.064496 0.085938
0 0.180154 0.231766 0.064496 0.085938
0 0.227862 0.162905 0.064496 0.085938
0 0.227862 0.120387 0.064496 0.085938
0 0.280038 0.140637 0.064496 0.085938
0 0.311346 0.094054 0.064496 0.085938
0 0.293462 0.033302 0.064496 0.085938
0 0.341162 0.015078 0.064496 0.085938
0 0.370985 0.049498 0.064496 0.085938
0 0.388869 0.100125 0.064496 0.085938
0 0.394831 0.168986 0.064496 0.085938
0 0.476831 0.061651 0.064496 0.085938
0 0.490246 0.021149 0.064496 0.085938
0 0.427631 0.013051 0.064496 0.085938
0 0.479808 0.124431 0.064496 0.085938
0 0.564785 0.114305 0.064496 0.085938
0 0.600569 0.144681 0.064496 0.085938
0 0.615477 0.094054 0.064496 0.085938
0 0.609515 0.008997 0.064496 0.085938
0 0.570754 0.033302 0.064496 0.085938
0 0.537954 0.041400 0.064496 0.085938
0 0.642308 0.065705 0.064496 0.085938
0 0.695977 0.057607 0.064496 0.085938
0 0.725800 0.013051 0.064496 0.085938
0 0.764554 0.055580 0.064496 0.085938
0 0.731762 0.134556 0.064496 0.085938
0 0.679585 0.183166 0.064496 0.085938
0 0.706415 0.266196 0.064496 0.085938
0 0.755615 0.215559 0.064496 0.085938
0 0.794377 0.175057 0.064496 0.085938
0 0.830154 0.223668 0.064496 0.085938
0 0.824192 0.035329 0.064496 0.085938
0 0.904692 0.081902 0.064496 0.085938
0 0.880838 0.191264 0.064496 0.085938
0 0.937492 0.247962 0.064496 0.085938
0 0.854008 0.290491 0.064496 0.085938
0 0.777977 0.328976 0.064496 0.085938
0 0.640823 0.345172 0.064496 0.085938
0 0.575223 0.385674 0.064496 0.085938
0 0.531992 0.308725 0.064496 0.085938
0 0.461923 0.353271 0.064496 0.085938
0 0.454469 0.241891 0.064496 0.085938
0 0.402285 0.280366 0.064496 0.085938
0 0.287492 0.264169 0.064496 0.085938
0 0.347131 0.191264 0.064496 0.085938
0 0.254700 0.247962 0.064496 0.085938
0 0.509631 0.223668 0.064496 0.085938
0 0.570754 0.221641 0.064496 0.085938
0 0.619946 0.227712 0.064496 0.085938
0 0.487262 0.414023 0.064496 0.085938
0 0.388869 0.422132 0.064496 0.085938
0 0.326254 0.379603 0.064496 0.085938
0 0.284515 0.377576 0.064496 0.085938
0 0.226369 0.324922 0.064496 0.085938
0 0.192085 0.456552 0.064496 0.085938
0 0.126485 0.478830 0.064496 0.085938
0 0.057908 0.535538 0.064496 0.085938
0 0.031077 0.608443 0.064496 0.085938
0 0.038531 0.440355 0.064496 0.085938
0 0.031077 0.389728 0.064496 0.085938
0 0.114562 0.553762 0.064496 0.085938
0 0.192085 0.537565 0.064496 0.085938
0 0.251715 0.547691 0.064496 0.085938
0 0.217423 0.600345 0.064496 0.085938
0 0.175685 0.679321 0.064496 0.085938
0 0.089215 0.648945 0.064496 0.085938
0 0.022131 0.746155 0.064496 0.085938
0 0.087723 0.776531 0.064496 0.085938
0 0.120523 0.823103 0.064496 0.085938
0 0.016169 0.839310 0.064496 0.085938
0 0.321785 0.503135 0.064496 0.085938
0 0.277062 0.501108 0.064496 0.085938
0 0.278554 0.697544 0.064496 0.085938
0 0.353092 0.565914 0.064496 0.085938
0 0.426138 0.527440 0.064496 0.085938
0 0.523046 0.519331 0.064496 0.085938
0 0.606531 0.466677 0.064496 0.085938
0 0.695977 0.474786 0.064496 0.085938
0 0.754123 0.414023 0.064496 0.085938
0 0.861462 0.428203 0.064496 0.085938
0 0.968800 0.418077 0.064496 0.085938
0 0.961346 0.304671 0.064496 0.085938
0 0.941962 0.509206 0.064496 0.085938
0 0.982215 0.551735 0.064496 0.085938
0 0.992654 0.622623 0.064496 0.085938
0 0.891277 0.602372 0.064496 0.085938
0 0.931531 0.652999 0.064496 0.085938
0 0.839100 0.687419 0.064496 0.085938
0 0.755615 0.614514 0.064496 0.085938
0 0.769031 0.519331 0.064496 0.085938
0 0.833138 0.586165 0.064496 0.085938
0 0.631877 0.531484 0.064496 0.085938
0 0.675108 0.553762 0.064496 0.085938
0 0.606531 0.592236 0.064496 0.085938
0 0.534969 0.620596 0.064496 0.085938
0 0.441046 0.709697 0.064496 0.085938
0 0.347131 0.638819 0.064496 0.085938
0 0.227862 0.697544 0.064496 0.085938
0 0.244262 0.819060 0.064496 0.085938
0 0.306877 0.770449 0.064496 0.085938
0 0.370385 0.799164 0.064496 0.085938
0 0.415708 0.819060 0.064496 0.085938
0 0.499192 0.768433 0.064496 0.085938
0 0.557331 0.736029 0.064496 0.085938
0 0.625908 0.738056 0.064496 0.085938
0 0.666162 0.756280 0.064496 0.085938
0 0.636346 0.644890 0.064496 0.085938
0 0.733254 0.675277 0.064496 0.085938
0 0.789900 0.742100 0.064496 0.085938
0 0.922585 0.778558 0.064496 0.085938
0 0.980723 0.766405 0.064496 0.085938
0 0.937492 0.727931 0.064496 0.085938
0 0.851023 0.758307 0.064496 0.085938
0 0.695977 0.835256 0.064496 0.085938
0 0.619946 0.847409 0.064496 0.085938
0 0.954038 0.878391 0.064496 0.085938
0 0.879354 0.857534 0.064496 0.085938
0 0.807192 0.860982 0.064496 0.085938
0 0.735038 0.787461 0.064496 0.085938
0 0.508285 0.864420 0.064496 0.085938
0 0.194023 0.874953 0.064496 0.085938
0 0.328192 0.887910 0.064496 0.085938
0 0.582823 0.835862 0.064496 0.085938
0 0.675000 0.382654 0.064496 0.085938
0 0.583869 0.527440 0.064496 0.085938
0 0.461769 0.601964 0.064496 0.085938
0 0.412131 0.632748 0.064496 0.085938
0 0.367554 0.486531 0.064496 0.085938
0 0.273331 0.456959 0.064496 0.085938
0 0.065215 0.253229 0.064496 0.085938
0 0.905092 0.359676 0.064496 0.085938
0 0.881208 0.361432 0.064496 0.085938
0 0.810854 0.329864 0.064496 0.085938
0 0.739846 0.338631 0.064496 0.085938
0 0.720485 0.342142 0.064496 0.085938
0 0.774708 0.277252 0.064496 0.085938
0 0.848931 0.123814 0.064496 0.085938
0 0.970931 0.115914 0.064496 0.085938
0 0.946400 0.179927 0.064496 0.085938
0 0.989000 0.183438 0.064496 0.085938
0 0.995454 0.077335 0.064496 0.085938
0 0.971577 0.033501 0.064496 0.085938
0 0.923231 0.017973 0.064496 0.085938
0 0.886046 0.007806 0.064496 0.085938
0 0.774508 0.006583 0.064496 0.085938
0 0.792131 0.094702 0.064496 0.085938
0 0.856162 0.095402 0.064496 0.085938
0 0.720615 0.075674 0.064496 0.085938
0 0.727585 0.213072 0.064496 0.085938
0 0.710931 0.210178 0.064496 0.085938
0 0.659292 0.229906 0.064496 0.085938
0 0.660908 0.272257 0.064496 0.085938
0 0.598492 0.286897 0.064496 0.085938
0 0.630377 0.419655 0.064496 0.085938
0 0.533100 0.443417 0.064496 0.085938
0 0.478362 0.286897 0.064496 0.085938
0 0.503477 0.279624 0.064496 0.085938
0 0.535746 0.182205 0.064496 0.085938
0 0.530385 0.107628 0.064496 0.085938
0 0.661746 0.150815 0.064496 0.085938
0 0.660392 0.121526 0.064496 0.085938
0 0.641992 0.150815 0.064496 0.085938
0 0.475715 0.215350 0.064496 0.085938
0 0.487338 0.256740 0.064496 0.085938
0 0.442992 0.178171 0.064496 0.085938
0 0.491408 0.178788 0.064496 0.085938
0 0.389615 0.351087 0.064496 0.085938
0 0.438023 0.405883 0.064496 0.085938
0 0.498508 0.708474 0.064496 0.085938
0 0.510900 0.695329 0.064496 0.085938
0 0.564669 0.684368 0.064496 0.085938
0 0.592100 0.700408 0.064496 0.085938
0 0.663100 0.706280 0.064496 0.085938
0 0.709385 0.599572 0.064496 0.085938
0 0.636769 0.590805 0.064496 0.085938
0 0.475400 0.567398 0.064496 0.085938
0 0.566862 0.559415 0.064496 0.085938
0 0.428085 0.453406 0.064496 0.085938
0 0.347400 0.429300 0.064496 0.085938
0 0.323192 0.320481 0.064496 0.085938
0 0.352238 0.348976 0.064496 0.085938
0 0.425369 0.385455 0.064496 0.085938
0 0.329385 0.221170 0.064496 0.085938
0 0.390169 0.014995 0.064496 0.085938
0 0.434277 0.108527 0.064496 0.085938