0 0.216840 0.083947 0.071615 0.097222
0 0.297740 0.099733 0.071615 0.097222
0 0.360200 0.152347 0.071615 0.097222
0 0.357580 0.234773 0.071615 0.097222
0 0.296420 0.203200 0.071615 0.097222
0 0.240520 0.164613 0.071615 0.097222
0 0.176080 0.154987 0.071615 0.097222
0 0.122160 0.310187 0.071615 0.097222
0 0.181340 0.335600 0.071615 0.097222
0 0.237900 0.303147 0.071615 0.097222
0 0.231320 0.380320 0.071615 0.097222
0 0.240520 0.483787 0.071615 0.097222
0 0.170820 0.427680 0.071615 0.097222
0 0.170820 0.506587 0.071615 0.097222
0 0.106360 0.492560 0.071615 0.097222
0 0.105060 0.403120 0.071615 0.097222
0 0.064280 0.695093 0.071615 0.097222
0 0.085320 0.862560 0.071615 0.097222
0 0.170820 0.774880 0.071615 0.097222
0 0.181340 0.908160 0.071615 0.097222
0 0.243160 0.860827 0.071615 0.097222
0 0.245120 0.729307 0.071615 0.097222
0 0.165560 0.657387 0.071615 0.097222
0 0.260260 0.621440 0.071615 0.097222
0 0.306280 0.682827 0.071615 0.097222
0 0.308260 0.774027 0.071615 0.097222
0 0.323380 0.883627 0.071615 0.097222
0 0.369420 0.736320 0.071615 0.097222
0 0.402300 0.899387 0.071615 0.097222
0 0.448980 0.788907 0.071615 0.097222
0 0.489760 0.864320 0.071615 0.097222
0 0.528560 0.757360 0.071615 0.097222
0 0.434520 0.673173 0.071615 0.097222
0 0.357580 0.645120 0.071615 0.097222
0 0.392440 0.382080 0.071615 0.097222
0 0.381900 0.474133 0.071615 0.097222
0 0.450960 0.449600 0.071615 0.097222
0 0.450300 0.530267 0.071615 0.097222
0 0.503560 0.499573 0.071615 0.097222
0 0.507520 0.414507 0.071615 0.097222
0 0.620620 0.909040 0.071615 0.097222
0 0.635760 0.775760 0.071615 0.097222
0 0.810680 0.861707 0.071615 0.097222
0 0.760700 0.791547 0.071615 0.097222
0 0.821200 0.738053 0.071615 0.097222
0 0.698880 0.622320 0.071615 0.097222
0 0.589060 0.601280 0.071615 0.097222
0 0.728480 0.538160 0.071615 0.097222
0 0.764640 0.607413 0.071615 0.097222
0 0.628520 0.456613 0.071615 0.097222
0 0.686380 0.411013 0.071615 0.097222
0 0.475940 0.145333 0.071615 0.097222
0 0.481220 0.250560 0.071615 0.097222
0 0.543020 0.199707 0.071615 0.097222
0 0.659420 0.178640 0.071615 0.097222
0 0.775160 0.186533 0.071615 0.097222
0 0.631800 0.345253 0.071615 0.097222
0 0.721900 0.325947 0.071615 0.097222
0 0.799500 0.390853 0.071615 0.097222
0 0.892880 0.105867 0.071615 0.097222
0 0.894200 0.197947 0.071615 0.097222
0 0.915240 0.285627 0.071615 0.097222
0 0.947460 0.902027 0.071615 0.097222
0 0.934960 0.776640 0.071615 0.097222
0 0.938920 0.669680 0.071615 0.097222
0 0.934960 0.563573 0.071615 0.097222
0 0.927740 0.468880 0.071615 0.097222
0 0.939560 0.380320 0.071615 0.097222