0 0.099082 0.601617 0.104950 0.138672
0 0.193779 0.703967 0.104950 0.138672
0 0.301104 0.622362 0.104950 0.138672
0 0.340039 0.683222 0.104950 0.138672
0 0.454727 0.623748 0.104950 0.138672
0 0.538906 0.607150 0.104950 0.138672
0 0.715674 0.594698 0.104950 0.138672
0 0.853516 0.590552 0.104950 0.138672
0 0.648242 0.599101 0.104950 0.138672
0 0.803008 0.295944 0.104950 0.138672
0 0.881924 0.262747 0.104950 0.138672
0 0.749346 0.264134 0.104950 0.138672
0 0.682002 0.377548 0.104950 0.138672
0 0.793535 0.489589 0.104950 0.138672
0 0.882979 0.416277 0.104950 0.138672
0 0.492607 0.430116 0.104950 0.138672
0 0.360029 0.482670 0.104950 0.138672
0 0.655703 0.522786 0.104950 0.138672
0 0.418955 0.301476 0.104950 0.138672
0 0.546270 0.284878 0.104950 0.138672
0 0.651494 0.239243 0.104950 0.138672
0 0.606250 0.308395 0.104950 0.138672
0 0.730410 0.163171 0.104950 0.138672
0 0.589414 0.219872 0.104950 0.138672
0 0.414746 0.164544 0.104950 0.138672
0 0.271650 0.229551 0.104950 0.138672
0 0.277959 0.341592 0.104950 0.138672
0 0.188525 0.377548 0.104950 0.138672
0 0.099082 0.313928 0.104950 0.138672
0 0.150645 0.206046 0.104950 0.138672
0 0.086455 0.125828 0.104950 0.138672
0 0.185361 0.124442 0.104950 0.138672
0 0.273750 0.129974 0.104950 0.138672
0 0.272695 0.024852 0.104950 0.138672