0 0.524333 0.880687 0.076797 0.060764
0 0.514042 0.815375 0.076797 0.060764
0 0.510000 0.754938 0.076797 0.060764
0 0.524333 0.683719 0.076797 0.060764
0 0.508167 0.627500 0.076797 0.060764
0 0.501917 0.573094 0.076797 0.060764
0 0.485958 0.520062 0.076797 0.060764
0 0.469792 0.477500 0.076797 0.060764
0 0.457667 0.429156 0.076797 0.060764
0 0.445542 0.389781 0.076797 0.060764
0 0.459500 0.354937 0.076797 0.060764
0 0.467583 0.320062 0.076797 0.060764
0 0.457667 0.285062 0.076797 0.060764
0 0.485958 0.251906 0.076797 0.060764
0 0.485958 0.209313 0.076797 0.060764