0 0.831400 0.274987 0.080440 0.115451
0 0.793275 0.258113 0.080440 0.115451
0 0.800150 0.336863 0.080440 0.115451
0 0.854525 0.326550 0.080440 0.115451
0 0.872025 0.250613 0.080440 0.115451
0 0.811400 0.408100 0.080440 0.115451
0 0.291433 0.473762 0.080440 0.115451
0 0.226642 0.480237 0.080440 0.115451
0 0.232033 0.373325 0.080440 0.115451
0 0.284950 0.263175 0.080440 0.115451
0 0.412383 0.389525 0.080440 0.115451
0 0.340025 0.360362 0.080440 0.115451
0 0.402667 0.264800 0.080440 0.115451
0 0.352992 0.225912 0.080440 0.115451
0 0.428583 0.182187 0.080440 0.115451
0 0.482575 0.229163 0.080440 0.115451
0 0.508492 0.161125 0.080440 0.115451
0 0.573292 0.191900 0.080440 0.115451
0 0.552775 0.282612 0.080440 0.115451
0 0.556008 0.415437 0.080440 0.115451
0 0.484733 0.449462 0.080440 0.115451
0 0.469617 0.327975 0.080440 0.115451
0 0.612167 0.365225 0.080440 0.115451
0 0.691000 0.344162 0.080440 0.115451
0 0.644567 0.253450 0.080440 0.115451
0 0.529017 0.373325 0.080440 0.115451
0 0.389708 0.643850 0.080440 0.115451
0 0.422100 0.532075 0.080440 0.115451
0 0.329233 0.579050 0.080440 0.115451
0 0.242833 0.590387 0.080440 0.115451
0 0.304392 0.677862 0.080440 0.115451
0 0.372425 0.760475 0.080440 0.115451
0 0.469617 0.697300 0.080440 0.115451
0 0.566808 0.647087 0.080440 0.115451
0 0.557092 0.523975 0.080440 0.115451
0 0.509575 0.583912 0.080440 0.115451
0 0.475017 0.562850 0.080440 0.115451
0 0.513892 0.509400 0.080440 0.115451
0 0.627283 0.551512 0.080440 0.115451
0 0.644567 0.433263 0.080440 0.115451
0 0.733117 0.441362 0.080440 0.115451
0 0.722317 0.546650 0.080440 0.115451
0 0.678042 0.650325 0.080440 0.115451
0 0.619725 0.739412 0.080440 0.115451
0 0.621883 0.664900 0.080440 0.115451
0 0.532250 0.788012 0.080440 0.115451
0 0.554933 0.729700 0.080440 0.115451
0 0.468000 0.802913 0.080440 0.115451
0 0.323183 0.783962 0.080440 0.115451
0 0.368108 0.489800 0.080440 0.115451