0 0.041132 0.219649 0.049292 0.079861
0 0.054092 0.179953 0.049292 0.079861
0 0.091158 0.170304 0.049292 0.079861
0 0.079408 0.228782 0.049292 0.079861
0 0.050474 0.289930 0.049292 0.079861
0 0.117987 0.271686 0.049292 0.079861
0 0.113158 0.203560 0.049292 0.079861
0 0.145711 0.235738 0.049292 0.079861
0 0.139382 0.152600 0.049292 0.079861
0 0.175553 0.205714 0.049292 0.079861
0 0.193632 0.154754 0.049292 0.079861
0 0.247276 0.174052 0.049292 0.079861
0 0.229197 0.216440 0.049292 0.079861
0 0.292789 0.145082 0.049292 0.079861
0 0.260237 0.100562 0.049292 0.079861
0 0.235526 0.112365 0.049292 0.079861
0 0.205092 0.079110 0.049292 0.079861
0 0.164092 0.100562 0.049292 0.079861
0 0.255118 0.377354 0.049292 0.079861
0 0.225579 0.345714 0.049292 0.079861
0 0.252711 0.293138 0.049292 0.079861
0 0.300329 0.302272 0.049292 0.079861
0 0.307250 0.374684 0.049292 0.079861
0 0.347645 0.390773 0.049292 0.079861
0 0.385316 0.326393 0.049292 0.079861
0 0.380184 0.241639 0.049292 0.079861
0 0.335882 0.255597 0.049292 0.079861
0 0.355171 0.315667 0.049292 0.079861
0 0.443184 0.324262 0.049292 0.079861
0 0.418461 0.284028 0.049292 0.079861
0 0.394961 0.403115 0.049292 0.079861
0 0.312987 0.440117 0.049292 0.079861
0 0.347342 0.448173 0.049292 0.079861
0 0.244263 0.474450 0.049292 0.079861
0 0.280434 0.454075 0.049292 0.079861
0 0.233421 0.533466 0.049292 0.079861
0 0.187303 0.509321 0.049292 0.079861
0 0.171934 0.467471 0.049292 0.079861
0 0.215026 0.451920 0.049292 0.079861
0 0.323526 0.724426 0.049292 0.079861
0 0.353066 0.787728 0.049292 0.079861
0 0.366632 0.744262 0.049292 0.079861
0 0.346737 0.678829 0.049292 0.079861
0 0.379289 0.584426 0.049292 0.079861
0 0.395263 0.667564 0.049292 0.079861
0 0.426000 0.648782 0.049292 0.079861
0 0.427211 0.745878 0.049292 0.079861
0 0.385618 0.838150 0.049292 0.079861
0 0.490197 0.757143 0.049292 0.079861
0 0.457645 0.777002 0.049292 0.079861
0 0.427211 0.823138 0.049292 0.079861
0 0.496526 0.694918 0.049292 0.079861
0 0.550171 0.625199 0.049292 0.079861
0 0.496526 0.613396 0.049292 0.079861
0 0.466684 0.602670 0.049292 0.079861
0 0.533289 0.549016 0.049292 0.079861
0 0.646013 0.577986 0.049292 0.079861
0 0.594474 0.583349 0.049292 0.079861
0 0.609237 0.514145 0.049292 0.079861
0 0.573974 0.460515 0.049292 0.079861
0 0.571566 0.544192 0.049292 0.079861
0 0.533289 0.492155 0.049292 0.079861
0 0.602316 0.650937 0.049292 0.079861
0 0.665605 0.237354 0.049292 0.079861
0 0.630039 0.307635 0.049292 0.079861
0 0.675250 0.346253 0.049292 0.079861
0 0.715329 0.284028 0.049292 0.079861
0 0.707197 0.231991 0.049292 0.079861
0 0.742447 0.226628 0.049292 0.079861
0 0.761145 0.334988 0.049292 0.079861
0 0.730092 0.397213 0.049292 0.079861
0 0.783145 0.398829 0.049292 0.079861
0 0.787355 0.455667 0.049292 0.079861
0 0.737632 0.166557 0.049292 0.079861
0 0.768671 0.161710 0.049292 0.079861
0 0.805447 0.173513 0.049292 0.079861
0 0.838289 0.141874 0.049292 0.079861
0 0.803026 0.231991 0.049292 0.079861
0 0.782539 0.272763 0.049292 0.079861
0 0.817500 0.436909 0.049292 0.079861
0 0.839197 0.404731 0.049292 0.079861
0 0.828947 0.332834 0.049292 0.079861
0 0.869632 0.357518 0.049292 0.079861
0 0.872658 0.277588 0.049292 0.079861
0 0.819908 0.270609 0.049292 0.079861
0 0.841908 0.251311 0.049292 0.079861
0 0.848539 0.204098 0.049292 0.079861
0 0.901289 0.185855 0.049292 0.079861
0 0.906408 0.246464 0.049292 0.079861
0 0.939553 0.230375 0.049292 0.079861
0 0.930513 0.300656 0.049292 0.079861
0 0.904000 0.325340 0.049292 0.079861