0 0.126400 0.184484 0.170984 0.277778
0 0.306000 0.158298 0.170984 0.277778
0 0.485600 0.181861 0.170984 0.277778
0 0.628767 0.197569 0.170984 0.277778
0 0.795350 0.181861 0.170984 0.277778
0 0.805758 0.482951 0.170984 0.277778
0 0.649583 0.480335 0.170984 0.277778
0 0.483000 0.480335 0.170984 0.277778
0 0.295592 0.472481 0.170984 0.277778
0 0.155033 0.488189 0.170984 0.277778
0 0.157633 0.797133 0.170984 0.277778
0 0.329425 0.807611 0.170984 0.277778
0 0.462175 0.807611 0.170984 0.277778
0 0.462175 0.807611 0.170984 0.277778
0 0.633967 0.807611 0.170984 0.277778
0 0.808367 0.794518 0.170984 0.277778