0 0.337816 0.236957 0.098039 0.066840
0 0.335891 0.264302 0.098039 0.066840
0 0.403477 0.305969 0.098039 0.066840
0 0.299224 0.333314 0.098039 0.066840
0 0.220057 0.316376 0.098039 0.066840
0 0.218132 0.261686 0.098039 0.066840
0 0.166006 0.282519 0.098039 0.066840
0 0.320460 0.385388 0.098039 0.066840
0 0.351351 0.307267 0.098039 0.066840
0 0.744856 0.900078 0.098039 0.066840
0 0.904368 0.822791 0.098039 0.066840
0 0.888649 0.725833 0.098039 0.066840
0 0.816753 0.762190 0.098039 0.066840
0 0.767328 0.731880 0.098039 0.066840
0 0.686437 0.778857 0.098039 0.066840
0 0.695431 0.689457 0.098039 0.066840
0 0.616810 0.718256 0.098039 0.066840
0 0.517960 0.678857 0.098039 0.066840
0 0.526925 0.639457 0.098039 0.066840
0 0.592098 0.625833 0.098039 0.066840
0 0.735862 0.637946 0.098039 0.066840
0 0.708908 0.578857 0.098039 0.066840
0 0.632529 0.536434 0.098039 0.066840
0 0.517960 0.513702 0.098039 0.066840
0 0.517960 0.586434 0.098039 0.066840
0 0.392126 0.416744 0.098039 0.066840
0 0.446063 0.390988 0.098039 0.066840
0 0.468534 0.448547 0.098039 0.066840
0 0.428075 0.465213 0.098039 0.066840
0 0.356178 0.437946 0.098039 0.066840
0 0.459540 0.362190 0.098039 0.066840
0 0.268333 0.365853 0.098039 0.066840