0 0.054656 0.054202 0.097054 0.103299
0 0.034328 0.132746 0.097054 0.103299
0 0.014000 0.213474 0.097054 0.103299
0 0.133078 0.054202 0.097054 0.103299
0 0.117109 0.132746 0.097054 0.103299
0 0.096781 0.220000 0.097054 0.103299
0 0.072094 0.307277 0.097054 0.103299
0 0.050297 0.405469 0.097054 0.103299
0 0.034328 0.512371 0.097054 0.103299
0 0.012547 0.606197 0.097054 0.103299
0 0.077891 0.730563 0.097054 0.103299
0 0.050297 0.857089 0.097054 0.103299
0 0.029969 0.977089 0.097054 0.103299
0 0.002672 0.696948 0.097054 0.103299
0 0.140484 0.976455 0.097054 0.103299
0 0.157484 0.849249 0.097054 0.103299
0 0.182891 0.734695 0.097054 0.103299
0 0.093297 0.625610 0.097054 0.103299
0 0.121172 0.512817 0.097054 0.103299
0 0.139328 0.405469 0.097054 0.103299
0 0.164750 0.307277 0.097054 0.103299
0 0.180422 0.212817 0.097054 0.103299
0 0.196250 0.130986 0.097054 0.103299
0 0.213109 0.049178 0.097054 0.103299
0 0.290656 0.049178 0.097054 0.103299
0 0.278453 0.130986 0.097054 0.103299
0 0.266406 0.211056 0.097054 0.103299
0 0.253047 0.303803 0.097054 0.103299
0 0.234891 0.398263 0.097054 0.103299
0 0.218047 0.500164 0.097054 0.103299
0 0.196250 0.614695 0.097054 0.103299
0 0.374156 0.041972 0.097054 0.103299
0 0.364438 0.125540 0.097054 0.103299
0 0.353531 0.207347 0.097054 0.103299
0 0.342641 0.301831 0.097054 0.103299
0 0.328125 0.398263 0.097054 0.103299
0 0.318391 0.501901 0.097054 0.103299
0 0.296609 0.612746 0.097054 0.103299
0 0.282094 0.729249 0.097054 0.103299
0 0.262766 0.860164 0.097054 0.103299
0 0.249984 0.970563 0.097054 0.103299
0 0.364719 0.972746 0.097054 0.103299
0 0.371984 0.857089 0.097054 0.103299
0 0.386500 0.732746 0.097054 0.103299
0 0.399578 0.604014 0.097054 0.103299
0 0.411188 0.497089 0.097054 0.103299
0 0.421359 0.403286 0.097054 0.103299
0 0.430078 0.300728 0.097054 0.103299
0 0.437328 0.211291 0.097054 0.103299
0 0.446047 0.119648 0.097054 0.103299
0 0.456219 0.038920 0.097054 0.103299
0 0.534641 0.036737 0.097054 0.103299
0 0.530281 0.121831 0.097054 0.103299
0 0.523016 0.206925 0.097054 0.103299
0 0.523016 0.296362 0.097054 0.103299
0 0.514297 0.398920 0.097054 0.103299
0 0.505594 0.505822 0.097054 0.103299
0 0.496875 0.610563 0.097054 0.103299
0 0.486719 0.726197 0.097054 0.103299
0 0.480906 0.854930 0.097054 0.103299
0 0.469281 0.968380 0.097054 0.103299
0 0.617422 0.038920 0.097054 0.103299
0 0.614516 0.115282 0.097054 0.103299
0 0.614516 0.202559 0.097054 0.103299
0 0.613063 0.296362 0.097054 0.103299
0 0.610156 0.392371 0.097054 0.103299
0 0.602891 0.501455 0.097054 0.103299
0 0.598531 0.612746 0.097054 0.103299
0 0.591281 0.726197 0.097054 0.103299
0 0.588375 0.846197 0.097054 0.103299
0 0.585469 0.964014 0.097054 0.103299
0 0.700203 0.970563 0.097054 0.103299
0 0.698750 0.859272 0.097054 0.103299
0 0.692938 0.728380 0.097054 0.103299
0 0.694391 0.604014 0.097054 0.103299
0 0.698750 0.492746 0.097054 0.103299
0 0.700203 0.385822 0.097054 0.103299
0 0.701641 0.298545 0.097054 0.103299
0 0.700203 0.206925 0.097054 0.103299
0 0.701641 0.126197 0.097054 0.103299
0 0.701641 0.036737 0.097054 0.103299
0 0.781516 0.030188 0.097054 0.103299
0 0.787328 0.110915 0.097054 0.103299
0 0.788781 0.198192 0.097054 0.103299
0 0.791687 0.294202 0.097054 0.103299
0 0.794594 0.388005 0.097054 0.103299
0 0.800406 0.497089 0.097054 0.103299
0 0.800406 0.612746 0.097054 0.103299
0 0.801859 0.726197 0.097054 0.103299
0 0.801859 0.854930 0.097054 0.103299
0 0.810563 0.972746 0.097054 0.103299
0 0.923844 0.970563 0.097054 0.103299
0 0.918031 0.841831 0.097054 0.103299
0 0.912234 0.724014 0.097054 0.103299
0 0.897703 0.601831 0.097054 0.103299
0 0.893344 0.492746 0.097054 0.103299
0 0.890437 0.385822 0.097054 0.103299
0 0.883188 0.292019 0.097054 0.103299
0 0.883188 0.204742 0.097054 0.103299
0 0.873016 0.117465 0.097054 0.103299
0 0.867203 0.032371 0.097054 0.103299
0 0.954344 0.030188 0.097054 0.103299
0 0.960156 0.102183 0.097054 0.103299
0 0.968859 0.189460 0.097054 0.103299
0 0.977578 0.289836 0.097054 0.103299
0 0.983391 0.381455 0.097054 0.103299
0 0.990656 0.490563 0.097054 0.103299
0 0.990656 0.599648 0.097054 0.103299
0 0.996313 0.686925 0.097054 0.103299