0 0.421603 0.023154 0.136808 0.100694
0 0.552260 0.016231 0.136808 0.100694
0 0.478830 0.081897 0.136808 0.100694
0 0.603029 0.081897 0.136808 0.100694
0 0.676458 0.017974 0.136808 0.100694
0 0.729375 0.071538 0.136808 0.100694
0 0.808205 0.011051 0.136808 0.100694
0 0.854647 0.047333 0.136808 0.100694
0 0.788766 0.138923 0.136808 0.100694
0 0.897837 0.109538 0.136808 0.100694
0 0.829808 0.206308 0.136808 0.100694
0 0.712099 0.221846 0.136808 0.100694
0 0.652692 0.137179 0.136808 0.100694
0 0.583590 0.220128 0.136808 0.100694
0 0.533910 0.159641 0.136808 0.100694
0 0.461554 0.227026 0.136808 0.100694
0 0.404311 0.161385 0.136808 0.100694
0 0.364359 0.069795 0.136808 0.100694
0 0.272564 0.159641 0.136808 0.100694
0 0.193734 0.240872 0.136808 0.100694
0 0.328718 0.233949 0.136808 0.100694
0 0.131106 0.309974 0.136808 0.100694
0 0.117067 0.263333 0.136808 0.100694
0 0.255288 0.311692 0.136808 0.100694
0 0.381635 0.304795 0.136808 0.100694
0 0.517708 0.301333 0.136808 0.100694
0 0.644054 0.290974 0.136808 0.100694
0 0.768253 0.278872 0.136808 0.100694
0 0.893526 0.282333 0.136808 0.100694
0 0.909712 0.341077 0.136808 0.100694
0 0.857885 0.418821 0.136808 0.100694
0 0.792003 0.494846 0.136808 0.100694
0 0.709936 0.586436 0.136808 0.100694
0 0.830881 0.360077 0.136808 0.100694
0 0.703446 0.365256 0.136808 0.100694
0 0.574936 0.372179 0.136808 0.100694
0 0.432388 0.373897 0.136808 0.100694
0 0.626779 0.441282 0.136808 0.100694
0 0.485304 0.441282 0.136808 0.100694
0 0.528510 0.520769 0.136808 0.100694
0 0.662420 0.517308 0.136808 0.100694
0 0.755288 0.432641 0.136808 0.100694
0 0.308205 0.384282 0.136808 0.100694
0 0.180769 0.384282 0.136808 0.100694
0 0.096538 0.396359 0.136808 0.100694
0 0.100865 0.467205 0.136808 0.100694
0 0.219647 0.458564 0.136808 0.100694
0 0.349247 0.455103 0.136808 0.100694
0 0.392436 0.525949 0.136808 0.100694
0 0.452917 0.600256 0.136808 0.100694
0 0.509071 0.688385 0.136808 0.100694
0 0.556587 0.771308 0.136808 0.100694
0 0.638654 0.684923 0.136808 0.100694
0 0.590064 0.591615 0.136808 0.100694
0 0.630016 0.760949 0.136808 0.100694
0 0.267163 0.539769 0.136808 0.100694
0 0.319006 0.612359 0.136808 0.100694
0 0.367596 0.693564 0.136808 0.100694
0 0.191571 0.622718 0.136808 0.100694
0 0.140817 0.538051 0.136808 0.100694
0 0.112740 0.700462 0.136808 0.100694
0 0.095465 0.621000 0.136808 0.100694
0 0.233686 0.698744 0.136808 0.100694
0 0.155929 0.785128 0.136808 0.100694
0 0.296330 0.773051 0.136808 0.100694
0 0.433478 0.767846 0.136808 0.100694
0 0.336282 0.854256 0.136808 0.100694
0 0.204535 0.866333 0.136808 0.100694
0 0.101939 0.868077 0.136808 0.100694
0 0.112740 0.940641 0.136808 0.100694
0 0.249888 0.944103 0.136808 0.100694
0 0.389199 0.935462 0.136808 0.100694
0 0.487468 0.850795 0.136808 0.100694
0 0.539311 0.928538 0.136808 0.100694
0 0.604103 0.850795 0.136808 0.100694
0 0.676458 0.928538 0.136808 0.100694
0 0.757452 0.828333 0.136808 0.100694
0 0.807131 0.911282 0.136808 0.100694
0 0.740176 0.989026 0.136808 0.100694
0 0.603029 0.990744 0.136808 0.100694
0 0.469119 0.995923 0.136808 0.100694
0 0.323317 0.999385 0.136808 0.100694
0 0.180769 1.000000 0.136808 0.100694
0 0.830881 0.994205 0.136808 0.100694
0 0.895673 0.842154 0.136808 0.100694
0 0.875160 0.764410 0.136808 0.100694