0 0.967394 0.630363 0.090658 0.093750
0 0.885375 0.625417 0.090658 0.093750
0 0.780225 0.608901 0.090658 0.093750
0 0.691894 0.625417 0.090658 0.093750
0 0.586744 0.612208 0.090658 0.093750
0 0.599363 0.499931 0.090658 0.093750
0 0.688744 0.508184 0.090658 0.093750
0 0.783381 0.488381 0.090658 0.093750
0 0.872756 0.506536 0.090658 0.093750
0 0.968450 0.506536 0.090658 0.093750
0 0.969500 0.384357 0.090658 0.093750
0 0.874862 0.374455 0.090658 0.093750
0 0.780225 0.377753 0.090658 0.093750
0 0.786531 0.253925 0.090658 0.093750
0 0.791794 0.136703 0.090658 0.093750
0 0.886431 0.140000 0.090658 0.093750
0 0.971600 0.154858 0.090658 0.093750
0 0.970550 0.270432 0.090658 0.093750
0 0.874862 0.258881 0.090658 0.093750
0 0.698206 0.392610 0.090658 0.093750
0 0.687688 0.262179 0.090658 0.093750
0 0.689794 0.141649 0.090658 0.093750
0 0.599363 0.136703 0.090658 0.093750
0 0.595156 0.255574 0.090658 0.093750
0 0.594106 0.372797 0.090658 0.093750
0 0.501569 0.605604 0.090658 0.093750
0 0.494213 0.475172 0.090658 0.093750
0 0.496313 0.362895 0.090658 0.093750
0 0.493156 0.240716 0.090658 0.093750
0 0.493156 0.130098 0.090658 0.093750
0 0.405881 0.149902 0.090658 0.093750
0 0.398519 0.263827 0.090658 0.093750
0 0.403781 0.386006 0.090658 0.093750
0 0.394313 0.501580 0.090658 0.093750
0 0.280750 0.369500 0.090658 0.093750
0 0.299675 0.252277 0.090658 0.093750
0 0.299675 0.131747 0.090658 0.093750
0 0.209244 0.120186 0.090658 0.093750
0 0.202937 0.245672 0.090658 0.093750
0 0.198731 0.481776 0.090658 0.093750
0 0.271288 0.473513 0.090658 0.093750
0 0.198731 0.598999 0.090658 0.093750
0 0.105144 0.603955 0.090658 0.093750
0 0.100937 0.475172 0.090658 0.093750
0 0.121969 0.352993 0.090658 0.093750
0 0.113556 0.237409 0.090658 0.093750
0 0.117762 0.121835 0.090658 0.093750
0 0.036794 0.120186 0.090658 0.093750
0 0.034694 0.232463 0.090658 0.093750
0 0.028388 0.357939 0.090658 0.093750
0 0.030488 0.476820 0.090658 0.093750
0 0.033644 0.607252 0.090658 0.093750