0 0.153744 0.389898 0.102014 0.351562
0 0.241979 0.400366 0.102014 0.351562
0 0.330213 0.392500 0.102014 0.351562
0 0.412557 0.392500 0.102014 0.351562
0 0.500776 0.387276 0.102014 0.351562
0 0.575282 0.358476 0.102014 0.351562
0 0.653714 0.303496 0.102014 0.351562
0 0.749787 0.282541 0.102014 0.351562
0 0.836058 0.570549 0.102014 0.351562
0 0.736058 0.594106 0.102014 0.351562
0 0.624307 0.651707 0.102014 0.351562
0 0.489026 0.656951 0.102014 0.351562
0 0.383151 0.633374 0.102014 0.351562
0 0.298843 0.651707 0.102014 0.351562
0 0.165510 0.677886 0.102014 0.351562
0 0.083166 0.680508 0.102014 0.351562