0 0.130811 0.086323 0.075163 0.052083
0 0.119189 0.142062 0.075163 0.052083
0 0.097676 0.198900 0.075163 0.052083
0 0.132432 0.250447 0.075163 0.052083
0 0.197027 0.273608 0.075163 0.052083
0 0.271459 0.278866 0.075163 0.052083
0 0.362486 0.267285 0.075163 0.052083
0 0.418757 0.235739 0.075163 0.052083
0 0.453514 0.185223 0.075163 0.052083
0 0.445243 0.124192 0.075163 0.052083
0 0.514757 0.149450 0.075163 0.052083
0 0.537946 0.205223 0.075163 0.052083
0 0.572703 0.260962 0.075163 0.052083
0 0.572703 0.311478 0.075163 0.052083
0 0.647189 0.288316 0.075163 0.052083
0 0.743189 0.289381 0.075163 0.052083
0 0.635622 0.361993 0.075163 0.052083
0 0.663730 0.409347 0.075163 0.052083
0 0.652162 0.469313 0.075163 0.052083
0 0.582649 0.501924 0.075163 0.052083
0 0.499892 0.522955 0.075163 0.052083
0 0.413838 0.525086 0.075163 0.052083
0 0.342649 0.504021 0.075163 0.052083
0 0.289676 0.459828 0.075163 0.052083
0 0.254919 0.401959 0.075163 0.052083
0 0.309568 0.350412 0.075163 0.052083
0 0.370811 0.315704 0.075163 0.052083
0 0.016595 0.601890 0.075163 0.052083
0 0.104324 0.493505 0.075163 0.052083
0 0.254919 0.514536 0.075163 0.052083
0 0.475081 0.303058 0.075163 0.052083
0 0.804432 0.458797 0.075163 0.052083
0 0.102649 0.720790 0.075163 0.052083
0 0.241676 0.722887 0.075163 0.052083
0 0.357568 0.617663 0.075163 0.052083
0 0.387351 0.675533 0.075163 0.052083
0 0.466757 0.655533 0.075163 0.052083
0 0.337676 0.722887 0.075163 0.052083
0 0.319459 0.778660 0.075163 0.052083
0 0.637243 0.787079 0.075163 0.052083
0 0.617405 0.726048 0.075163 0.052083
0 0.556162 0.680790 0.075163 0.052083
0 0.311189 0.835464 0.075163 0.052083
0 0.625676 0.835464 0.075163 0.052083
0 0.582649 0.889141 0.075163 0.052083
0 0.417135 0.918591 0.075163 0.052083
0 0.342649 0.885979 0.075163 0.052083
0 0.521405 0.925945 0.075163 0.052083
0 0.630649 0.547182 0.075163 0.052083
0 0.590919 0.597663 0.075163 0.052083
0 0.612432 0.650275 0.075163 0.052083
0 0.675297 0.696598 0.075163 0.052083
0 0.754757 0.727079 0.075163 0.052083
0 0.842486 0.726048 0.075163 0.052083
0 0.920270 0.695533 0.075163 0.052083
0 0.976541 0.653436 0.075163 0.052083
0 0.984811 0.595567 0.075163 0.052083
0 0.960000 0.541924 0.075163 0.052083
0 0.824270 0.263093 0.075163 0.052083
0 0.880541 0.217835 0.075163 0.052083
0 0.885514 0.155773 0.075163 0.052083
0 0.713405 0.499828 0.075163 0.052083
0 0.888811 0.499828 0.075163 0.052083
0 0.327730 0.555601 0.075163 0.052083
0 0.319459 0.676598 0.075163 0.052083
0 0.033135 0.539794 0.075163 0.052083
0 0.028162 0.663952 0.075163 0.052083