0 0.245453 0.571213 0.035590 0.037326
0 0.215153 0.543940 0.035590 0.037326
0 0.189393 0.513633 0.035590 0.037326
0 0.178787 0.475760 0.035590 0.037326
0 0.154547 0.439393 0.035590 0.037326
0 0.154547 0.401513 0.035590 0.037326
0 0.160607 0.369700 0.035590 0.037326
0 0.184847 0.336367 0.035590 0.037326
0 0.221213 0.319700 0.035590 0.037326
0 0.262120 0.322727 0.035590 0.037326
0 0.289393 0.322727 0.035590 0.037326
0 0.313633 0.334847 0.035590 0.037326
0 0.293940 0.372727 0.035590 0.037326
0 0.280300 0.407573 0.035590 0.037326
0 0.280300 0.440907 0.035590 0.037326
0 0.283333 0.481820 0.035590 0.037326
0 0.283333 0.518180 0.035590 0.037326
0 0.281820 0.559093 0.035590 0.037326
0 0.348487 0.313633 0.035590 0.037326
0 0.384847 0.301513 0.035590 0.037326
0 0.412120 0.281820 0.035590 0.037326
0 0.445453 0.271213 0.035590 0.037326
0 0.481820 0.263633 0.035590 0.037326
0 0.510607 0.278787 0.035590 0.037326
0 0.537880 0.304547 0.035590 0.037326
0 0.556060 0.343940 0.035590 0.037326
0 0.554547 0.381820 0.035590 0.037326
0 0.548487 0.422727 0.035590 0.037326
0 0.536367 0.460607 0.035590 0.037326
0 0.528787 0.500000 0.035590 0.037326
0 0.530300 0.537880 0.035590 0.037326
0 0.533333 0.575760 0.035590 0.037326
0 0.545453 0.610607 0.035590 0.037326
0 0.566667 0.627273 0.035590 0.037326
0 0.601513 0.646967 0.035590 0.037326
0 0.631820 0.654547 0.035590 0.037326
0 0.663633 0.646967 0.035590 0.037326
0 0.692427 0.639393 0.035590 0.037326
0 0.730300 0.625760 0.035590 0.037326
0 0.756060 0.604547 0.035590 0.037326
0 0.777273 0.575760 0.035590 0.037326
0 0.796967 0.545453 0.035590 0.037326
0 0.819700 0.525760 0.035590 0.037326
0 0.839393 0.496967 0.035590 0.037326
0 0.845453 0.465153 0.035590 0.037326
0 0.846967 0.425760 0.035590 0.037326
0 0.833333 0.395453 0.035590 0.037326
0 0.821213 0.366667 0.035590 0.037326
0 0.804547 0.339393 0.035590 0.037326
0 0.780300 0.312120 0.035590 0.037326
0 0.757573 0.287880 0.035590 0.037326
0 0.734847 0.263633 0.035590 0.037326
0 0.712120 0.237880 0.035590 0.037326
0 0.680300 0.224240 0.035590 0.037326
0 0.646967 0.212120 0.035590 0.037326
0 0.616667 0.193940 0.035590 0.037326
0 0.601513 0.166667 0.035590 0.037326
0 0.584847 0.137880 0.035590 0.037326
0 0.565153 0.106060 0.035590 0.037326
0 0.534847 0.083333 0.035590 0.037326
0 0.506060 0.078787 0.035590 0.037326
0 0.469700 0.077273 0.035590 0.037326
0 0.436367 0.065153 0.035590 0.037326
0 0.401513 0.071213 0.035590 0.037326
0 0.375760 0.089393 0.035590 0.037326
0 0.369700 0.125760 0.035590 0.037326
0 0.371213 0.156060 0.035590 0.037326
0 0.390907 0.186367 0.035590 0.037326
0 0.422727 0.192427 0.035590 0.037326
0 0.457573 0.198487 0.035590 0.037326
0 0.487880 0.195453 0.035590 0.037326
0 0.524240 0.195453 0.035590 0.037326
0 0.559093 0.201513 0.035590 0.037326
0 0.586367 0.218180 0.035590 0.037326
0 0.621213 0.228787 0.035590 0.037326
0 0.657573 0.245453 0.035590 0.037326
0 0.678787 0.257573 0.035590 0.037326
0 0.695453 0.289393 0.035590 0.037326
0 0.704547 0.319700 0.035590 0.037326
0 0.713633 0.351513 0.035590 0.037326
0 0.721213 0.386367 0.035590 0.037326
0 0.719700 0.422727 0.035590 0.037326
0 0.718180 0.451513 0.035590 0.037326
0 0.725760 0.483333 0.035590 0.037326
0 0.742427 0.516667 0.035590 0.037326
0 0.753033 0.550000 0.035590 0.037326
0 0.746967 0.578787 0.035590 0.037326
0 0.728787 0.603033 0.035590 0.037326
0 0.704547 0.671213 0.035590 0.037326
0 0.675760 0.693940 0.035590 0.037326
0 0.646967 0.715153 0.035590 0.037326
0 0.613633 0.730300 0.035590 0.037326
0 0.578787 0.733333 0.035590 0.037326
0 0.546967 0.719700 0.035590 0.037326
0 0.518180 0.695453 0.035590 0.037326
0 0.500000 0.663633 0.035590 0.037326
0 0.490907 0.634847 0.035590 0.037326
0 0.481820 0.600000 0.035590 0.037326
0 0.463633 0.566667 0.035590 0.037326
0 0.451513 0.530300 0.035590 0.037326
0 0.443940 0.493940 0.035590 0.037326
0 0.442427 0.460607 0.035590 0.037326
0 0.431820 0.422727 0.035590 0.037326
0 0.421213 0.387880 0.035590 0.037326
0 0.401513 0.354547 0.035590 0.037326
0 0.369700 0.337880 0.035590 0.037326