0 0.050463 0.336061 0.034336 0.069444
0 0.091475 0.397965 0.034336 0.069444
0 0.198725 0.478095 0.034336 0.069444
0 0.266025 0.529091 0.034336 0.069444
0 0.281800 0.594632 0.034336 0.069444
0 0.330163 0.554589 0.034336 0.069444
0 0.351200 0.594632 0.034336 0.069444
0 0.433213 0.598268 0.034336 0.069444
0 0.479488 0.583723 0.034336 0.069444
0 0.527850 0.547273 0.034336 0.069444
0 0.560450 0.503593 0.034336 0.069444
0 0.548888 0.587359 0.034336 0.069444
0 0.614075 0.543636 0.034336 0.069444
0 0.580425 0.645628 0.034336 0.069444
0 0.674013 0.496320 0.034336 0.069444
0 0.745513 0.514502 0.034336 0.069444
0 0.808613 0.569134 0.034336 0.069444
0 0.905350 0.594632 0.034336 0.069444