0 0.495400 0.435630 0.045139 0.074653
0 0.545193 0.412120 0.045139 0.074653
0 0.567320 0.366470 0.045139 0.074653
0 0.522140 0.340190 0.045139 0.074653
0 0.476960 0.349880 0.045139 0.074653
0 0.433620 0.351260 0.045139 0.074653
0 0.393047 0.362320 0.045139 0.074653
0 0.338647 0.373390 0.045139 0.074653
0 0.293460 0.394140 0.045139 0.074653
0 0.341413 0.432860 0.045139 0.074653
0 0.403193 0.434250 0.045139 0.074653
0 0.443760 0.446690 0.045139 0.074653
0 0.301760 0.439780 0.045139 0.074653
0 0.274100 0.479890 0.045139 0.074653
0 0.286087 0.540750 0.045139 0.074653
0 0.318360 0.567030 0.045139 0.074653
0 0.363540 0.571180 0.045139 0.074653
0 0.425320 0.576710 0.045139 0.074653
0 0.480647 0.557340 0.045139 0.074653
0 0.543347 0.539360 0.045139 0.074653
0 0.574700 0.517230 0.045139 0.074653
0 0.611580 0.468820 0.045139 0.074653
0 0.632787 0.412120 0.045139 0.074653
0 0.630020 0.380300 0.045139 0.074653
0 0.611580 0.340190 0.045139 0.074653
0 0.563633 0.302850 0.045139 0.074653
0 0.517527 0.300080 0.045139 0.074653
0 0.469580 0.300080 0.045139 0.074653
0 0.416100 0.305620 0.045139 0.074653
0 0.363540 0.316680 0.045139 0.074653
0 0.322967 0.338810 0.045139 0.074653
0 0.286087 0.351260 0.045139 0.074653
0 0.244593 0.383070 0.045139 0.074653
0 0.201253 0.427330 0.045139 0.074653
0 0.252893 0.441160 0.045139 0.074653
0 0.218773 0.477120 0.045139 0.074653
0 0.227993 0.517230 0.045139 0.074653
0 0.241827 0.568410 0.045139 0.074653
0 0.179127 0.468820 0.045139 0.074653
0 0.168980 0.518620 0.045139 0.074653
0 0.170827 0.544900 0.045139 0.074653
0 0.191113 0.596070 0.045139 0.074653
0 0.227993 0.633420 0.045139 0.074653
0 0.286087 0.661080 0.045139 0.074653
0 0.281473 0.612670 0.045139 0.074653
0 0.318360 0.612670 0.045139 0.074653
0 0.369993 0.634800 0.045139 0.074653
0 0.425320 0.623730 0.045139 0.074653
0 0.493553 0.620970 0.045139 0.074653
0 0.547033 0.609900 0.045139 0.074653
0 0.588527 0.567030 0.045139 0.074653
0 0.641087 0.550430 0.045139 0.074653
0 0.669673 0.504790 0.045139 0.074653
0 0.689033 0.457760 0.045139 0.074653
0 0.701947 0.407970 0.045139 0.074653
0 0.703787 0.366470 0.045139 0.074653
0 0.698260 0.340190 0.045139 0.074653
0 0.652153 0.312530 0.045139 0.074653
0 0.614347 0.275190 0.045139 0.074653
0 0.576540 0.264120 0.045139 0.074653
0 0.530440 0.258590 0.045139 0.074653
0 0.492633 0.257210 0.045139 0.074653
0 0.452060 0.264120 0.045139 0.074653
0 0.396733 0.269650 0.045139 0.074653
0 0.341413 0.289020 0.045139 0.074653
0 0.301760 0.302850 0.045139 0.074653
0 0.260267 0.319450 0.045139 0.074653
0 0.220620 0.344340 0.045139 0.074653
0 0.182813 0.388600 0.045139 0.074653
0 0.160680 0.434250 0.045139 0.074653
0 0.135787 0.477120 0.045139 0.074653
0 0.121033 0.521380 0.045139 0.074653
0 0.119187 0.571180 0.045139 0.074653
0 0.116420 0.607140 0.045139 0.074653
0 0.143160 0.670760 0.045139 0.074653
0 0.191113 0.701190 0.045139 0.074653
0 0.242747 0.734380 0.045139 0.074653
0 0.298073 0.742680 0.045139 0.074653
0 0.334953 0.687360 0.045139 0.074653
0 0.384747 0.677680 0.045139 0.074653
0 0.364460 0.755130 0.045139 0.074653
0 0.406880 0.750980 0.045139 0.074653
0 0.454827 0.683210 0.045139 0.074653
0 0.502773 0.666610 0.045139 0.074653
0 0.475113 0.744070 0.045139 0.074653
0 0.533207 0.734380 0.045139 0.074653
0 0.556253 0.656930 0.045139 0.074653
0 0.618033 0.629270 0.045139 0.074653
0 0.651233 0.611290 0.045139 0.074653
0 0.709320 0.582240 0.045139 0.074653
0 0.761880 0.565640 0.045139 0.074653
0 0.798767 0.515850 0.045139 0.074653
0 0.836567 0.474360 0.045139 0.074653
0 0.873453 0.434250 0.045139 0.074653
0 0.897427 0.468820 0.045139 0.074653
0 0.919560 0.507550 0.045139 0.074653
0 0.938000 0.551810 0.045139 0.074653
0 0.901113 0.632030 0.045139 0.074653
0 0.857780 0.666610 0.045139 0.074653
0 0.824580 0.690120 0.045139 0.074653
0 0.757273 0.703960 0.045139 0.074653
0 0.711167 0.715020 0.045139 0.074653
0 0.644773 0.727470 0.045139 0.074653
0 0.577467 0.733000 0.045139 0.074653