0 0.355849 0.479299 0.070261 0.038194
0 0.303711 0.445213 0.070261 0.038194
0 0.269874 0.416189 0.070261 0.038194
0 0.262075 0.371982 0.070261 0.038194
0 0.246415 0.327805 0.070261 0.038194
0 0.389686 0.437652 0.070261 0.038194
0 0.449560 0.416189 0.070261 0.038194
0 0.506918 0.388384 0.070261 0.038194
0 0.577233 0.358079 0.070261 0.038194
0 0.212579 0.257073 0.070261 0.038194
0 0.189119 0.219207 0.070261 0.038194
0 0.181321 0.177530 0.070261 0.038194
0 0.199560 0.139665 0.070261 0.038194
0 0.259434 0.072744 0.070261 0.038194
0 0.225597 0.105579 0.070261 0.038194
0 0.228176 0.288659 0.070261 0.038194
0 0.314151 0.044970 0.070261 0.038194
0 0.410503 0.034848 0.070261 0.038194
0 0.493899 0.042439 0.070261 0.038194
0 0.569434 0.057591 0.070261 0.038194
0 0.647547 0.082835 0.070261 0.038194
0 0.694403 0.118201 0.070261 0.038194
0 0.738679 0.143445 0.070261 0.038194
0 0.762138 0.182591 0.070261 0.038194
0 0.751761 0.225518 0.070261 0.038194
0 0.746541 0.267195 0.070261 0.038194
0 0.702264 0.301280 0.070261 0.038194
0 0.642327 0.326524 0.070261 0.038194