0 0.310407 0.394700 0.063725 0.050347
0 0.255000 0.460367 0.063725 0.050347
0 0.210325 0.527267 0.063725 0.050347
0 0.159512 0.592933 0.063725 0.050347
0 0.125650 0.669933 0.063725 0.050347
0 0.060976 0.724233 0.063725 0.050347
0 0.039431 0.786100 0.063725 0.050347
0 0.094837 0.802533 0.063725 0.050347
0 0.141057 0.760867 0.063725 0.050347
0 0.184146 0.690167 0.063725 0.050347
0 0.222642 0.606833 0.063725 0.050347
0 0.276545 0.541167 0.063725 0.050347
0 0.331992 0.479300 0.063725 0.050347
0 0.412033 0.425000 0.063725 0.050347
0 0.495203 0.321467 0.063725 0.050347
0 0.173374 0.808833 0.063725 0.050347
0 0.127195 0.841667 0.063725 0.050347
0 0.157967 0.903533 0.063725 0.050347
0 0.211870 0.854300 0.063725 0.050347
0 0.251911 0.813900 0.063725 0.050347
0 0.281179 0.850500 0.063725 0.050347
0 0.228821 0.916167 0.063725 0.050347
0 0.328902 0.800000 0.063725 0.050347
0 0.327358 0.720467 0.063725 0.050347
0 0.384350 0.735600 0.063725 0.050347
0 0.433618 0.661100 0.063725 0.050347
0 0.404350 0.616933 0.063725 0.050347
0 0.461301 0.543700 0.063725 0.050347
0 0.501341 0.586600 0.063725 0.050347
0 0.556789 0.524733 0.063725 0.050347
0 0.513659 0.480567 0.063725 0.050347
0 0.610691 0.467933 0.063725 0.050347
0 0.579878 0.412367 0.063725 0.050347
0 0.667642 0.394700 0.063725 0.050347
0 0.636870 0.349233 0.063725 0.050347
0 0.721545 0.327767 0.063725 0.050347
0 0.646098 0.667433 0.063725 0.050347
0 0.698455 0.548733 0.063725 0.050347
0 0.753862 0.505800 0.063725 0.050347
0 0.781585 0.451500 0.063725 0.050347
0 0.798537 0.390900 0.063725 0.050347
0 0.395122 0.286100 0.063725 0.050347
0 0.478252 0.188900 0.063725 0.050347
0 0.524472 0.138400 0.063725 0.050347
0 0.587602 0.147233 0.063725 0.050347
0 0.618374 0.111867 0.063725 0.050347
0 0.664553 0.156067 0.063725 0.050347
0 0.656870 0.209100 0.063725 0.050347
0 0.595285 0.246967 0.063725 0.050347
0 0.693821 0.281067 0.063725 0.050347
0 0.741545 0.220467 0.063725 0.050347
0 0.787764 0.154800 0.063725 0.050347
0 0.835488 0.190167 0.063725 0.050347
0 0.700000 0.118167 0.063725 0.050347
0 0.730772 0.071467 0.063725 0.050347
0 0.658415 0.066400 0.063725 0.050347
0 0.858577 0.115667 0.063725 0.050347
0 0.917114 0.143433 0.063725 0.050347
0 0.775447 0.254533 0.063725 0.050347