0 0.174573 0.424270 0.019608 0.011285
0 0.191049 0.423000 0.019608 0.011285
0 0.204993 0.419620 0.019608 0.011285
0 0.219580 0.419200 0.019608 0.011285
0 0.236057 0.415810 0.019608 0.011285
0 0.247466 0.412010 0.019608 0.011285
0 0.267121 0.412430 0.019608 0.011285
0 0.282969 0.410320 0.019608 0.011285
0 0.152384 0.429770 0.019608 0.011285
0 0.337496 0.493200 0.019608 0.011285
0 0.337496 0.508420 0.019608 0.011285
0 0.331154 0.516880 0.019608 0.011285
0 0.326717 0.525760 0.019608 0.011285
0 0.329250 0.540980 0.019608 0.011285
0 0.327991 0.554510 0.019608 0.011285
0 0.326087 0.562970 0.019608 0.011285
0 0.324813 0.573540 0.019608 0.011285
0 0.319115 0.586650 0.019608 0.011285
0 0.319115 0.597220 0.019608 0.011285
0 0.314678 0.603980 0.019608 0.011285
0 0.317211 0.618360 0.019608 0.011285
0 0.315307 0.628930 0.019608 0.011285
0 0.312129 0.639080 0.019608 0.011285
0 0.308336 0.649230 0.019608 0.011285
0 0.307691 0.661070 0.019608 0.011285
0 0.306432 0.669950 0.019608 0.011285
0 0.302624 0.681790 0.019608 0.011285
0 0.300090 0.691940 0.019608 0.011285
0 0.300720 0.703780 0.019608 0.011285
0 0.296282 0.714770 0.019608 0.011285
0 0.294378 0.724490 0.019608 0.011285
0 0.295652 0.734220 0.019608 0.011285
0 0.294378 0.747330 0.019608 0.011285
0 0.291844 0.757900 0.019608 0.011285
0 0.292489 0.768890 0.019608 0.011285
0 0.288051 0.779470 0.019608 0.011285
0 0.286147 0.789610 0.019608 0.011285
0 0.284243 0.799340 0.019608 0.011285
0 0.284243 0.812450 0.019608 0.011285
0 0.280435 0.823440 0.019608 0.011285
0 0.280435 0.834860 0.019608 0.011285
0 0.276627 0.848810 0.019608 0.011285
0 0.274738 0.855160 0.019608 0.011285
0 0.274093 0.869110 0.019608 0.011285
0 0.270930 0.875030 0.019608 0.011285
0 0.263313 0.891100 0.019608 0.011285
0 0.259520 0.900400 0.019608 0.011285
0 0.252549 0.908440 0.019608 0.011285
0 0.244303 0.918160 0.019608 0.011285
0 0.239235 0.926190 0.019608 0.011285
0 0.228456 0.937190 0.019608 0.011285
0 0.216402 0.941840 0.019608 0.011285
0 0.200555 0.949030 0.019608 0.011285
0 0.188516 0.948180 0.019608 0.011285
0 0.176462 0.944800 0.019608 0.011285
0 0.158711 0.941840 0.019608 0.011285
0 0.147301 0.934650 0.019608 0.011285
0 0.137796 0.924930 0.019608 0.011285
0 0.128921 0.916890 0.019608 0.011285
0 0.126387 0.906740 0.019608 0.011285
0 0.118141 0.898290 0.019608 0.011285
0 0.113703 0.888140 0.019608 0.011285
0 0.110540 0.877570 0.019608 0.011285
0 0.107361 0.867000 0.019608 0.011285
0 0.103568 0.856850 0.019608 0.011285
0 0.097856 0.846280 0.019608 0.011285
0 0.094048 0.834440 0.019608 0.011285
0 0.092144 0.825130 0.019608 0.011285
0 0.092789 0.814140 0.019608 0.011285
0 0.091514 0.803570 0.019608 0.011285
0 0.092144 0.793420 0.019608 0.011285
0 0.093418 0.783690 0.019608 0.011285
0 0.094693 0.772700 0.019608 0.011285
0 0.093418 0.761710 0.019608 0.011285
0 0.094693 0.750290 0.019608 0.011285
0 0.095322 0.738870 0.019608 0.011285
0 0.098486 0.729990 0.019608 0.011285
0 0.101664 0.717310 0.019608 0.011285
0 0.105457 0.708850 0.019608 0.011285
0 0.104198 0.695740 0.019608 0.011285
0 0.109265 0.686860 0.019608 0.011285
0 0.109265 0.675870 0.019608 0.011285
0 0.109265 0.665300 0.019608 0.011285
0 0.107361 0.653030 0.019608 0.011285
0 0.111169 0.643730 0.019608 0.011285
0 0.113073 0.633580 0.019608 0.011285
0 0.114978 0.625970 0.019608 0.011285
0 0.116882 0.611590 0.019608 0.011285
0 0.116237 0.600600 0.019608 0.011285
0 0.115607 0.589610 0.019608 0.011285
0 0.118771 0.579460 0.019608 0.011285
0 0.119415 0.565930 0.019608 0.011285
0 0.121949 0.557890 0.019608 0.011285
0 0.121949 0.547320 0.019608 0.011285
0 0.127016 0.538020 0.019608 0.011285
0 0.129550 0.527020 0.019608 0.011285
0 0.129550 0.516880 0.019608 0.011285
0 0.124483 0.504190 0.019608 0.011285
0 0.130195 0.494890 0.019608 0.011285
0 0.130195 0.481780 0.019608 0.011285
0 0.130195 0.473320 0.019608 0.011285
0 0.130825 0.462750 0.019608 0.011285