0 0.222647 0.624074 0.087466 0.092882
0 0.253294 0.705630 0.087466 0.092882
0 0.297853 0.768778 0.087466 0.092882
0 0.338235 0.831889 0.087466 0.092882
0 0.198265 0.548667 0.087466 0.092882
0 0.242147 0.463630 0.087466 0.092882
0 0.298559 0.535519 0.087466 0.092882
0 0.361206 0.596037 0.087466 0.092882
0 0.453118 0.668815 0.087466 0.092882
0 0.547824 0.698630 0.087466 0.092882
0 0.641118 0.707370 0.087466 0.092882
0 0.526941 0.586370 0.087466 0.092882
0 0.429441 0.577630 0.087466 0.092882
0 0.358441 0.509222 0.087466 0.092882
0 0.416912 0.911704 0.087466 0.092882
0 0.519971 0.938000 0.087466 0.092882
0 0.627206 0.941481 0.087466 0.092882
0 0.702412 0.914333 0.087466 0.092882
0 0.766471 0.840667 0.087466 0.092882
0 0.818676 0.763519 0.087466 0.092882
0 0.843735 0.687222 0.087466 0.092882
0 0.861853 0.606556 0.087466 0.092882
0 0.714235 0.656519 0.087466 0.092882
0 0.768559 0.601296 0.087466 0.092882
0 0.778294 0.525889 0.087466 0.092882
0 0.748353 0.464519 0.087466 0.092882
0 0.701706 0.409259 0.087466 0.092882
0 0.660618 0.482926 0.087466 0.092882
0 0.619529 0.562704 0.087466 0.092882
0 0.664118 0.397852 0.087466 0.092882
0 0.610500 0.385593 0.087466 0.092882
0 0.523441 0.375074 0.087466 0.092882
0 0.433618 0.367185 0.087466 0.092882
0 0.361912 0.397852 0.087466 0.092882
0 0.306912 0.432074 0.087466 0.092882
0 0.228206 0.389963 0.087466 0.092882
0 0.290882 0.355778 0.087466 0.092882
0 0.336853 0.336481 0.087466 0.092882
0 0.396029 0.303185 0.087466 0.092882
0 0.477500 0.283889 0.087466 0.092882
0 0.863941 0.532889 0.087466 0.092882
0 0.840971 0.468000 0.087466 0.092882
0 0.799882 0.396111 0.087466 0.092882
0 0.738618 0.347889 0.087466 0.092882
0 0.659235 0.321593 0.087466 0.092882
0 0.692647 0.292667 0.087466 0.092882
0 0.627882 0.243556 0.087466 0.092882
0 0.615353 0.285630 0.087466 0.092882
0 0.558971 0.263704 0.087466 0.092882
0 0.545029 0.210222 0.087466 0.092882
0 0.464265 0.175148 0.087466 0.092882
0 0.386971 0.180407 0.087466 0.092882
0 0.325706 0.204074 0.087466 0.092882
0 0.301324 0.263704 0.087466 0.092882
0 0.321529 0.140963 0.087466 0.092882