0 0.718977 0.251467 0.060458 0.048611
0 0.728543 0.292372 0.060458 0.048611
0 0.782101 0.315102 0.060458 0.048611
0 0.824179 0.362073 0.060458 0.048611
0 0.852874 0.307526 0.060458 0.048611
0 0.860523 0.269643 0.060458 0.048611
0 0.856699 0.237825 0.060458 0.048611
0 0.845225 0.195402 0.060458 0.048611
0 0.852874 0.163584 0.060458 0.048611
0 0.852874 0.131767 0.060458 0.048611
0 0.828011 0.098431 0.060458 0.048611
0 0.785926 0.075708 0.060458 0.048611
0 0.761055 0.087825 0.060458 0.048611
0 0.776361 0.116614 0.060458 0.048611
0 0.762971 0.149949 0.060458 0.048611
0 0.730451 0.175708 0.060458 0.048611
0 0.722802 0.212073 0.060458 0.048611
0 0.743841 0.063584 0.060458 0.048611
0 0.703671 0.087825 0.060458 0.048611
0 0.697931 0.062073 0.060458 0.048611
0 0.657762 0.071161 0.060458 0.048611
0 0.615684 0.099949 0.060458 0.048611
0 0.667327 0.104496 0.060458 0.048611
0 0.661586 0.136314 0.060458 0.048611
0 0.604203 0.133284 0.060458 0.048611
0 0.596554 0.157526 0.060458 0.048611
0 0.663502 0.175708 0.060458 0.048611
0 0.650113 0.209037 0.060458 0.048611
0 0.604203 0.207526 0.060458 0.048611
0 0.598462 0.236314 0.060458 0.048611
0 0.665419 0.251467 0.060458 0.048611
0 0.671151 0.290861 0.060458 0.048611
0 0.600378 0.284796 0.060458 0.048611
0 0.609944 0.331767 0.060458 0.048611
0 0.671151 0.331767 0.060458 0.048611
0 0.684541 0.380255 0.060458 0.048611
0 0.722802 0.422679 0.060458 0.048611
0 0.736192 0.472679 0.060458 0.048611
0 0.734275 0.531767 0.060458 0.048611
0 0.715153 0.589343 0.060458 0.048611
0 0.642464 0.524190 0.060458 0.048611
0 0.646288 0.477219 0.060458 0.048611
0 0.629074 0.428737 0.060458 0.048611
0 0.621417 0.375708 0.060458 0.048611
0 0.650113 0.574190 0.060458 0.048611
0 0.678808 0.634796 0.060458 0.048611
0 0.627158 0.674190 0.060458 0.048611
0 0.600378 0.625708 0.060458 0.048611
0 0.544903 0.646920 0.060458 0.048611
0 0.464565 0.633284 0.060458 0.048611
0 0.439702 0.583284 0.060458 0.048611
0 0.378486 0.599949 0.060458 0.048611
0 0.376578 0.543890 0.060458 0.048611
0 0.443527 0.513584 0.060458 0.048611
0 0.411006 0.666614 0.060458 0.048611
0 0.466481 0.696920 0.060458 0.048611
0 0.548728 0.706008 0.060458 0.048611
0 0.382311 0.490861 0.060458 0.048611
0 0.403357 0.440861 0.060458 0.048611
0 0.464565 0.456008 0.060458 0.048611
0 0.479871 0.416614 0.060458 0.048611
0 0.416747 0.387825 0.060458 0.048611
0 0.433961 0.352978 0.060458 0.048611
0 0.504734 0.368131 0.060458 0.048611
0 0.521948 0.327219 0.060458 0.048611
0 0.462657 0.316614 0.060458 0.048611
0 0.479871 0.260555 0.060458 0.048611
0 0.535338 0.287825 0.060458 0.048611
0 0.535338 0.243890 0.060458 0.048611
0 0.485604 0.224190 0.060458 0.048611
0 0.535338 0.207526 0.060458 0.048611
0 0.535338 0.159037 0.060458 0.048611
0 0.477955 0.180255 0.060458 0.048611
0 0.497085 0.146920 0.060458 0.048611
0 0.537254 0.130255 0.060458 0.048611
0 0.542995 0.093890 0.060458 0.048611
0 0.502826 0.106008 0.060458 0.048611
0 0.510475 0.072679 0.060458 0.048611
0 0.466481 0.089343 0.060458 0.048611
0 0.470306 0.045402 0.060458 0.048611
0 0.412923 0.043890 0.060458 0.048611
0 0.418655 0.074190 0.060458 0.048611
0 0.368921 0.056008 0.060458 0.048611
0 0.368921 0.087825 0.060458 0.048611
0 0.328752 0.074190 0.060458 0.048611
0 0.300064 0.101467 0.060458 0.048611
0 0.340233 0.118131 0.060458 0.048611
0 0.279018 0.143890 0.060458 0.048611
0 0.330668 0.152978 0.060458 0.048611
0 0.267544 0.172679 0.060458 0.048611
0 0.328752 0.195402 0.060458 0.048611
0 0.263720 0.218131 0.060458 0.048611
0 0.313454 0.231767 0.060458 0.048611
0 0.254155 0.259037 0.060458 0.048611
0 0.317279 0.275708 0.060458 0.048611
0 0.319187 0.313584 0.060458 0.048611
0 0.254155 0.295402 0.060458 0.048611
0 0.227375 0.331767 0.060458 0.048611
0 0.307713 0.359037 0.060458 0.048611
0 0.208245 0.383284 0.060458 0.048611
0 0.292407 0.404496 0.060458 0.048611
0 0.175725 0.425708 0.060458 0.048611
0 0.300064 0.448431 0.060458 0.048611
0 0.160427 0.475708 0.060458 0.048611
0 0.321103 0.502978 0.060458 0.048611
0 0.150862 0.534796 0.060458 0.048611
0 0.309630 0.560555 0.060458 0.048611
0 0.137472 0.587825 0.060458 0.048611
0 0.133647 0.648431 0.060458 0.048611
0 0.192939 0.683284 0.060458 0.048611
0 0.263720 0.678737 0.060458 0.048611
0 0.305797 0.624190 0.060458 0.048611