0 0.029163 0.980289 0.073949 0.198785
0 0.061825 0.864104 0.073949 0.198785
0 0.010738 0.726618 0.073949 0.198785
0 0.111238 0.689827 0.073949 0.198785
0 0.143912 0.926069 0.073949 0.198785
0 0.229337 0.978353 0.073949 0.198785
0 0.224312 0.819566 0.073949 0.198785
0 0.366688 0.939624 0.073949 0.198785
0 0.288800 0.666590 0.073949 0.198785
0 0.363338 0.742110 0.073949 0.198785
0 0.366688 0.600751 0.073949 0.198785
0 0.204213 0.625925 0.073949 0.198785
0 0.212588 0.463237 0.073949 0.198785
0 0.298850 0.407081 0.073949 0.198785
0 0.359988 0.482601 0.073949 0.198785
0 0.368363 0.312197 0.073949 0.198785
0 0.277913 0.304451 0.073949 0.198785
0 0.023300 0.201821 0.073949 0.198785
0 0.014925 0.058526 0.073949 0.198785
0 0.069363 0.072081 0.073949 0.198785
0 0.120463 0.048844 0.073949 0.198785
0 0.195838 0.025607 0.073949 0.198785
0 0.245250 0.041098 0.073949 0.198785
0 0.260325 0.188266 0.073949 0.198785
0 0.305550 0.128237 0.073949 0.198785
0 0.338213 0.025607 0.073949 0.198785
0 0.372550 0.106936 0.073949 0.198785
0 0.411075 0.201821 0.073949 0.198785
0 0.463000 0.048844 0.073949 0.198785