0 0.307050 0.563933 0.033854 0.054688
0 0.260450 0.547267 0.033854 0.054688
0 0.218410 0.542733 0.033854 0.054688
0 0.205910 0.594240 0.033854 0.054688
0 0.242270 0.600307 0.033854 0.054688
0 0.280910 0.597267 0.033854 0.054688
0 0.428640 0.550307 0.033854 0.054688
0 0.392270 0.520000 0.033854 0.054688
0 0.368410 0.506360 0.033854 0.054688
0 0.343410 0.480600 0.033854 0.054688
0 0.332050 0.456360 0.033854 0.054688
0 0.328640 0.429093 0.033854 0.054688
0 0.333180 0.400307 0.033854 0.054688
0 0.342270 0.374547 0.033854 0.054688
0 0.352500 0.353333 0.033854 0.054688
0 0.367270 0.333640 0.033854 0.054688
0 0.385450 0.321520 0.033854 0.054688
0 0.405910 0.304853 0.033854 0.054688
0 0.433180 0.292733 0.033854 0.054688
0 0.459320 0.277573 0.033854 0.054688
0 0.487730 0.265453 0.033854 0.054688
0 0.519550 0.251813 0.033854 0.054688
0 0.550230 0.242733 0.033854 0.054688
0 0.585450 0.236667 0.033854 0.054688
0 0.613860 0.232120 0.033854 0.054688
0 0.650230 0.229093 0.033854 0.054688
0 0.679770 0.230600 0.033854 0.054688
0 0.711590 0.244240 0.033854 0.054688
0 0.740000 0.260907 0.033854 0.054688
0 0.768410 0.285147 0.033854 0.054688
0 0.792270 0.310907 0.033854 0.054688
0 0.817270 0.327573 0.033854 0.054688
0 0.836590 0.360907 0.033854 0.054688
0 0.855910 0.388187 0.033854 0.054688
0 0.871820 0.409400 0.033854 0.054688
0 0.886590 0.427573 0.033854 0.054688
0 0.897950 0.454853 0.033854 0.054688
0 0.900230 0.476067 0.033854 0.054688
0 0.905910 0.506360 0.033854 0.054688
0 0.901360 0.523027 0.033854 0.054688
0 0.894550 0.557880 0.033854 0.054688
0 0.884320 0.583640 0.033854 0.054688
0 0.870680 0.613933 0.033854 0.054688
0 0.849090 0.633640 0.033854 0.054688
0 0.818410 0.650307 0.033854 0.054688
0 0.795680 0.670000 0.033854 0.054688
0 0.760450 0.682120 0.033854 0.054688
0 0.720680 0.689693 0.033854 0.054688
0 0.679770 0.689693 0.033854 0.054688
0 0.649090 0.697267 0.033854 0.054688
0 0.609320 0.706360 0.033854 0.054688
0 0.568410 0.707880 0.033854 0.054688
0 0.521820 0.706360 0.033854 0.054688
0 0.477500 0.706360 0.033854 0.054688
0 0.441140 0.707880 0.033854 0.054688
0 0.401360 0.703333 0.033854 0.054688
0 0.355910 0.692733 0.033854 0.054688
0 0.310450 0.686667 0.033854 0.054688
0 0.277500 0.682120 0.033854 0.054688
0 0.240000 0.671520 0.033854 0.054688
0 0.207050 0.657880 0.033854 0.054688
0 0.174090 0.632120 0.033854 0.054688
0 0.147950 0.618480 0.033854 0.054688
0 0.122950 0.592733 0.033854 0.054688
0 0.093410 0.571520 0.033854 0.054688
0 0.079770 0.545760 0.033854 0.054688
0 0.066140 0.515453 0.033854 0.054688
0 0.059320 0.479093 0.033854 0.054688
0 0.059320 0.456360 0.033854 0.054688
0 0.077500 0.435147 0.033854 0.054688
0 0.090000 0.412427 0.033854 0.054688
0 0.104770 0.391213 0.033854 0.054688
0 0.121820 0.366973 0.033854 0.054688
0 0.144550 0.351813 0.033854 0.054688
0 0.162730 0.332120 0.033854 0.054688
0 0.186590 0.316973 0.033854 0.054688
0 0.211590 0.303333 0.033854 0.054688
0 0.232050 0.285147 0.033854 0.054688
0 0.262730 0.270000 0.033854 0.054688
0 0.288860 0.262427 0.033854 0.054688
0 0.316140 0.248787 0.033854 0.054688
0 0.342270 0.242733 0.033854 0.054688
0 0.378640 0.230600 0.033854 0.054688
0 0.405910 0.224547 0.033854 0.054688
0 0.443410 0.218480 0.033854 0.054688
0 0.468410 0.218480 0.033854 0.054688
0 0.508180 0.223027 0.033854 0.054688
0 0.532050 0.215453 0.033854 0.054688
0 0.459320 0.565453 0.033854 0.054688
0 0.499090 0.585147 0.033854 0.054688
0 0.532050 0.594240 0.033854 0.054688
0 0.583180 0.598787 0.033854 0.054688
0 0.610450 0.594240 0.033854 0.054688
0 0.653640 0.592733 0.033854 0.054688
0 0.696820 0.595760 0.033854 0.054688
0 0.727500 0.580600 0.033854 0.054688
0 0.761590 0.573027 0.033854 0.054688
0 0.794550 0.559400 0.033854 0.054688
0 0.815000 0.548787 0.033854 0.054688
0 0.837730 0.516973 0.033854 0.054688
0 0.841140 0.489693 0.033854 0.054688
0 0.843410 0.460907 0.033854 0.054688
0 0.832050 0.435147 0.033854 0.054688
0 0.821820 0.412427 0.033854 0.054688
0 0.812730 0.392733 0.033854 0.054688
0 0.793410 0.368480 0.033854 0.054688
0 0.774090 0.353333 0.033854 0.054688
0 0.757050 0.333640 0.033854 0.054688
0 0.733180 0.313933 0.033854 0.054688
0 0.716140 0.297267 0.033854 0.054688
0 0.684320 0.277573 0.033854 0.054688
0 0.666140 0.270000 0.033854 0.054688
0 0.635450 0.259400 0.033854 0.054688