0 0.306725 0.052207 0.033497 0.022569
0 0.296674 0.061367 0.033497 0.022569
0 0.292974 0.067710 0.033497 0.022569
0 0.287158 0.077930 0.033497 0.022569
0 0.285048 0.084976 0.033497 0.022569
0 0.282403 0.093433 0.033497 0.022569
0 0.278176 0.104355 0.033497 0.022569
0 0.277641 0.115635 0.033497 0.022569
0 0.279231 0.125146 0.033497 0.022569
0 0.276586 0.135718 0.033497 0.022569
0 0.275531 0.145586 0.033497 0.022569
0 0.276059 0.153691 0.033497 0.022569
0 0.274366 0.161548 0.033497 0.022569
0 0.273524 0.171235 0.033497 0.022569
0 0.271722 0.180928 0.033497 0.022569
0 0.272623 0.189736 0.033497 0.022569
0 0.272198 0.200591 0.033497 0.022569
0 0.272886 0.217573 0.033497 0.022569
0 0.275531 0.231670 0.033497 0.022569
0 0.278703 0.249644 0.033497 0.022569
0 0.281875 0.266909 0.033497 0.022569
0 0.283458 0.283823 0.033497 0.022569
0 0.287692 0.301089 0.033497 0.022569
0 0.290864 0.320469 0.033497 0.022569
0 0.297209 0.336328 0.033497 0.022569
0 0.302227 0.354824 0.033497 0.022569
0 0.307941 0.372163 0.033497 0.022569
0 0.313011 0.392036 0.033497 0.022569
0 0.316821 0.411064 0.033497 0.022569
0 0.321260 0.429668 0.033497 0.022569
0 0.326974 0.449546 0.033497 0.022569
0 0.333949 0.469839 0.033497 0.022569
0 0.487326 0.776406 0.033497 0.022569
0 0.470828 0.756113 0.033497 0.022569
0 0.456234 0.737930 0.033497 0.022569
0 0.442916 0.716787 0.033497 0.022569
0 0.430857 0.696914 0.033497 0.022569
0 0.419443 0.678306 0.033497 0.022569
0 0.508418 0.757734 0.033497 0.022569
0 0.522110 0.739443 0.033497 0.022569
0 0.538081 0.722705 0.033497 0.022569
0 0.548755 0.701914 0.033497 0.022569
0 0.557905 0.681621 0.033497 0.022569
0 0.410505 0.657236 0.033497 0.022569
0 0.571758 0.661641 0.033497 0.022569
0 0.398982 0.638169 0.033497 0.022569
0 0.388930 0.618086 0.033497 0.022569
0 0.378886 0.594937 0.033497 0.022569
0 0.583546 0.640005 0.033497 0.022569
0 0.591744 0.618086 0.033497 0.022569
0 0.600886 0.598599 0.033497 0.022569
0 0.370696 0.573828 0.033497 0.022569
0 0.364300 0.554341 0.033497 0.022569
0 0.357004 0.534219 0.033497 0.022569
0 0.347853 0.513535 0.033497 0.022569
0 0.340557 0.492217 0.033497 0.022569
0 0.608234 0.578691 0.033497 0.022569
0 0.617385 0.557373 0.033497 0.022569
0 0.625575 0.536650 0.033497 0.022569
0 0.633824 0.514731 0.033497 0.022569
0 0.641121 0.493452 0.033497 0.022569
0 0.648418 0.473965 0.033497 0.022569
0 0.656667 0.455078 0.033497 0.022569
0 0.663963 0.434355 0.033497 0.022569
0 0.671253 0.414868 0.033497 0.022569
0 0.677656 0.395386 0.033497 0.022569
0 0.684952 0.376533 0.033497 0.022569
0 0.690447 0.360078 0.033497 0.022569
0 0.698168 0.340518 0.033497 0.022569
0 0.704777 0.323462 0.033497 0.022569
0 0.711385 0.305562 0.033497 0.022569
0 0.716674 0.290024 0.033497 0.022569
0 0.721531 0.274448 0.033497 0.022569
0 0.726821 0.257109 0.033497 0.022569
0 0.732850 0.239033 0.033497 0.022569
0 0.735648 0.225010 0.033497 0.022569
0 0.738821 0.208555 0.033497 0.022569
0 0.741780 0.195552 0.033497 0.022569
0 0.742418 0.184062 0.033497 0.022569
0 0.741839 0.171943 0.033497 0.022569
0 0.744586 0.161123 0.033497 0.022569
0 0.744901 0.150098 0.033497 0.022569
0 0.746440 0.137056 0.033497 0.022569
0 0.747333 0.126450 0.033497 0.022569
0 0.749817 0.115635 0.033497 0.022569
0 0.722007 0.051572 0.033497 0.022569
0 0.731421 0.057881 0.033497 0.022569
0 0.737817 0.066021 0.033497 0.022569
0 0.741099 0.077402 0.033497 0.022569
0 0.745692 0.085752 0.033497 0.022569
0 0.748234 0.097979 0.033497 0.022569
0 0.749289 0.106118 0.033497 0.022569