0 0.313613 0.166309 0.034722 0.039931
0 0.290469 0.186299 0.034722 0.039931
0 0.271533 0.207344 0.034722 0.039931
0 0.255752 0.229443 0.034722 0.039931
0 0.244170 0.255752 0.034722 0.039931
0 0.232598 0.285205 0.034722 0.039931
0 0.232598 0.308359 0.034722 0.039931
0 0.231543 0.339922 0.034722 0.039931
0 0.238916 0.368330 0.034722 0.039931
0 0.254697 0.397793 0.034722 0.039931
0 0.267324 0.419893 0.034722 0.039931
0 0.288369 0.447246 0.034722 0.039931
0 0.315723 0.466182 0.034722 0.039931
0 0.339922 0.484072 0.034722 0.039931
0 0.371484 0.496699 0.034722 0.039931
0 0.408311 0.505117 0.034722 0.039931
0 0.444092 0.506172 0.034722 0.039931
0 0.476709 0.500908 0.034722 0.039931
0 0.508271 0.498799 0.034722 0.039931
0 0.548252 0.489336 0.034722 0.039931
0 0.573506 0.479863 0.034722 0.039931
0 0.602969 0.461973 0.034722 0.039931
0 0.633486 0.438828 0.034722 0.039931
0 0.653477 0.420938 0.034722 0.039931
0 0.677676 0.399893 0.034722 0.039931
0 0.685039 0.369385 0.034722 0.039931
0 0.695566 0.342031 0.034722 0.039931
0 0.705029 0.313613 0.034722 0.039931
0 0.710293 0.286260 0.034722 0.039931
0 0.708193 0.256797 0.034722 0.039931
0 0.703984 0.228389 0.034722 0.039931
0 0.700820 0.201035 0.034722 0.039931
0 0.690303 0.173682 0.034722 0.039931
0 0.676621 0.146318 0.034722 0.039931
0 0.659785 0.126328 0.034722 0.039931
0 0.641904 0.109492 0.034722 0.039931
0 0.615596 0.090557 0.034722 0.039931
0 0.593496 0.076875 0.034722 0.039931
0 0.588242 0.053730 0.034722 0.039931
0 0.551416 0.058984 0.034722 0.039931
0 0.521953 0.066357 0.034722 0.039931
0 0.492490 0.074775 0.034722 0.039931
0 0.464082 0.085293 0.034722 0.039931
0 0.438828 0.100020 0.034722 0.039931
0 0.414629 0.112646 0.034722 0.039931
0 0.387275 0.123174 0.034722 0.039931
0 0.366230 0.135801 0.034722 0.039931
0 0.338867 0.148428 0.034722 0.039931
0 0.511426 0.040049 0.034722 0.039931
0 0.485127 0.034785 0.034722 0.039931
0 0.454609 0.034785 0.034722 0.039931
0 0.425146 0.035840 0.034722 0.039931
0 0.395693 0.043203 0.034722 0.039931
0 0.371484 0.050566 0.034722 0.039931
0 0.345186 0.063193 0.034722 0.039931
0 0.316777 0.077930 0.034722 0.039931
0 0.294678 0.094766 0.034722 0.039931
0 0.273633 0.112646 0.034722 0.039931
0 0.232598 0.156846 0.034722 0.039931
0 0.218926 0.184199 0.034722 0.039931
0 0.205244 0.205244 0.034722 0.039931
0 0.197881 0.225234 0.034722 0.039931
0 0.193672 0.255752 0.034722 0.039931
0 0.190508 0.287314 0.034722 0.039931
0 0.193672 0.314668 0.034722 0.039931
0 0.196826 0.342031 0.034722 0.039931
0 0.206299 0.370439 0.034722 0.039931
0 0.218926 0.402002 0.034722 0.039931
0 0.226289 0.424102 0.034722 0.039931
0 0.248379 0.451455 0.034722 0.039931
0 0.264170 0.476709 0.034722 0.039931
0 0.456719 0.601914 0.034722 0.039931
0 0.427256 0.589287 0.034722 0.039931
0 0.392529 0.575615 0.034722 0.039931
0 0.362021 0.564043 0.034722 0.039931
0 0.332559 0.541943 0.034722 0.039931
0 0.313613 0.523008 0.034722 0.039931
0 0.556670 0.596660 0.034722 0.039931
0 0.590342 0.595605 0.034722 0.039931
0 0.622959 0.586133 0.034722 0.039931
0 0.658740 0.572461 0.034722 0.039931
0 0.686094 0.558779 0.034722 0.039931
0 0.707139 0.540889 0.034722 0.039931
0 0.757637 0.497754 0.034722 0.039931
0 0.770264 0.471445 0.034722 0.039931
0 0.790264 0.444092 0.034722 0.039931
0 0.796572 0.412520 0.034722 0.039931
0 0.806045 0.386221 0.034722 0.039931
0 0.816562 0.356758 0.034722 0.039931
0 0.820771 0.330449 0.034722 0.039931
0 0.820771 0.300996 0.034722 0.039931
0 0.819717 0.272578 0.034722 0.039931
0 0.810254 0.238916 0.034722 0.039931
0 0.804990 0.216816 0.034722 0.039931
0 0.795518 0.190508 0.034722 0.039931
0 0.781846 0.163154 0.034722 0.039931
0 0.743965 0.115811 0.034722 0.039931
0 0.729229 0.092656 0.034722 0.039931
0 0.699775 0.083193 0.034722 0.039931
0 0.673467 0.066357 0.034722 0.039931
0 0.642949 0.057939 0.034722 0.039931
0 0.612441 0.052676 0.034722 0.039931
0 0.542998 0.041104 0.034722 0.039931