0 0.246750 0.123600 0.041762 0.054688
0 0.288950 0.112629 0.041762 0.054688
0 0.326025 0.113371 0.041762 0.054688
0 0.315150 0.190800 0.041762 0.054688
0 0.268500 0.197400 0.041762 0.054688
0 0.232675 0.195200 0.041762 0.054688
0 0.193050 0.188629 0.041762 0.054688
0 0.363100 0.113371 0.041762 0.054688
0 0.398275 0.126514 0.041762 0.054688
0 0.431525 0.141857 0.041762 0.054688
0 0.466675 0.159400 0.041762 0.054688
0 0.428975 0.195914 0.041762 0.054688
0 0.393150 0.190800 0.041762 0.054688
0 0.354800 0.190800 0.041762 0.054688
0 0.464775 0.198857 0.041762 0.054688
0 0.494825 0.176914 0.041762 0.054688
0 0.501850 0.212743 0.041762 0.054688
0 0.526150 0.203229 0.041762 0.054688
0 0.558125 0.219314 0.041762 0.054688
0 0.585600 0.243429 0.041762 0.054688
0 0.620775 0.265343 0.041762 0.054688
0 0.615025 0.225886 0.041762 0.054688
0 0.643150 0.241971 0.041762 0.054688
0 0.647625 0.288714 0.041762 0.054688
0 0.674475 0.256571 0.041762 0.054688
0 0.678950 0.310657 0.041762 0.054688
0 0.181525 0.217114 0.041762 0.054688
0 0.217975 0.224429 0.041762 0.054688
0 0.207100 0.251457 0.041762 0.054688
0 0.171300 0.241971 0.041762 0.054688
0 0.158525 0.268257 0.041762 0.054688
0 0.194325 0.281429 0.041762 0.054688
0 0.186000 0.309914 0.041762 0.054688
0 0.150200 0.291657 0.041762 0.054688
0 0.139350 0.319400 0.041762 0.054688
0 0.176425 0.339143 0.041762 0.054688
0 0.173875 0.372743 0.041762 0.054688
0 0.132300 0.346457 0.041762 0.054688
0 0.125925 0.372743 0.041762 0.054688
0 0.161725 0.401257 0.041762 0.054688
0 0.118425 0.402857 0.041762 0.054688
0 0.113825 0.437571 0.041762 0.054688
0 0.170925 0.428057 0.041762 0.054688
0 0.172775 0.462857 0.041762 0.054688
0 0.702150 0.274486 0.041762 0.054688
0 0.725175 0.293400 0.041762 0.054688
0 0.699400 0.336571 0.041762 0.054688
0 0.750050 0.313429 0.041762 0.054688
0 0.729775 0.361800 0.041762 0.054688
0 0.773075 0.333371 0.041762 0.054688
0 0.782275 0.368143 0.041762 0.054688
0 0.753700 0.394457 0.041762 0.054688
0 0.111075 0.469143 0.041762 0.054688
0 0.796975 0.397600 0.041762 0.054688
0 0.775825 0.427029 0.041762 0.054688
0 0.108350 0.505971 0.041762 0.054688
0 0.175550 0.498629 0.041762 0.054688
0 0.184775 0.529143 0.041762 0.054688
0 0.113875 0.538600 0.041762 0.054688
0 0.121250 0.575429 0.041762 0.054688
0 0.139650 0.610143 0.041762 0.054688
0 0.194900 0.562800 0.041762 0.054688
0 0.213300 0.596457 0.041762 0.054688
0 0.152550 0.648029 0.041762 0.054688
0 0.234475 0.634343 0.041762 0.054688
0 0.177400 0.686971 0.041762 0.054688
0 0.263025 0.664857 0.041762 0.054688
0 0.208700 0.713257 0.041762 0.054688
0 0.242775 0.738514 0.041762 0.054688
0 0.277750 0.759571 0.041762 0.054688
0 0.296175 0.697486 0.041762 0.054688
0 0.333900 0.716429 0.041762 0.054688
0 0.317350 0.777457 0.041762 0.054688
0 0.367975 0.740629 0.041762 0.054688
0 0.363375 0.793229 0.041762 0.054688
0 0.414000 0.755343 0.041762 0.054688
0 0.410325 0.799543 0.041762 0.054688
0 0.463725 0.758514 0.041762 0.054688
0 0.457275 0.800600 0.041762 0.054688
0 0.506075 0.803743 0.041762 0.054688
0 0.509750 0.763771 0.041762 0.054688
0 0.556725 0.763771 0.041762 0.054688
0 0.553025 0.809000 0.041762 0.054688
0 0.608275 0.800600 0.041762 0.054688
0 0.653375 0.784800 0.041762 0.054688
0 0.696650 0.777457 0.041762 0.054688
0 0.739925 0.757457 0.041762 0.054688
0 0.774900 0.724829 0.041762 0.054688
0 0.814500 0.426029 0.041762 0.054688
0 0.827400 0.458629 0.041762 0.054688
0 0.829225 0.490200 0.041762 0.054688
0 0.840275 0.529143 0.041762 0.054688
0 0.854100 0.488086 0.041762 0.054688
0 0.874350 0.520714 0.041762 0.054688
0 0.885400 0.557543 0.041762 0.054688
0 0.843050 0.561743 0.041762 0.054688
0 0.842125 0.600686 0.041762 0.054688
0 0.881700 0.598571 0.041762 0.054688
0 0.888150 0.628029 0.041762 0.054688
0 0.876175 0.670114 0.041762 0.054688
0 0.835675 0.625943 0.041762 0.054688
0 0.819100 0.658543 0.041762 0.054688
0 0.801600 0.691171 0.041762 0.054688
0 0.855925 0.706943 0.041762 0.054688
0 0.826475 0.738514 0.041762 0.054688
0 0.791475 0.760600 0.041762 0.054688