0 0.265910 0.139390 0.090278 0.088542
0 0.376520 0.089390 0.090278 0.088542
0 0.394700 0.243940 0.090278 0.088542
0 0.400760 0.393940 0.090278 0.088542
0 0.440150 0.709090 0.090278 0.088542
0 0.559850 0.480300 0.090278 0.088542
0 0.584090 0.322730 0.090278 0.088542
0 0.679550 0.301520 0.090278 0.088542
0 0.578030 0.203030 0.090278 0.088542
0 0.600760 0.106060 0.090278 0.088542
0 0.632580 0.018180 0.090278 0.088542
0 0.673480 0.156060 0.090278 0.088542
0 0.746210 0.090910 0.090278 0.088542
0 0.850760 0.089390 0.090278 0.088542
0 0.791670 0.181820 0.090278 0.088542
0 0.770450 0.301520 0.090278 0.088542
0 0.790150 0.437880 0.090278 0.088542
0 0.693180 0.443940 0.090278 0.088542
0 0.718940 0.554550 0.090278 0.088542
0 0.808330 0.601520 0.090278 0.088542
0 0.895300 0.751520 0.090278 0.088542
0 0.986210 0.656970 0.090278 0.088542
0 0.898790 0.555150 0.090278 0.088542
0 0.991520 0.358790 0.090278 0.088542
0 0.871520 0.360610 0.090278 0.088542
0 0.878790 0.240610 0.090278 0.088542
0 0.971520 0.247880 0.090278 0.088542
0 0.969700 0.116970 0.090278 0.088542