0 0.727130 0.479021 0.052734 0.074653
0 0.697602 0.433566 0.052734 0.074653
0 0.672608 0.397203 0.052734 0.074653
0 0.640799 0.360839 0.052734 0.074653
0 0.526081 0.304773 0.052734 0.074653
0 0.482923 0.304773 0.052734 0.074653
0 0.445439 0.294178 0.052734 0.074653
0 0.407955 0.283566 0.052734 0.074653
0 0.369332 0.279021 0.052734 0.074653
0 0.336396 0.271451 0.052734 0.074653
0 0.237575 0.322955 0.052734 0.074653
0 0.219397 0.363864 0.052734 0.074653
0 0.213722 0.413864 0.052734 0.074653
0 0.231887 0.451748 0.052734 0.074653
0 0.258021 0.492657 0.052734 0.074653
0 0.305727 0.513864 0.052734 0.074653
0 0.407955 0.536591 0.052734 0.074653
0 0.437484 0.569930 0.052734 0.074653
0 0.456789 0.619930 0.052734 0.074653
0 0.459069 0.688112 0.052734 0.074653
0 0.424993 0.745682 0.052734 0.074653
0 0.368191 0.775997 0.052734 0.074653
0 0.239843 0.739633 0.052734 0.074653
0 0.213722 0.694178 0.052734 0.074653
0 0.186461 0.648724 0.052734 0.074653
0 0.170550 0.601748 0.052734 0.074653
0 0.161468 0.548724 0.052734 0.074653
0 0.154653 0.500227 0.052734 0.074653
0 0.146697 0.397203 0.052734 0.074653
0 0.158060 0.354773 0.052734 0.074653
0 0.175098 0.312360 0.052734 0.074653
0 0.196684 0.277500 0.052734 0.074653
0 0.219397 0.238112 0.052734 0.074653
0 0.254613 0.209318 0.052734 0.074653
0 0.343211 0.179021 0.052734 0.074653
0 0.378414 0.171451 0.052734 0.074653
0 0.421586 0.172955 0.052734 0.074653
0 0.456789 0.185087 0.052734 0.074653
0 0.488598 0.201748 0.052734 0.074653
0 0.519266 0.221451 0.052734 0.074653