0 0.030936 0.298720 0.086601 0.052951
0 0.011457 0.281067 0.086601 0.052951
0 0.007133 0.265233 0.086601 0.052951
0 0.007133 0.243920 0.086601 0.052951
0 0.002796 0.225047 0.086601 0.052951
0 0.012536 0.197647 0.086601 0.052951
0 0.054751 0.183640 0.086601 0.052951
0 0.101280 0.175113 0.086601 0.052951
0 0.149976 0.172067 0.086601 0.052951
0 0.192180 0.167200 0.086601 0.052951
0 0.241967 0.165980 0.086601 0.052951
0 0.270095 0.184247 0.086601 0.052951
0 0.303649 0.198253 0.086601 0.052951
0 0.317713 0.220780 0.086601 0.052951
0 0.327453 0.241487 0.086601 0.052951
0 0.328543 0.279240 0.086601 0.052951
0 0.279834 0.290200 0.086601 0.052951
0 0.215995 0.313333 0.086601 0.052951
0 0.155391 0.327340 0.086601 0.052951
0 0.104526 0.327947 0.086601 0.052951
0 0.062322 0.318813 0.086601 0.052951
0 0.415107 0.279240 0.086601 0.052951
0 0.482204 0.288373 0.086601 0.052951
0 0.467062 0.258533 0.086601 0.052951
0 0.484372 0.243313 0.086601 0.052951
0 0.503851 0.222000 0.086601 0.052951
0 0.515758 0.201300 0.086601 0.052951
0 0.531991 0.172067 0.086601 0.052951
0 0.582844 0.161107 0.086601 0.052951
0 0.630462 0.156240 0.086601 0.052951
0 0.674834 0.147713 0.086601 0.052951
0 0.726777 0.142233 0.086601 0.052951
0 0.780889 0.141627 0.086601 0.052951
0 0.829585 0.142233 0.086601 0.052951
0 0.882607 0.144667 0.086601 0.052951
0 0.931315 0.161720 0.086601 0.052951
0 0.942133 0.190340 0.086601 0.052951
0 0.915083 0.223827 0.086601 0.052951
0 0.895604 0.253053 0.086601 0.052951
0 0.831754 0.270713 0.086601 0.052951
0 0.786303 0.291413 0.086601 0.052951
0 0.730024 0.295067 0.086601 0.052951
0 0.684573 0.292633 0.086601 0.052951
0 0.617476 0.296893 0.086601 0.052951
0 0.538483 0.294460 0.086601 0.052951
0 0.417275 0.363873 0.086601 0.052951
0 0.533069 0.335867 0.086601 0.052951
0 0.496280 0.320640 0.086601 0.052951
0 0.569858 0.357180 0.086601 0.052951
0 0.620723 0.379100 0.086601 0.052951
0 0.664017 0.395540 0.086601 0.052951
0 0.713791 0.419287 0.086601 0.052951
0 0.755995 0.449120 0.086601 0.052951
0 0.799289 0.477133 0.086601 0.052951
0 0.845818 0.504533 0.086601 0.052951
0 0.892358 0.530107 0.086601 0.052951
0 0.933472 0.556287 0.086601 0.052951
0 0.348021 0.421113 0.086601 0.052951
0 0.346931 0.388233 0.086601 0.052951
0 0.343685 0.356567 0.086601 0.052951
0 0.341528 0.321860 0.086601 0.052951
0 0.259277 0.332820 0.086601 0.052951
0 0.230059 0.359613 0.086601 0.052951
0 0.203009 0.391273 0.086601 0.052951
0 0.169455 0.417460 0.086601 0.052951
0 0.157547 0.447907 0.086601 0.052951
0 0.157547 0.479567 0.086601 0.052951
0 0.152145 0.511233 0.086601 0.052951
0 0.171623 0.542893 0.086601 0.052951
0 0.222488 0.569687 0.086601 0.052951
0 0.276588 0.581253 0.086601 0.052951
0 0.356671 0.564813 0.086601 0.052951
0 0.376149 0.537413 0.086601 0.052951
0 0.354514 0.506967 0.086601 0.052951
0 0.361007 0.466173 0.086601 0.052951
0 0.448661 0.405887 0.086601 0.052951
0 0.460569 0.386407 0.086601 0.052951
0 0.449739 0.328560 0.086601 0.052951
0 0.444325 0.430853 0.086601 0.052951
0 0.412950 0.586733 0.086601 0.052951
0 0.418353 0.617180 0.086601 0.052951
0 0.418353 0.656760 0.086601 0.052951
0 0.436754 0.704253 0.086601 0.052951
0 0.460569 0.754187 0.086601 0.052951
0 0.490865 0.782193 0.086601 0.052951
0 0.526576 0.816293 0.086601 0.052951
0 0.554716 0.853433 0.086601 0.052951
0 0.583934 0.883273 0.086601 0.052951
0 0.629384 0.917980 0.086601 0.052951
0 0.684573 0.944160 0.086601 0.052951
0 0.751671 0.953907 0.086601 0.052951
0 0.824171 0.971560 0.086601 0.052951
0 0.901007 0.971560 0.086601 0.052951
0 0.976765 0.952687 0.086601 0.052951
0 0.987583 0.906407 0.086601 0.052951
0 0.981090 0.580033 0.086601 0.052951
0 0.989751 0.622660 0.086601 0.052951
0 0.445415 0.517927 0.086601 0.052951
0 0.448661 0.534980 0.086601 0.052951
0 0.388057 0.302987 0.086601 0.052951