0 0.115842 0.524928 0.085784 0.067708
0 0.171614 0.508506 0.085784 0.067708
0 0.124298 0.459266 0.085784 0.067708
0 0.175000 0.463054 0.085784 0.067708
0 0.146263 0.401193 0.085784 0.067708
0 0.188351 0.407379 0.085784 0.067708
0 0.206263 0.417733 0.085784 0.067708
0 0.216070 0.470000 0.085784 0.067708
0 0.237193 0.441966 0.085784 0.067708
0 0.267281 0.502962 0.085784 0.067708
0 0.255965 0.538820 0.085784 0.067708
0 0.313088 0.463945 0.085784 0.067708
0 0.167895 0.582634 0.085784 0.067708
0 0.216070 0.628336 0.085784 0.067708
0 0.314614 0.588178 0.085784 0.067708
0 0.302439 0.544875 0.085784 0.067708
0 0.353825 0.555229 0.085784 0.067708
0 0.348912 0.510275 0.085784 0.067708
0 0.420579 0.549174 0.085784 0.067708
0 0.421421 0.597274 0.085784 0.067708
0 0.475175 0.548034 0.085784 0.067708
0 0.456404 0.517471 0.085784 0.067708
0 0.428018 0.660157 0.085784 0.067708
0 0.332860 0.663185 0.085784 0.067708
0 0.298211 0.625557 0.085784 0.067708
0 0.377649 0.698663 0.085784 0.067708
0 0.586211 0.606370 0.085784 0.067708
0 0.631684 0.553080 0.085784 0.067708
0 0.620193 0.689069 0.085784 0.067708
0 0.680526 0.651940 0.085784 0.067708
0 0.555965 0.714194 0.085784 0.067708
0 0.732070 0.541717 0.085784 0.067708
0 0.677316 0.486160 0.085784 0.067708
0 0.614772 0.495754 0.085784 0.067708
0 0.597193 0.476697 0.085784 0.067708
0 0.468912 0.480354 0.085784 0.067708
0 0.475842 0.434273 0.085784 0.067708
0 0.509982 0.416841 0.085784 0.067708
0 0.595175 0.430603 0.085784 0.067708
0 0.640123 0.383893 0.085784 0.067708
0 0.641140 0.446763 0.085784 0.067708
0 0.708579 0.426317 0.085784 0.067708
0 0.753544 0.472280 0.085784 0.067708
0 0.772123 0.403591 0.085784 0.067708
0 0.733930 0.281363 0.085784 0.067708
0 0.662947 0.328204 0.085784 0.067708
0 0.595333 0.337929 0.085784 0.067708
0 0.521982 0.343486 0.085784 0.067708
0 0.448632 0.342228 0.085784 0.067708
0 0.466544 0.381245 0.085784 0.067708
0 0.553754 0.366592 0.085784 0.067708
0 0.708579 0.372018 0.085784 0.067708
0 0.764860 0.347143 0.085784 0.067708
0 0.702825 0.320891 0.085784 0.067708
0 0.641825 0.274679 0.085784 0.067708
0 0.532632 0.278336 0.085784 0.067708
0 0.451000 0.271009 0.085784 0.067708
0 0.385930 0.280105 0.085784 0.067708
0 0.331175 0.300183 0.085784 0.067708
0 0.323895 0.328204 0.085784 0.067708
0 0.280632 0.377575 0.085784 0.067708
0 0.292965 0.413434 0.085784 0.067708
0 0.192754 0.346514 0.085784 0.067708
0 0.236684 0.291088 0.085784 0.067708
0 0.288070 0.238060 0.085784 0.067708
0 0.340965 0.209528 0.085784 0.067708
0 0.271000 0.342228 0.085784 0.067708
0 0.581474 0.237431 0.085784 0.067708
0 0.716684 0.217353 0.085784 0.067708
0 0.537368 0.216723 0.085784 0.067708
0 0.484632 0.150682 0.085784 0.067708
0 0.436807 0.204849 0.085784 0.067708
0 0.422105 0.139069 0.085784 0.067708
0 0.382895 0.160904 0.085784 0.067708
0 0.301754 0.186540 0.085784 0.067708
0 0.337930 0.164574 0.085784 0.067708
0 0.498333 0.111284 0.085784 0.067708
0 0.582491 0.088558 0.085784 0.067708
0 0.647053 0.085662 0.085784 0.067708
0 0.706719 0.145636 0.085784 0.067708
0 0.572684 0.302700 0.085784 0.067708
0 0.223333 0.375426 0.085784 0.067708