0 0.604835 0.806532 0.073529 0.135417
0 0.539964 0.795764 0.073529 0.135417
0 0.467887 0.778538 0.073529 0.135417
0 0.452030 0.623492 0.073529 0.135417
0 0.537082 0.638565 0.073529 0.135417
0 0.604835 0.640718 0.073529 0.135417
0 0.617805 0.477060 0.073529 0.135417
0 0.539964 0.479213 0.073529 0.135417
0 0.460677 0.474907 0.073529 0.135417
0 0.466302 0.907851 0.073529 0.135417
0 0.442371 0.300482 0.073529 0.135417
0 0.514158 0.300482 0.073529 0.135417
0 0.609876 0.300482 0.073529 0.135417
0 0.609876 0.108503 0.073529 0.135417
0 0.520212 0.115181 0.073529 0.135417
0 0.442371 0.124117 0.073529 0.135417