0 0.021300 0.075139 0.032421 0.076389
0 0.081625 0.319743 0.032421 0.076389
0 0.096813 0.409700 0.032421 0.076389
0 0.137175 0.403747 0.032421 0.076389
0 0.184913 0.360621 0.032421 0.076389
0 0.220500 0.330150 0.032421 0.076389
0 0.161913 0.263233 0.032421 0.076389
0 0.128925 0.279593 0.032421 0.076389
0 0.218325 0.414904 0.032421 0.076389
0 0.275612 0.381435 0.032421 0.076389
0 0.306000 0.366574 0.032421 0.076389
0 0.207037 0.153940 0.032421 0.076389
0 0.322925 0.202270 0.032421 0.076389
0 0.388887 0.230514 0.032421 0.076389
0 0.354162 0.644625 0.032421 0.076389
0 0.410150 0.614154 0.032421 0.076389
0 0.434888 0.660236 0.032421 0.076389
0 0.419700 0.492227 0.032421 0.076389
0 0.547725 0.428287 0.032421 0.076389
0 0.628888 0.425310 0.032421 0.076389
0 0.677063 0.312291 0.032421 0.076389
0 0.746500 0.513041 0.032421 0.076389
0 0.561187 0.819336 0.032421 0.076389
0 0.598938 0.812655 0.032421 0.076389
0 0.616300 0.631991 0.032421 0.076389
0 0.685737 0.685525 0.032421 0.076389
0 0.715250 0.728630 0.032421 0.076389
0 0.734350 0.638672 0.032421 0.076389
0 0.704838 0.857259 0.032421 0.076389
0 0.781650 0.866916 0.032421 0.076389
0 0.842838 0.762099 0.032421 0.076389
0 0.850225 0.716745 0.032421 0.076389
0 0.973037 0.646124 0.032421 0.076389
0 0.943525 0.898887 0.032421 0.076389
0 0.974775 0.947966 0.032421 0.076389
0 0.943525 0.943490 0.032421 0.076389