0 0.110540 0.166417 0.079668 0.118924
0 0.031138 0.382271 0.079668 0.118924
0 0.174859 0.376917 0.079668 0.118924
0 0.028134 0.020146 0.079668 0.118924
0 0.377876 0.475042 0.079668 0.118924
0 0.398979 0.401896 0.079668 0.118924
0 0.470340 0.423313 0.079668 0.118924
0 0.500493 0.280583 0.079668 0.118924
0 0.648228 0.043333 0.079668 0.118924
0 0.626115 0.328750 0.079668 0.118924
0 0.718580 0.416167 0.079668 0.118924
0 0.787923 0.401896 0.079668 0.118924
0 0.905516 0.596333 0.079668 0.118924
0 0.922606 0.780083 0.079668 0.118924
0 0.842195 0.869292 0.079668 0.118924
0 0.719589 0.919229 0.079668 0.118924
0 0.407019 0.710521 0.079668 0.118924
0 0.343709 0.685542 0.079668 0.118924
0 0.340692 0.869292 0.079668 0.118924
0 0.179883 0.853229 0.079668 0.118924
0 0.950141 0.984521 0.079668 0.118924