0 0.919867 0.809533 0.104575 0.065104
0 0.916367 0.878044 0.104575 0.065104
0 0.127167 0.189311 0.104575 0.065104
0 0.219500 0.504067 0.104575 0.065104
0 0.040400 0.937089 0.104575 0.065104
0 0.122467 0.961289 0.104575 0.065104
0 0.207700 0.934978 0.104575 0.065104
0 0.131933 0.879200 0.104575 0.065104
0 0.016733 0.879200 0.104575 0.065104
0 0.056200 0.809756 0.104575 0.065104
0 0.147733 0.809756 0.104575 0.065104
0 0.215600 0.776089 0.104575 0.065104
0 0.234533 0.873956 0.104575 0.065104
0 0.321333 0.913933 0.104575 0.065104
0 0.417600 0.949711 0.104575 0.065104
0 0.490200 0.949711 0.104575 0.065104
0 0.577033 0.950756 0.104575 0.065104
0 0.663833 0.941289 0.104575 0.065104
0 0.753800 0.941289 0.104575 0.065104
0 0.891100 0.946556 0.104575 0.065104
0 0.987367 0.908667 0.104575 0.065104
0 0.968433 0.829756 0.104575 0.065104
0 0.850067 0.865533 0.104575 0.065104
0 0.714333 0.875000 0.104575 0.065104
0 0.569133 0.876044 0.104575 0.065104
0 0.409733 0.873956 0.104575 0.065104
0 0.326067 0.877111 0.104575 0.065104
0 0.321333 0.825556 0.104575 0.065104
0 0.504433 0.865533 0.104575 0.065104
0 0.498100 0.805556 0.104575 0.065104
0 0.420767 0.799244 0.104575 0.065104
0 0.354467 0.741378 0.104575 0.065104
0 0.365533 0.678244 0.104575 0.065104
0 0.433400 0.655089 0.104575 0.065104
0 0.512300 0.660356 0.104575 0.065104
0 0.619633 0.657200 0.104575 0.065104
0 0.562800 0.724533 0.104575 0.065104
0 0.457067 0.734000 0.104575 0.065104
0 0.614900 0.790822 0.104575 0.065104
0 0.715900 0.793978 0.104575 0.065104
0 0.670133 0.721378 0.104575 0.065104
0 0.764833 0.679289 0.104575 0.065104
0 0.709600 0.655089 0.104575 0.065104
0 0.835867 0.662467 0.104575 0.065104
0 0.930567 0.664556 0.104575 0.065104
0 0.867433 0.716111 0.104575 0.065104
0 0.788500 0.744533 0.104575 0.065104
0 0.856367 0.778200 0.104575 0.065104
0 0.788500 0.818178 0.104575 0.065104
0 0.954233 0.735067 0.104575 0.065104
0 0.030933 0.746622 0.104575 0.065104
0 0.113000 0.742422 0.104575 0.065104
0 0.217167 0.715067 0.104575 0.065104
0 0.217167 0.659311 0.104575 0.065104
0 0.133533 0.677178 0.104575 0.065104
0 0.030933 0.676133 0.104575 0.065104
0 0.013567 0.329956 0.104575 0.065104
0 0.053033 0.353111 0.104575 0.065104
0 0.111433 0.374156 0.104575 0.065104
0 0.180867 0.373111 0.104575 0.065104
0 0.231367 0.335222 0.104575 0.065104
0 0.146133 0.318400 0.104575 0.065104
0 0.207700 0.438333 0.104575 0.065104
0 0.105100 0.417289 0.104575 0.065104
0 0.012000 0.398356 0.104575 0.065104
0 0.034100 0.488844 0.104575 0.065104
0 0.034100 0.442556 0.104575 0.065104
0 0.152467 0.489889 0.104575 0.065104
0 0.210867 0.536200 0.104575 0.065104
0 0.113000 0.560400 0.104575 0.065104
0 0.018300 0.560400 0.104575 0.065104
0 0.310300 0.510933 0.104575 0.065104
0 0.345000 0.455178 0.104575 0.065104
0 0.335533 0.407822 0.104575 0.065104
0 0.434967 0.403622 0.104575 0.065104
0 0.349733 0.355222 0.104575 0.065104
0 0.427100 0.334178 0.104575 0.065104
0 0.524933 0.346800 0.104575 0.065104
0 0.536000 0.423622 0.104575 0.065104
0 0.536000 0.481489 0.104575 0.065104
0 0.458633 0.492000 0.104575 0.065104
0 0.441300 0.455178 0.104575 0.065104
0 0.423933 0.548822 0.104575 0.065104
0 0.529667 0.544622 0.104575 0.065104
0 0.613333 0.561444 0.104575 0.065104
0 0.611733 0.507778 0.104575 0.065104
0 0.637000 0.458333 0.104575 0.065104
0 0.640167 0.400467 0.104575 0.065104
0 0.627533 0.323644 0.104575 0.065104
0 0.726967 0.558289 0.104575 0.065104
0 0.725367 0.478333 0.104575 0.065104
0 0.755367 0.424667 0.104575 0.065104
0 0.712767 0.372044 0.104575 0.065104
0 0.774300 0.327867 0.104575 0.065104
0 0.848500 0.371000 0.104575 0.065104
0 0.910033 0.429933 0.104575 0.065104
0 0.834267 0.480422 0.104575 0.065104
0 0.862700 0.561444 0.104575 0.065104
0 0.944767 0.563556 0.104575 0.065104
0 0.979467 0.501467 0.104575 0.065104
0 0.660667 0.531978 0.104575 0.065104
0 0.951067 0.333133 0.104575 0.065104
0 0.954233 0.391000 0.104575 0.065104
0 0.881633 0.336289 0.104575 0.065104
0 0.966867 0.203711 0.104575 0.065104
0 0.892667 0.196333 0.104575 0.065104
0 0.908467 0.216333 0.104575 0.065104
0 0.842167 0.219489 0.104575 0.065104
0 0.837433 0.173200 0.104575 0.065104
0 0.733267 0.139511 0.104575 0.065104
0 0.684333 0.161622 0.104575 0.065104
0 0.785367 0.185822 0.104575 0.065104
0 0.736433 0.200556 0.104575 0.065104
0 0.654367 0.234222 0.104575 0.065104
0 0.644900 0.197400 0.104575 0.065104
0 0.592800 0.142667 0.104575 0.065104
0 0.657500 0.131111 0.104575 0.065104
0 0.512300 0.156356 0.104575 0.065104
0 0.564400 0.175289 0.104575 0.065104
0 0.545467 0.219489 0.104575 0.065104
0 0.450767 0.186867 0.104575 0.065104
0 0.441300 0.225800 0.104575 0.065104
0 0.409733 0.247889 0.104575 0.065104
0 0.343433 0.212111 0.104575 0.065104
0 0.368700 0.192133 0.104575 0.065104
0 0.428667 0.140578 0.104575 0.065104
0 0.324500 0.142667 0.104575 0.065104
0 0.270833 0.201600 0.104575 0.065104
0 0.210867 0.186867 0.104575 0.065104
0 0.214000 0.211067 0.104575 0.065104
0 0.242433 0.155311 0.104575 0.065104
0 0.146133 0.158467 0.104575 0.065104
0 0.049867 0.155311 0.104575 0.065104
0 0.037233 0.182667 0.104575 0.065104
0 0.057767 0.226844 0.104575 0.065104
0 0.130367 0.236311 0.104575 0.065104