0 0.350200 0.724179 0.029668 0.042535
0 0.325775 0.728905 0.029668 0.042535
0 0.297187 0.728905 0.029668 0.042535
0 0.272175 0.733657 0.029668 0.042535
0 0.254312 0.738383 0.029668 0.042535
0 0.206662 0.736020 0.029668 0.042535
0 0.192362 0.745498 0.029668 0.042535
0 0.014287 0.751418 0.029668 0.042535
0 0.039300 0.754975 0.029668 0.042535
0 0.051212 0.759726 0.029668 0.042535
0 0.064313 0.754975 0.029668 0.042535
0 0.075037 0.754975 0.029668 0.042535
0 0.092900 0.753806 0.029668 0.042535
0 0.113150 0.740771 0.029668 0.042535
0 0.128050 0.740771 0.029668 0.042535
0 0.140550 0.751418 0.029668 0.042535
0 0.384738 0.438532 0.029668 0.042535
0 0.463350 0.423109 0.029668 0.042535
0 0.536013 0.412463 0.029668 0.042535
0 0.591400 0.401791 0.029668 0.042535
0 0.574137 0.466965 0.029668 0.042535
0 0.625350 0.480000 0.029668 0.042535
0 0.675375 0.456294 0.029668 0.042535
0 0.718863 0.407711 0.029668 0.042535
0 0.727787 0.456294 0.029668 0.042535
0 0.768287 0.445647 0.029668 0.042535
0 0.829037 0.449204 0.029668 0.042535
0 0.842738 0.430224 0.029668 0.042535
0 0.883837 0.466965 0.029668 0.042535
0 0.917187 0.475274 0.029668 0.042535
0 0.961262 0.482388 0.029668 0.042535