0 0.116755 0.705648 0.026253 0.310764
0 0.141064 0.705648 0.026253 0.310764
0 0.166525 0.705648 0.026253 0.310764
0 0.191986 0.704391 0.026253 0.310764
0 0.215124 0.705648 0.026253 0.310764
0 0.238280 0.706905 0.026253 0.310764
0 0.262589 0.709439 0.026253 0.310764
0 0.288050 0.706905 0.026253 0.310764
0 0.312358 0.708162 0.026253 0.310764
0 0.338972 0.709439 0.026253 0.310764
0 0.365585 0.709439 0.026253 0.310764
0 0.386418 0.708162 0.026253 0.310764
0 0.411897 0.708162 0.026253 0.310764
0 0.437358 0.708162 0.026253 0.310764
0 0.460496 0.711954 0.026253 0.310764
0 0.483652 0.709439 0.026253 0.310764
0 0.506791 0.709439 0.026253 0.310764
0 0.534574 0.710696 0.026253 0.310764
0 0.558883 0.711954 0.026253 0.310764
0 0.579716 0.709439 0.026253 0.310764
0 0.607482 0.709439 0.026253 0.310764
0 0.631791 0.711954 0.026253 0.310764
0 0.654947 0.711954 0.026253 0.310764
0 0.682730 0.709439 0.026253 0.310764
0 0.707021 0.710696 0.026253 0.310764
0 0.731330 0.710696 0.026253 0.310764
0 0.753333 0.714487 0.026253 0.310764
0 0.777624 0.711954 0.026253 0.310764
0 0.804255 0.710696 0.026253 0.310764
0 0.827394 0.710696 0.026253 0.310764
0 0.852855 0.713230 0.026253 0.310764
0 0.874858 0.717002 0.026253 0.310764
0 0.122535 0.320542 0.026253 0.310764
0 0.147996 0.319284 0.026253 0.310764
0 0.171152 0.319284 0.026253 0.310764
0 0.194291 0.320542 0.026253 0.310764
0 0.219752 0.321818 0.026253 0.310764
0 0.240585 0.321818 0.026253 0.310764
0 0.266064 0.324333 0.026253 0.310764
0 0.290355 0.324333 0.026253 0.310764
0 0.313511 0.324333 0.026253 0.310764
0 0.337819 0.324333 0.026253 0.310764
0 0.362128 0.325590 0.026253 0.310764
0 0.388741 0.325590 0.026253 0.310764
0 0.414202 0.324333 0.026253 0.310764
0 0.438511 0.328124 0.026253 0.310764
0 0.460496 0.328124 0.026253 0.310764
0 0.485957 0.326867 0.026253 0.310764
0 0.509113 0.328124 0.026253 0.310764
0 0.534574 0.328124 0.026253 0.310764
0 0.557730 0.328124 0.026253 0.310764
0 0.583191 0.329381 0.026253 0.310764
0 0.605177 0.328124 0.026253 0.310764
0 0.626011 0.328124 0.026253 0.310764
0 0.654947 0.328124 0.026253 0.310764
0 0.679255 0.328124 0.026253 0.310764
0 0.701241 0.329381 0.026253 0.310764
0 0.727855 0.328124 0.026253 0.310764
0 0.754486 0.328124 0.026253 0.310764
0 0.777624 0.329381 0.026253 0.310764
0 0.803085 0.329381 0.026253 0.310764
0 0.826241 0.329381 0.026253 0.310764
0 0.849397 0.329381 0.026253 0.310764
0 0.870230 0.331915 0.026253 0.310764