0 0.135662 0.146311 0.192777 0.157986
0 0.355763 0.164178 0.192777 0.157986
0 0.479387 0.107000 0.192777 0.157986
0 0.554762 0.298178 0.192777 0.157986
0 0.482400 0.337489 0.192777 0.157986
0 0.607025 0.509022 0.192777 0.157986
0 0.223100 0.528667 0.192777 0.157986
0 0.385912 0.585844 0.192777 0.157986
0 0.974862 0.144533 0.192777 0.157986
0 0.870337 0.319622 0.192777 0.157986
0 0.766825 0.650156 0.192777 0.157986
0 0.912550 0.641222 0.192777 0.157986
0 0.680387 0.921733 0.192777 0.157986
0 0.781900 0.837756 0.192777 0.157986