0 0.155717 0.022778 0.045573 0.073785
0 0.102308 0.353078 0.045573 0.073785
0 0.068217 0.456111 0.045573 0.073785
0 0.182992 0.245500 0.045573 0.073785
0 0.163675 0.459144 0.045573 0.073785
0 0.221625 0.495500 0.045573 0.073785
0 0.136400 0.740956 0.045573 0.073785
0 0.203450 0.739444 0.045573 0.073785
0 0.276175 0.283389 0.045573 0.073785
0 0.295492 0.356111 0.045573 0.073785
0 0.323900 0.392478 0.045573 0.073785
0 0.376175 0.281867 0.045573 0.073785
0 0.376175 0.168233 0.045573 0.073785
0 0.388675 0.204600 0.045573 0.073785
0 0.409125 0.207622 0.045573 0.073785
0 0.427308 0.240956 0.045573 0.073785
0 0.406858 0.287933 0.045573 0.073785
0 0.413675 0.318233 0.045573 0.073785
0 0.547767 0.283389 0.045573 0.073785
0 0.557992 0.206111 0.045573 0.073785
0 0.550042 0.097022 0.045573 0.073785
0 0.647767 0.100056 0.045573 0.073785
0 0.745492 0.147022 0.045573 0.073785
0 0.790950 0.065200 0.045573 0.073785
0 0.827308 0.137933 0.045573 0.073785
0 0.925042 0.212167 0.045573 0.073785
0 0.777308 0.327322 0.045573 0.073785
0 0.747767 0.319744 0.045573 0.073785
0 0.752308 0.397022 0.045573 0.073785
0 0.913675 0.536411 0.045573 0.073785
0 0.775042 0.447022 0.045573 0.073785
0 0.973900 0.525811 0.045573 0.073785
0 0.993217 0.518233 0.045573 0.073785
0 0.976175 0.613689 0.045573 0.073785
0 0.931858 0.613689 0.045573 0.073785
0 0.859125 0.610656 0.045573 0.073785
0 0.714808 0.616722 0.045573 0.073785
0 0.676175 0.587933 0.045573 0.073785
0 0.644358 0.627322 0.045573 0.073785
0 0.612542 0.687933 0.045573 0.073785
0 0.648900 0.689444 0.045573 0.073785
0 0.695492 0.689444 0.045573 0.073785
0 0.888675 0.815200 0.045573 0.073785
0 0.968217 0.857622 0.045573 0.073785
0 0.555717 0.942478 0.045573 0.073785
0 0.517083 0.930356 0.045573 0.073785
0 0.495492 0.945500 0.045573 0.073785
0 0.547767 0.783389 0.045573 0.073785
0 0.392083 0.666722 0.045573 0.073785
0 0.345492 0.962167 0.045573 0.073785
0 0.451175 0.457622 0.045573 0.073785
0 0.496625 0.468233 0.045573 0.073785
0 0.527308 0.415200 0.045573 0.073785