0 0.058316 0.262080 0.075183 0.078993
0 0.065293 0.190868 0.075183 0.078993
0 0.053668 0.119656 0.075183 0.078993
0 0.155966 0.119656 0.075183 0.078993
0 0.159451 0.186317 0.075183 0.078993
0 0.162936 0.260563 0.075183 0.078993
0 0.254773 0.265105 0.075183 0.078993
0 0.251281 0.181775 0.075183 0.078993
0 0.251281 0.113588 0.075183 0.078993
0 0.326837 0.034800 0.075183 0.078993
0 0.355900 0.101469 0.075183 0.078993
0 0.357064 0.174198 0.075183 0.078993
0 0.354736 0.248435 0.075183 0.078993
0 0.455871 0.266622 0.075183 0.078993
0 0.439597 0.186317 0.075183 0.078993
0 0.443082 0.096927 0.075183 0.078993
0 0.526779 0.119656 0.075183 0.078993
0 0.524451 0.192376 0.075183 0.078993
0 0.547701 0.260563 0.075183 0.078993
0 0.639531 0.265105 0.075183 0.078993
0 0.618609 0.195410 0.075183 0.078993
0 0.619773 0.119656 0.075183 0.078993
0 0.717416 0.121164 0.075183 0.078993
0 0.725556 0.189351 0.075183 0.078993
0 0.727877 0.263588 0.075183 0.078993
0 0.826684 0.271164 0.075183 0.078993
0 0.813902 0.201469 0.075183 0.078993
0 0.797628 0.127223 0.075183 0.078993
0 0.887130 0.133292 0.075183 0.078993
0 0.919678 0.201469 0.075183 0.078993
0 0.923170 0.272681 0.075183 0.078993
0 0.071105 0.386317 0.075183 0.078993
0 0.062972 0.468139 0.075183 0.078993
0 0.060644 0.543893 0.075183 0.078993
0 0.066457 0.618139 0.075183 0.078993
0 0.152474 0.389351 0.075183 0.078993
0 0.140849 0.469656 0.075183 0.078993
0 0.160615 0.552987 0.075183 0.078993
0 0.146662 0.624198 0.075183 0.078993
0 0.248960 0.387834 0.075183 0.078993
0 0.250117 0.463588 0.075183 0.078993
0 0.250117 0.540868 0.075183 0.078993
0 0.254773 0.607529 0.075183 0.078993
0 0.344275 0.399952 0.075183 0.078993
0 0.351252 0.506011 0.075183 0.078993
0 0.362877 0.612080 0.075183 0.078993
0 0.441918 0.392376 0.075183 0.078993
0 0.434949 0.471164 0.075183 0.078993
0 0.443082 0.545410 0.075183 0.078993
0 0.453543 0.624198 0.075183 0.078993
0 0.543053 0.393893 0.075183 0.078993
0 0.531428 0.483292 0.075183 0.078993
0 0.559327 0.557529 0.075183 0.078993
0 0.546537 0.631775 0.075183 0.078993
0 0.646508 0.395410 0.075183 0.078993
0 0.630234 0.477223 0.075183 0.078993
0 0.652321 0.546927 0.075183 0.078993
0 0.648836 0.637834 0.075183 0.078993
0 0.724392 0.395410 0.075183 0.078993
0 0.737182 0.472681 0.075183 0.078993
0 0.739502 0.543893 0.075183 0.078993
0 0.746479 0.631775 0.075183 0.078993
0 0.820871 0.395410 0.075183 0.078993
0 0.834824 0.478740 0.075183 0.078993
0 0.841794 0.551469 0.075183 0.078993
0 0.844122 0.625716 0.075183 0.078993
0 0.904568 0.404504 0.075183 0.078993
0 0.937116 0.483292 0.075183 0.078993
0 0.942928 0.554504 0.075183 0.078993
0 0.942928 0.631775 0.075183 0.078993
0 0.061808 0.768139 0.075183 0.078993
0 0.051347 0.866622 0.075183 0.078993
0 0.053668 0.943893 0.075183 0.078993
0 0.151310 0.748435 0.075183 0.078993
0 0.147826 0.848435 0.075183 0.078993
0 0.144341 0.945410 0.075183 0.078993
0 0.251281 0.768139 0.075183 0.078993
0 0.237335 0.863588 0.075183 0.078993
0 0.255930 0.943893 0.075183 0.078993
0 0.339627 0.756011 0.075183 0.078993
0 0.339627 0.862080 0.075183 0.078993
0 0.351252 0.946927 0.075183 0.078993
0 0.458192 0.760563 0.075183 0.078993
0 0.458192 0.857529 0.075183 0.078993
0 0.444246 0.945410 0.075183 0.078993
0 0.555842 0.757529 0.075183 0.078993
0 0.541889 0.848435 0.075183 0.078993
0 0.550029 0.931775 0.075183 0.078993
0 0.643023 0.756011 0.075183 0.078993
0 0.656969 0.845410 0.075183 0.078993
0 0.660461 0.931775 0.075183 0.078993
0 0.733690 0.749952 0.075183 0.078993
0 0.741830 0.848435 0.075183 0.078993
0 0.746479 0.925716 0.075183 0.078993
0 0.833660 0.760563 0.075183 0.078993
0 0.852262 0.845410 0.075183 0.078993
0 0.856911 0.919656 0.075183 0.078993
0 0.935952 0.754504 0.075183 0.078993
0 0.958038 0.834800 0.075183 0.078993
0 0.947577 0.912080 0.075183 0.078993