0 0.795675 0.224408 0.027344 0.030382
0 0.794887 0.258083 0.027344 0.030382
0 0.793306 0.292800 0.027344 0.030382
0 0.796462 0.326475 0.027344 0.030382
0 0.791731 0.359092 0.027344 0.030382
0 0.794887 0.390658 0.027344 0.030382
0 0.794100 0.425375 0.027344 0.030382
0 0.794100 0.456942 0.027344 0.030382
0 0.794100 0.487458 0.027344 0.030382
0 0.794100 0.521125 0.027344 0.030382
0 0.792519 0.550592 0.027344 0.030382
0 0.762531 0.616875 0.027344 0.030382
0 0.764112 0.581100 0.027344 0.030382
0 0.759375 0.773650 0.027344 0.030382
0 0.790150 0.710525 0.027344 0.030382
0 0.737281 0.776808 0.027344 0.030382
0 0.733331 0.710525 0.027344 0.030382
0 0.734912 0.745242 0.027344 0.030382
0 0.260637 0.788383 0.027344 0.030382
0 0.804356 0.656858 0.027344 0.030382
0 0.802775 0.688425 0.027344 0.030382
0 0.794887 0.742092 0.027344 0.030382
0 0.745169 0.730517 0.027344 0.030382
0 0.228606 0.185708 0.027344 0.030382
0 0.228056 0.225167 0.027344 0.030382
0 0.196825 0.224433 0.027344 0.030382
0 0.199563 0.255850 0.027344 0.030382
0 0.228606 0.257317 0.027344 0.030382
0 0.197919 0.296042 0.027344 0.030382
0 0.231350 0.290200 0.027344 0.030382
0 0.201206 0.327458 0.027344 0.030382
0 0.233538 0.328925 0.027344 0.030382
0 0.204494 0.365458 0.027344 0.030382
0 0.236281 0.364725 0.027344 0.030382
0 0.204494 0.399067 0.027344 0.030382
0 0.235181 0.397608 0.027344 0.030382
0 0.202300 0.433408 0.027344 0.030382
0 0.239569 0.434142 0.027344 0.030382
0 0.201756 0.467025 0.027344 0.030382
0 0.235731 0.464833 0.027344 0.030382
0 0.203400 0.503558 0.027344 0.030382
0 0.234638 0.502825 0.027344 0.030382
0 0.239019 0.535708 0.027344 0.030382
0 0.208881 0.535708 0.027344 0.030382
0 0.208881 0.571508 0.027344 0.030382
0 0.241762 0.571508 0.027344 0.030382
0 0.208881 0.605850 0.027344 0.030382
0 0.242306 0.602933 0.027344 0.030382
0 0.208331 0.640925 0.027344 0.030382
0 0.243950 0.637275 0.027344 0.030382
0 0.210525 0.673808 0.027344 0.030382
0 0.243406 0.672342 0.027344 0.030382
0 0.208331 0.707417 0.027344 0.030382
0 0.243950 0.707417 0.027344 0.030382
0 0.212169 0.741758 0.027344 0.030382
0 0.243406 0.741758 0.027344 0.030382
0 0.246144 0.776833 0.027344 0.030382
0 0.213813 0.774642 0.027344 0.030382
0 0.276831 0.806792 0.027344 0.030382
0 0.276288 0.774642 0.027344 0.030382
0 0.277931 0.740300 0.027344 0.030382
0 0.277381 0.707417 0.027344 0.030382
0 0.273544 0.671617 0.027344 0.030382
0 0.273544 0.638733 0.027344 0.030382
0 0.275738 0.602200 0.027344 0.030382
0 0.305875 0.606583 0.027344 0.030382
0 0.305331 0.638733 0.027344 0.030382
0 0.306975 0.673075 0.027344 0.030382
0 0.309163 0.705958 0.027344 0.030382
0 0.309713 0.742492 0.027344 0.030382
0 0.309713 0.776100 0.027344 0.030382
0 0.308069 0.808250 0.027344 0.030382
0 0.338212 0.806058 0.027344 0.030382
0 0.339306 0.770992 0.027344 0.030382
0 0.338756 0.738833 0.027344 0.030382
0 0.340400 0.705958 0.027344 0.030382
0 0.338756 0.669425 0.027344 0.030382
0 0.336019 0.636542 0.027344 0.030382
0 0.336019 0.602200 0.027344 0.030382
0 0.367256 0.605850 0.027344 0.030382
0 0.370544 0.639467 0.027344 0.030382
0 0.369994 0.672342 0.027344 0.030382
0 0.372737 0.704492 0.027344 0.030382
0 0.371094 0.740300 0.027344 0.030382
0 0.373831 0.772450 0.027344 0.030382
0 0.370544 0.806058 0.027344 0.030382
0 0.404519 0.805333 0.027344 0.030382
0 0.403425 0.770992 0.027344 0.030382
0 0.403425 0.737375 0.027344 0.030382
0 0.402325 0.703767 0.027344 0.030382
0 0.402325 0.670883 0.027344 0.030382
0 0.397944 0.637275 0.027344 0.030382
0 0.399038 0.600008 0.027344 0.030382
0 0.431919 0.604392 0.027344 0.030382
0 0.431919 0.635083 0.027344 0.030382
0 0.431375 0.668692 0.027344 0.030382
0 0.435756 0.706683 0.027344 0.030382
0 0.431919 0.738833 0.027344 0.030382
0 0.435756 0.771717 0.027344 0.030382
0 0.435756 0.803142 0.027344 0.030382
0 0.272450 0.569317 0.027344 0.030382
0 0.303138 0.571508 0.027344 0.030382
0 0.303138 0.534242 0.027344 0.030382
0 0.270806 0.536433 0.027344 0.030382
0 0.270256 0.500633 0.027344 0.030382
0 0.268612 0.466292 0.027344 0.030382
0 0.303138 0.466292 0.027344 0.030382
0 0.332731 0.466292 0.027344 0.030382
0 0.334925 0.502825 0.027344 0.030382
0 0.336569 0.537167 0.027344 0.030382
0 0.337112 0.572242 0.027344 0.030382
0 0.367256 0.570783 0.027344 0.030382
0 0.367800 0.534242 0.027344 0.030382
0 0.364513 0.500633 0.027344 0.030382
0 0.365613 0.466292 0.027344 0.030382
0 0.268612 0.431217 0.027344 0.030382
0 0.300400 0.429025 0.027344 0.030382
0 0.334375 0.433408 0.027344 0.030382
0 0.332181 0.396142 0.027344 0.030382
0 0.363969 0.395417 0.027344 0.030382
0 0.365063 0.431217 0.027344 0.030382
0 0.302588 0.396142 0.027344 0.030382
0 0.271350 0.401258 0.027344 0.030382
0 0.263131 0.362533 0.027344 0.030382
0 0.266419 0.327458 0.027344 0.030382
0 0.296013 0.327458 0.027344 0.030382
0 0.329988 0.323075 0.027344 0.030382
0 0.331088 0.363992 0.027344 0.030382
0 0.363419 0.325267 0.027344 0.030382
0 0.363419 0.360342 0.027344 0.030382
0 0.395206 0.326733 0.027344 0.030382
0 0.395750 0.360342 0.027344 0.030382
0 0.395206 0.394683 0.027344 0.030382
0 0.395750 0.429758 0.027344 0.030382
0 0.400681 0.569317 0.027344 0.030382
0 0.398494 0.534975 0.027344 0.030382
0 0.399588 0.499175 0.027344 0.030382
0 0.395750 0.466292 0.027344 0.030382
0 0.265325 0.293117 0.027344 0.030382
0 0.262581 0.253658 0.027344 0.030382
0 0.261487 0.219317 0.027344 0.030382
0 0.258200 0.180592 0.027344 0.030382
0 0.292725 0.180592 0.027344 0.030382
0 0.293275 0.219317 0.027344 0.030382
0 0.295463 0.255850 0.027344 0.030382
0 0.297106 0.291658 0.027344 0.030382
0 0.300400 0.364725 0.027344 0.030382
0 0.331631 0.292392 0.027344 0.030382
0 0.329444 0.255850 0.027344 0.030382
0 0.325056 0.215667 0.027344 0.030382
0 0.325056 0.183517 0.027344 0.030382
0 0.357938 0.182058 0.027344 0.030382
0 0.354650 0.216400 0.027344 0.030382
0 0.359581 0.256583 0.027344 0.030382
0 0.362325 0.293850 0.027344 0.030382
0 0.393013 0.293117 0.027344 0.030382
0 0.393563 0.255125 0.027344 0.030382
0 0.391369 0.219317 0.027344 0.030382
0 0.391919 0.185708 0.027344 0.030382
0 0.422056 0.183517 0.027344 0.030382
0 0.424794 0.221508 0.027344 0.030382
0 0.425894 0.257317 0.027344 0.030382
0 0.423700 0.290925 0.027344 0.030382
0 0.424794 0.326000 0.027344 0.030382
0 0.430825 0.567858 0.027344 0.030382
0 0.429731 0.534242 0.027344 0.030382
0 0.428631 0.500633 0.027344 0.030382
0 0.426437 0.466292 0.027344 0.030382
0 0.426437 0.431950 0.027344 0.030382
0 0.428631 0.393950 0.027344 0.030382
0 0.425894 0.359608 0.027344 0.030382
0 0.457131 0.359608 0.027344 0.030382
0 0.459869 0.396142 0.027344 0.030382
0 0.463706 0.430492 0.027344 0.030382
0 0.462612 0.466292 0.027344 0.030382
0 0.462062 0.499900 0.027344 0.030382
0 0.463706 0.534242 0.027344 0.030382
0 0.464256 0.567858 0.027344 0.030382
0 0.462062 0.603658 0.027344 0.030382
0 0.464800 0.637275 0.027344 0.030382
0 0.465350 0.672342 0.027344 0.030382
0 0.302588 0.499900 0.027344 0.030382
0 0.464800 0.704492 0.027344 0.030382
0 0.464256 0.736642 0.027344 0.030382
0 0.466444 0.771717 0.027344 0.030382
0 0.462612 0.806058 0.027344 0.030382
0 0.495487 0.807525 0.027344 0.030382
0 0.493844 0.770992 0.027344 0.030382
0 0.493844 0.737375 0.027344 0.030382
0 0.497138 0.703767 0.027344 0.030382
0 0.497138 0.667958 0.027344 0.030382
0 0.494394 0.629967 0.027344 0.030382
0 0.497138 0.603658 0.027344 0.030382
0 0.491656 0.570050 0.027344 0.030382
0 0.493300 0.534975 0.027344 0.030382
0 0.526181 0.531325 0.027344 0.030382
0 0.523988 0.563475 0.027344 0.030382
0 0.525081 0.602200 0.027344 0.030382
0 0.524537 0.634350 0.027344 0.030382
0 0.527275 0.667233 0.027344 0.030382
0 0.526181 0.702300 0.027344 0.030382
0 0.526725 0.737375 0.027344 0.030382
0 0.527825 0.768067 0.027344 0.030382
0 0.527825 0.803142 0.027344 0.030382
0 0.560706 0.800942 0.027344 0.030382
0 0.559606 0.770258 0.027344 0.030382
0 0.558512 0.734450 0.027344 0.030382
0 0.555775 0.700842 0.027344 0.030382
0 0.558512 0.670883 0.027344 0.030382
0 0.557963 0.632892 0.027344 0.030382
0 0.555225 0.600742 0.027344 0.030382
0 0.587556 0.631425 0.027344 0.030382
0 0.587556 0.667958 0.027344 0.030382
0 0.590300 0.701575 0.027344 0.030382
0 0.591394 0.736642 0.027344 0.030382
0 0.591944 0.768067 0.027344 0.030382
0 0.589750 0.800942 0.027344 0.030382
0 0.623725 0.802408 0.027344 0.030382
0 0.620988 0.768792 0.027344 0.030382
0 0.620438 0.732992 0.027344 0.030382
0 0.621531 0.702300 0.027344 0.030382
0 0.619344 0.667958 0.027344 0.030382
0 0.617700 0.632892 0.027344 0.030382
0 0.456581 0.325267 0.027344 0.030382
0 0.453844 0.287275 0.027344 0.030382
0 0.454937 0.250742 0.027344 0.030382
0 0.456031 0.220050 0.027344 0.030382
0 0.455487 0.181325 0.027344 0.030382
0 0.485625 0.182058 0.027344 0.030382
0 0.488913 0.217858 0.027344 0.030382
0 0.491106 0.258042 0.027344 0.030382
0 0.490013 0.289467 0.027344 0.030382
0 0.490013 0.327458 0.027344 0.030382
0 0.488369 0.361800 0.027344 0.030382
0 0.491656 0.396875 0.027344 0.030382
0 0.492200 0.429758 0.027344 0.030382
0 0.493844 0.464833 0.027344 0.030382
0 0.527275 0.460450 0.027344 0.030382
0 0.523988 0.428292 0.027344 0.030382
0 0.557963 0.426833 0.027344 0.030382
0 0.558512 0.391758 0.027344 0.030382
0 0.521794 0.396875 0.027344 0.030382
0 0.522344 0.363992 0.027344 0.030382
0 0.523438 0.321617 0.027344 0.030382
0 0.551938 0.322350 0.027344 0.030382
0 0.556869 0.358883 0.027344 0.030382
0 0.554125 0.290200 0.027344 0.030382
0 0.516863 0.290200 0.027344 0.030382
0 0.519056 0.253658 0.027344 0.030382
0 0.553581 0.253658 0.027344 0.030382
0 0.551388 0.217125 0.027344 0.030382
0 0.517956 0.220783 0.027344 0.030382
0 0.519606 0.182058 0.027344 0.030382
0 0.550837 0.182058 0.027344 0.030382
0 0.580981 0.182783 0.027344 0.030382
0 0.580981 0.218592 0.027344 0.030382
0 0.585913 0.251467 0.027344 0.030382
0 0.587006 0.292392 0.027344 0.030382
0 0.585913 0.326733 0.027344 0.030382
0 0.584269 0.360342 0.027344 0.030382
0 0.587556 0.393950 0.027344 0.030382
0 0.589750 0.426833 0.027344 0.030382
0 0.620438 0.426833 0.027344 0.030382
0 0.617150 0.390300 0.027344 0.030382
0 0.618794 0.357417 0.027344 0.030382
0 0.618244 0.323808 0.027344 0.030382
0 0.617700 0.286542 0.027344 0.030382
0 0.618244 0.249275 0.027344 0.030382
0 0.615506 0.216400 0.027344 0.030382
0 0.615506 0.183517 0.027344 0.030382
0 0.647288 0.178400 0.027344 0.030382
0 0.646744 0.214208 0.027344 0.030382
0 0.647288 0.247817 0.027344 0.030382
0 0.650031 0.286542 0.027344 0.030382
0 0.682913 0.175475 0.027344 0.030382
0 0.681813 0.213475 0.027344 0.030382
0 0.678525 0.251467 0.027344 0.030382
0 0.712506 0.175475 0.027344 0.030382
0 0.714150 0.213475 0.027344 0.030382
0 0.712506 0.248550 0.027344 0.030382
0 0.745387 0.214208 0.027344 0.030382
0 0.748675 0.244892 0.027344 0.030382
0 0.779363 0.174750 0.027344 0.030382
0 0.780456 0.213475 0.027344 0.030382
0 0.779363 0.246358 0.027344 0.030382
0 0.779913 0.281425 0.027344 0.030382
0 0.714150 0.285083 0.027344 0.030382
0 0.679625 0.285083 0.027344 0.030382
0 0.681269 0.318692 0.027344 0.030382
0 0.714150 0.317233 0.027344 0.030382
0 0.745931 0.282158 0.027344 0.030382
0 0.648388 0.320150 0.027344 0.030382
0 0.648388 0.355958 0.027344 0.030382
0 0.680169 0.355225 0.027344 0.030382
0 0.647288 0.393950 0.027344 0.030382
0 0.682913 0.388842 0.027344 0.030382
0 0.645644 0.423183 0.027344 0.030382
0 0.680719 0.424642 0.027344 0.030382
0 0.716338 0.390300 0.027344 0.030382
0 0.712506 0.355225 0.027344 0.030382
0 0.749769 0.391033 0.027344 0.030382
0 0.745387 0.357417 0.027344 0.030382
0 0.779913 0.318692 0.027344 0.030382
0 0.779363 0.353033 0.027344 0.030382
0 0.782650 0.389567 0.027344 0.030382
0 0.774431 0.426100 0.027344 0.030382
0 0.779363 0.461175 0.027344 0.030382
0 0.777169 0.493325 0.027344 0.030382
0 0.745387 0.458983 0.027344 0.030382
0 0.746481 0.423183 0.027344 0.030382
0 0.743744 0.495517 0.027344 0.030382
0 0.748675 0.531325 0.027344 0.030382
0 0.778269 0.524750 0.027344 0.030382
0 0.782100 0.562742 0.027344 0.030382
0 0.619344 0.461908 0.027344 0.030382
0 0.652225 0.459717 0.027344 0.030382
0 0.618794 0.496250 0.027344 0.030382
0 0.651675 0.496983 0.027344 0.030382
0 0.681269 0.495517 0.027344 0.030382
0 0.685106 0.462642 0.027344 0.030382
0 0.714150 0.461908 0.027344 0.030382
0 0.715794 0.494792 0.027344 0.030382
0 0.715244 0.426833 0.027344 0.030382
0 0.684006 0.530592 0.027344 0.030382
0 0.682913 0.563475 0.027344 0.030382
0 0.685106 0.597817 0.027344 0.030382
0 0.652769 0.601467 0.027344 0.030382
0 0.650031 0.566392 0.027344 0.030382
0 0.648388 0.533517 0.027344 0.030382
0 0.620988 0.530592 0.027344 0.030382
0 0.619344 0.565667 0.027344 0.030382
0 0.619888 0.596350 0.027344 0.030382
0 0.588650 0.599275 0.027344 0.030382
0 0.588650 0.570050 0.027344 0.030382
0 0.587006 0.529858 0.027344 0.030382
0 0.587556 0.493325 0.027344 0.030382
0 0.589200 0.459717 0.027344 0.030382
0 0.550294 0.460450 0.027344 0.030382
0 0.556319 0.497708 0.027344 0.030382
0 0.554675 0.534975 0.027344 0.030382
0 0.556869 0.567125 0.027344 0.030382
0 0.651125 0.632158 0.027344 0.030382
0 0.651125 0.667233 0.027344 0.030382
0 0.651125 0.704492 0.027344 0.030382
0 0.653869 0.732258 0.027344 0.030382
0 0.653319 0.767333 0.027344 0.030382
0 0.652225 0.801675 0.027344 0.030382
0 0.685650 0.799483 0.027344 0.030382
0 0.685650 0.768792 0.027344 0.030382
0 0.686200 0.733725 0.027344 0.030382
0 0.686200 0.702300 0.027344 0.030382
0 0.686200 0.664308 0.027344 0.030382
0 0.686200 0.632892 0.027344 0.030382
0 0.716888 0.765875 0.027344 0.030382
0 0.717438 0.732992 0.027344 0.030382
0 0.717988 0.700842 0.027344 0.030382
0 0.716888 0.665042 0.027344 0.030382
0 0.717988 0.632158 0.027344 0.030382
0 0.711406 0.599275 0.027344 0.030382
0 0.717988 0.562742 0.027344 0.030382
0 0.742644 0.799483 0.027344 0.030382
0 0.783200 0.800217 0.027344 0.030382
0 0.742644 0.668692 0.027344 0.030382
0 0.750863 0.632158 0.027344 0.030382
0 0.745387 0.595625 0.027344 0.030382
0 0.744838 0.566392 0.027344 0.030382
0 0.758538 0.739567 0.027344 0.030382
0 0.764569 0.711075 0.027344 0.030382
0 0.764019 0.674533 0.027344 0.030382
0 0.789225 0.583200 0.027344 0.030382
0 0.788681 0.613892 0.027344 0.030382