0 0.399648 0.288198 0.018373 0.046007
0 0.383350 0.336686 0.018373 0.046007
0 0.349043 0.375000 0.018373 0.046007
0 0.307881 0.410727 0.018373 0.046007
0 0.277861 0.454128 0.018373 0.046007
0 0.241836 0.487326 0.018373 0.046007
0 0.197246 0.535843 0.018373 0.046007
0 0.209248 0.574128 0.018373 0.046007
0 0.146641 0.586890 0.018373 0.046007
0 0.117480 0.612413 0.018373 0.046007
0 0.257275 0.589448 0.018373 0.046007
0 0.328457 0.584331 0.018373 0.046007
0 0.395361 0.581773 0.018373 0.046007
0 0.453672 0.574128 0.018373 0.046007
0 0.499990 0.569012 0.018373 0.046007
0 0.545439 0.569012 0.018373 0.046007
0 0.583174 0.561366 0.018373 0.046007
0 0.620059 0.571570 0.018373 0.046007
0 0.662080 0.576686 0.018373 0.046007
0 0.716113 0.569012 0.018373 0.046007
0 0.757275 0.584331 0.018373 0.046007
0 0.805303 0.599651 0.018373 0.046007
0 0.861055 0.589448 0.018373 0.046007
0 0.917656 0.581773 0.018373 0.046007
0 0.969971 0.589448 0.018373 0.046007