0 0.069340 0.480000 0.067400 0.080729
0 0.179901 0.403875 0.067400 0.080729
0 0.202013 0.470500 0.067400 0.080729
0 0.329670 0.428625 0.067400 0.080729
0 0.359802 0.344875 0.067400 0.080729
0 0.451254 0.350625 0.067400 0.080729
0 0.474389 0.491437 0.067400 0.080729
0 0.497492 0.461000 0.067400 0.080729
0 0.495479 0.607562 0.067400 0.080729
0 0.612079 0.316312 0.067400 0.080729
0 0.599010 0.636062 0.067400 0.080729
0 0.681419 0.647500 0.067400 0.080729
0 0.800000 0.685562 0.067400 0.080729
0 0.855281 0.685562 0.067400 0.080729
0 0.900495 0.679875 0.067400 0.080729
0 0.937690 0.295375 0.067400 0.080729
0 0.836205 0.835938 0.067400 0.080729
0 0.905545 0.860688 0.067400 0.080729