0 0.977922 0.460647 0.036387 0.026910
0 0.949562 0.460647 0.036387 0.026910
0 0.939172 0.436660 0.036387 0.026910
0 0.952406 0.396263 0.036387 0.026910
0 0.922156 0.421503 0.036387 0.026910
0 0.893812 0.417724 0.036387 0.026910
0 0.844672 0.413925 0.036387 0.026910
0 0.799312 0.416451 0.036387 0.026910
0 0.765297 0.432881 0.036387 0.026910
0 0.770016 0.413925 0.036387 0.026910
0 0.765297 0.367223 0.036387 0.026910
0 0.733156 0.391211 0.036387 0.026910
0 0.746391 0.401315 0.036387 0.026910
0 0.721828 0.435407 0.036387 0.026910
0 0.707641 0.426555 0.036387 0.026910
0 0.692531 0.381106 0.036387 0.026910
0 0.692531 0.360898 0.036387 0.026910
0 0.627328 0.383633 0.036387 0.026910
0 0.651891 0.431608 0.036387 0.026910
0 0.608422 0.420251 0.036387 0.026910
0 0.568734 0.421503 0.036387 0.026910
0 0.547000 0.426555 0.036387 0.026910
0 0.550781 0.358372 0.036387 0.026910
0 0.506359 0.333132 0.036387 0.026910
0 0.519594 0.280104 0.036387 0.026910
0 0.496906 0.391211 0.036387 0.026910
0 0.489359 0.416451 0.036387 0.026910
0 0.435484 0.465699 0.036387 0.026910
0 0.457219 0.488434 0.036387 0.026910
0 0.405250 0.431608 0.036387 0.026910
0 0.398625 0.411399 0.036387 0.026910
0 0.418484 0.418977 0.036387 0.026910
0 0.349500 0.396263 0.036387 0.026910
0 0.323031 0.388685 0.036387 0.026910
0 0.294687 0.396263 0.036387 0.026910
0 0.255000 0.401315 0.036387 0.026910
0 0.256891 0.384885 0.036387 0.026910
0 0.233266 0.387411 0.036387 0.026910
0 0.232312 0.374802 0.036387 0.026910
0 0.263500 0.359645 0.036387 0.026910
0 0.277672 0.343236 0.036387 0.026910
0 0.284281 0.310397 0.036387 0.026910
0 0.286172 0.290188 0.036387 0.026910
0 0.302250 0.280104 0.036387 0.026910
0 0.328703 0.281357 0.036387 0.026910
0 0.283344 0.247265 0.036387 0.026910
0 0.289953 0.204342 0.036387 0.026910
0 0.341938 0.181608 0.036387 0.026910