0 0.170467 0.151500 0.048611 0.050347
0 0.265900 0.193933 0.048611 0.050347
0 0.278033 0.289400 0.048611 0.050347
0 0.370467 0.218167 0.048611 0.050347
0 0.450767 0.234833 0.048611 0.050347
0 0.562867 0.271200 0.048611 0.050347
0 0.649233 0.280300 0.048611 0.050347
0 0.747733 0.318167 0.048611 0.050347
0 0.847733 0.336367 0.048611 0.050347
0 0.729533 0.422733 0.048611 0.050347
0 0.649233 0.498500 0.048611 0.050347
0 0.615900 0.533333 0.048611 0.050347
0 0.588633 0.592433 0.048611 0.050347
0 0.537133 0.627267 0.048611 0.050347
0 0.505300 0.668167 0.048611 0.050347
0 0.302267 0.477267 0.048611 0.050347
0 0.481067 0.471200 0.048611 0.050347