0 0.532719 0.727275 0.027682 0.059028
0 0.487387 0.706060 0.027682 0.059028
0 0.446084 0.669695 0.027682 0.059028
0 0.391682 0.642425 0.027682 0.059028
0 0.308068 0.610605 0.027682 0.059028
0 0.229488 0.616665 0.027682 0.059028
0 0.147889 0.606060 0.027682 0.059028
0 0.251652 0.495455 0.027682 0.059028
0 0.334259 0.403030 0.027682 0.059028
0 0.377580 0.331820 0.027682 0.059028
0 0.586114 0.418180 0.027682 0.059028
0 0.602234 0.304545 0.027682 0.059028
0 0.612307 0.251515 0.027682 0.059028
0 0.633461 0.180305 0.027682 0.059028
0 0.655625 0.124240 0.027682 0.059028
0 0.720100 0.059090 0.027682 0.059028