0 0.528434 0.273467 0.312092 0.065972
0 0.886911 0.901007 0.312092 0.065972
0 0.842721 0.509933 0.312092 0.065972
0 0.494050 0.331067 0.312092 0.065972
0 0.238693 0.200713 0.312092 0.065972
0 0.494050 0.976793 0.312092 0.065972
0 0.837808 0.388667 0.312092 0.065972
0 0.111015 0.964667 0.312092 0.065972
0 0.543164 0.901007 0.312092 0.065972
0 0.174860 0.840373 0.312092 0.065972
0 0.857451 0.464460 0.312092 0.065972
0 0.155216 0.582687 0.312092 0.065972
0 0.857451 0.837340 0.312092 0.065972
0 0.852538 0.703953 0.312092 0.065972
0 0.464590 0.582687 0.312092 0.065972
0 0.469503 0.706987 0.312092 0.065972
0 0.548078 0.018813 0.312092 0.065972
0 0.194503 0.528120 0.312092 0.065972
0 0.543164 0.149173 0.312092 0.065972
0 0.543164 0.097633 0.312092 0.065972
0 0.847635 0.012753 0.312092 0.065972
0 0.145389 0.710013 0.312092 0.065972
0 0.174860 0.273467 0.312092 0.065972
0 0.793607 0.579660 0.312092 0.065972
0 0.199406 0.331067 0.312092 0.065972
0 0.552981 0.200713 0.312092 0.065972
0 0.518607 0.522060 0.312092 0.065972
0 0.533337 0.770647 0.312092 0.065972
0 0.179762 0.767613 0.312092 0.065972
0 0.867268 0.970733 0.312092 0.065972
0 0.150302 0.904033 0.312092 0.065972
0 0.248521 0.021847 0.312092 0.065972
0 0.155216 0.646353 0.312092 0.065972
0 0.474417 0.455360 0.312092 0.065972
0 0.538251 0.840373 0.312092 0.065972
0 0.852538 0.146140 0.312092 0.065972
0 0.867268 0.761553 0.312092 0.065972
0 0.837808 0.634227 0.312092 0.065972
0 0.528434 0.385633 0.312092 0.065972
0 0.223963 0.391700 0.312092 0.065972
0 0.184676 0.458393 0.312092 0.065972
0 0.204320 0.155233 0.312092 0.065972
0 0.543164 0.652413 0.312092 0.065972
0 0.857451 0.264373 0.312092 0.065972
0 0.852538 0.328033 0.312092 0.065972
0 0.214136 0.094607 0.312092 0.065972
0 0.882009 0.079447 0.312092 0.065972
0 0.842721 0.203740 0.312092 0.065972