0 0.334131 0.413012 0.053210 0.769097
0 0.228408 0.408444 0.053210 0.769097
0 0.523887 0.415284 0.053210 0.769097
0 0.146182 0.419852 0.053210 0.769097
0 0.860039 0.385580 0.053210 0.769097
0 0.905225 0.381012 0.053210 0.769097
0 0.767871 0.381012 0.053210 0.769097
0 0.572686 0.392444 0.053210 0.769097
0 0.288945 0.381012 0.053210 0.769097
0 0.661240 0.394716 0.053210 0.769097
0 0.475098 0.378741 0.053210 0.769097
0 0.387441 0.385580 0.053210 0.769097
0 0.429014 0.424420 0.053210 0.769097
0 0.716367 0.428988 0.053210 0.769097
0 0.616064 0.408444 0.053210 0.769097
0 0.815762 0.410716 0.053210 0.769097
0 0.190459 0.374173 0.053210 0.769097
0 0.094668 0.397012 0.053210 0.769097