0 0.794492 0.715731 0.080580 0.130208
0 0.164023 0.075380 0.080580 0.130208
0 0.864805 0.096433 0.080580 0.130208
0 0.405430 0.717485 0.080580 0.130208
0 0.076133 0.084152 0.080580 0.130208
0 0.130039 0.861345 0.080580 0.130208
0 0.071445 0.454327 0.080580 0.130208
0 0.718320 0.878889 0.080580 0.130208
0 0.644492 0.513977 0.080580 0.130208
0 0.308164 0.442047 0.080580 0.130208
0 0.073789 0.229766 0.080580 0.130208
0 0.323398 0.022749 0.080580 0.130208
0 0.404258 0.496433 0.080580 0.130208
0 0.133555 0.224503 0.080580 0.130208
0 0.017539 0.224503 0.080580 0.130208
0 0.015195 0.449064 0.080580 0.130208
0 0.010508 0.026257 0.080580 0.130208
0 0.309336 0.873626 0.080580 0.130208
0 0.878867 0.450819 0.080580 0.130208
0 0.400742 0.028012 0.080580 0.130208
0 0.394883 0.647310 0.080580 0.130208
0 0.010508 0.284152 0.080580 0.130208
0 0.155820 0.671871 0.080580 0.130208
0 0.480430 0.505205 0.080580 0.130208
0 0.476914 0.436784 0.080580 0.130208
0 0.389023 0.926257 0.080580 0.130208
0 0.871836 0.245556 0.080580 0.130208
0 0.944492 0.084152 0.080580 0.130208
0 0.305820 0.224503 0.080580 0.130208
0 0.133555 0.289415 0.080580 0.130208
0 0.159336 0.028012 0.080580 0.130208
0 0.011680 0.078889 0.080580 0.130208
0 0.248398 0.073626 0.080580 0.130208
0 0.250742 0.024503 0.080580 0.130208
0 0.638633 0.228012 0.080580 0.130208
0 0.468711 0.070117 0.080580 0.130208
0 0.786289 0.652573 0.080580 0.130208
0 0.724180 0.456082 0.080580 0.130208
0 0.718320 0.087661 0.080580 0.130208
0 0.332773 0.071871 0.080580 0.130208
0 0.959727 0.445556 0.080580 0.130208
0 0.723008 0.235029 0.080580 0.130208
0 0.547227 0.075380 0.080580 0.130208
0 0.800352 0.235029 0.080580 0.130208
0 0.404258 0.442047 0.080580 0.130208
0 0.224961 0.668363 0.080580 0.130208
0 0.466367 0.668363 0.080580 0.130208
0 0.071445 0.673626 0.080580 0.130208
0 0.643320 0.077135 0.080580 0.130208
0 0.556602 0.282398 0.080580 0.130208
0 0.788633 0.028012 0.080580 0.130208
0 0.640977 0.026257 0.080580 0.130208
0 0.719492 0.301696 0.080580 0.130208
0 0.091367 0.849064 0.080580 0.130208
0 0.567148 0.673626 0.080580 0.130208
0 0.639805 0.682398 0.080580 0.130208
0 0.407773 0.080643 0.080580 0.130208
0 0.074961 0.024503 0.080580 0.130208
0 0.487461 0.284152 0.080580 0.130208
0 0.048008 0.845556 0.080580 0.130208
0 0.942148 0.299942 0.080580 0.130208
0 0.957383 0.668363 0.080580 0.130208
0 0.800352 0.926257 0.080580 0.130208
0 0.308164 0.284152 0.080580 0.130208
0 0.793320 0.085906 0.080580 0.130208
0 0.644492 0.438538 0.080580 0.130208
0 0.066758 0.282398 0.080580 0.130208
0 0.943320 0.242047 0.080580 0.130208
0 0.871836 0.303450 0.080580 0.130208
0 0.220273 0.873626 0.080580 0.130208
0 0.311680 0.503450 0.080580 0.130208
0 0.241367 0.457836 0.080580 0.130208
0 0.717148 0.020994 0.080580 0.130208
0 0.159336 0.457836 0.080580 0.130208
0 0.795664 0.301696 0.080580 0.130208
0 0.633945 0.878889 0.080580 0.130208
0 0.001133 0.857836 0.080580 0.130208
0 0.227305 0.243801 0.080580 0.130208
0 0.383164 0.220994 0.080580 0.130208
0 0.485117 0.240292 0.080580 0.130208
0 0.728867 0.491170 0.080580 0.130208
0 0.306992 0.673626 0.080580 0.130208
0 0.573008 0.449064 0.080580 0.130208
0 0.403086 0.856082 0.080580 0.130208
0 0.865977 0.675380 0.080580 0.130208
0 0.864805 0.038538 0.080580 0.130208
0 0.710117 0.682398 0.080580 0.130208
0 0.802695 0.506959 0.080580 0.130208
0 0.793320 0.852573 0.080580 0.130208
0 0.390195 0.282398 0.080580 0.130208
0 0.564805 0.880643 0.080580 0.130208
0 0.639805 0.291170 0.080580 0.130208
0 0.012852 0.661345 0.080580 0.130208
0 0.948008 0.882398 0.080580 0.130208
0 0.567148 0.503450 0.080580 0.130208
0 0.467539 0.880643 0.080580 0.130208
0 0.789805 0.429766 0.080580 0.130208
0 0.864805 0.875380 0.080580 0.130208
0 0.881211 0.496433 0.080580 0.130208