0 0.457655 0.582292 0.148438 0.098958
0 0.748836 0.771132 0.148438 0.098958
0 0.672083 0.315478 0.148438 0.098958
0 0.451565 0.375176 0.148438 0.098958
0 0.597766 0.765041 0.148438 0.098958
0 0.583145 0.443403 0.148438 0.098958
0 0.830466 0.445837 0.148438 0.098958
0 0.962042 0.923423 0.148438 0.098958
0 0.235919 0.903930 0.148438 0.098958
0 0.601417 0.910020 0.148438 0.098958
0 0.719596 0.515282 0.148438 0.098958
0 0.413795 0.906368 0.148438 0.098958
0 0.143329 0.661483 0.148438 0.098958
0 0.675735 0.237504 0.148438 0.098958
0 0.906001 0.685850 0.148438 0.098958
0 0.715944 0.448276 0.148438 0.098958
0 0.736654 0.679759 0.148438 0.098958
0 0.322422 0.566454 0.148438 0.098958
0 0.598983 0.588382 0.148438 0.098958
0 0.435727 0.779661 0.148438 0.098958
0 0.567308 0.243595 0.148438 0.098958
0 0.329730 0.488480 0.148438 0.098958
0 0.184751 0.561581 0.148438 0.098958
0 0.302929 0.670012 0.148438 0.098958
0 0.462529 0.440964 0.148438 0.098958
0 0.572177 0.375176 0.148438 0.098958
0 0.092157 0.767475 0.148438 0.098958
0 0.782949 0.914894 0.148438 0.098958
0 0.222520 0.400760 0.148438 0.098958
0 0.557561 0.317913 0.148438 0.098958
0 0.350445 0.300858 0.148438 0.098958
0 0.797569 0.236287 0.148438 0.098958
0 0.240792 0.295984 0.148438 0.098958
0 0.212774 0.473860 0.148438 0.098958
0 0.338260 0.419036 0.148438 0.098958
0 0.271254 0.768697 0.148438 0.098958
0 0.443035 0.671230 0.148438 0.098958
0 0.234702 0.343501 0.148438 0.098958
0 0.725690 0.598129 0.148438 0.098958
0 0.932806 0.796716 0.148438 0.098958
0 0.789040 0.375176 0.148438 0.098958
0 0.851176 0.517721 0.148438 0.098958
0 0.351663 0.232631 0.148438 0.098958
0 0.865797 0.596912 0.148438 0.098958
0 0.446691 0.300858 0.148438 0.098958
0 0.045862 0.900274 0.148438 0.098958
0 0.590453 0.666356 0.148438 0.098958
0 0.681830 0.378832 0.148438 0.098958
0 0.227394 0.227757 0.148438 0.098958
0 0.774420 0.317913 0.148438 0.098958
0 0.447908 0.494571 0.148438 0.098958
0 0.344350 0.360556 0.148438 0.098958
0 0.583145 0.521377 0.148438 0.098958