0 0.338544 0.868517 0.152199 0.303819
0 0.735033 0.884317 0.152199 0.303819
0 0.884744 0.861500 0.152199 0.303819
0 0.187667 0.533433 0.152199 0.303819
0 0.724511 0.538700 0.152199 0.303819
0 0.048489 0.542200 0.152199 0.303819
0 0.201700 0.193083 0.152199 0.303819
0 0.770122 0.175533 0.152199 0.303819
0 0.482411 0.191333 0.152199 0.303819
0 0.632111 0.187817 0.152199 0.303819
0 0.337378 0.182550 0.152199 0.303819
0 0.317489 0.533433 0.152199 0.303819
0 0.064856 0.877300 0.152199 0.303819
0 0.056678 0.196583 0.152199 0.303819
0 0.212233 0.868517 0.152199 0.303819
0 0.484744 0.861500 0.152199 0.303819
0 0.599367 0.872033 0.152199 0.303819
0 0.906967 0.172033 0.152199 0.303819
0 0.873056 0.545717 0.152199 0.303819
0 0.591178 0.533433 0.152199 0.303819
0 0.455500 0.533433 0.152199 0.303819
0 0.973633 0.884317 0.152199 0.303819
0 0.971300 0.531683 0.152199 0.303819