0 0.878869 0.892410 0.048338 0.052083
0 0.347500 0.766564 0.048338 0.052083
0 0.056369 0.636410 0.048338 0.052083
0 0.497470 0.683128 0.048338 0.052083
0 0.534494 0.746923 0.048338 0.052083
0 0.421250 0.699949 0.048338 0.052083
0 0.076607 0.626821 0.048338 0.052083
0 0.319881 0.731590 0.048338 0.052083
0 0.305149 0.712615 0.048338 0.052083
0 0.563363 0.762205 0.048338 0.052083
0 0.351190 0.684000 0.048338 0.052083
0 0.058244 0.664974 0.048338 0.052083
0 0.613006 0.758410 0.048338 0.052083
0 0.376964 0.712615 0.048338 0.052083
0 0.554494 0.797949 0.048338 0.052083
0 0.791458 0.814564 0.048338 0.052083
0 0.949226 0.929385 0.048338 0.052083
0 0.415714 0.738000 0.048338 0.052083
0 0.593750 0.777538 0.048338 0.052083
0 0.025060 0.636410 0.048338 0.052083
0 0.349345 0.722154 0.048338 0.052083
0 0.573006 0.736718 0.048338 0.052083
0 0.664107 0.783897 0.048338 0.052083
0 0.912917 0.929385 0.048338 0.052083
0 0.382530 0.744359 0.048338 0.052083
0 0.702589 0.800513 0.048338 0.052083
0 0.822589 0.868154 0.048338 0.052083
0 0.229613 0.620564 0.048338 0.052083