0 0.331437 0.349750 0.072266 0.098090
0 0.386362 0.277783 0.072266 0.098090
0 0.446975 0.243683 0.072266 0.098090
0 0.526512 0.207067 0.072266 0.098090
0 0.582388 0.291667 0.072266 0.098090
0 0.525563 0.334600 0.072266 0.098090
0 0.444125 0.347217 0.072266 0.098090
0 0.390150 0.424250 0.072266 0.098090
0 0.358900 0.564400 0.072266 0.098090
0 0.325763 0.691917 0.072266 0.098090
0 0.393937 0.698233 0.072266 0.098090
0 0.476325 0.689400 0.072266 0.098090
0 0.503787 0.545450 0.072266 0.098090
0 0.588063 0.534083 0.072266 0.098090
0 0.557762 0.664133 0.072266 0.098090
0 0.643937 0.651517 0.072266 0.098090
0 0.680875 0.515150 0.072266 0.098090