0 0.154398 0.278288 0.079096 0.110243
0 0.862303 0.706370 0.079096 0.110243
0 0.228217 0.017489 0.079096 0.110243
0 0.406731 0.148470 0.079096 0.110243
0 0.664785 0.102854 0.079096 0.110243
0 0.525483 0.015137 0.079096 0.110243
0 0.961649 0.736187 0.079096 0.110243
0 0.380475 0.401096 0.079096 0.110243
0 0.767548 0.239703 0.079096 0.110243
0 0.646508 0.613379 0.079096 0.110243
0 0.580282 0.304612 0.079096 0.110243
0 0.593997 0.016895 0.079096 0.110243
0 0.596270 0.071279 0.079096 0.110243
0 0.413596 0.036187 0.079096 0.110243
0 0.444413 0.025662 0.079096 0.110243
0 0.651085 0.513379 0.079096 0.110243
0 0.139554 0.016895 0.079096 0.110243
0 0.391902 0.197603 0.079096 0.110243
0 0.254874 0.681804 0.079096 0.110243
0 0.765260 0.383562 0.079096 0.110243
0 0.097311 0.262511 0.079096 0.110243
0 0.097311 0.509886 0.079096 0.110243
0 0.053923 0.044954 0.079096 0.110243
0 0.217207 0.441461 0.079096 0.110243
0 0.533477 0.122169 0.079096 0.110243
0 0.044799 0.208128 0.079096 0.110243
0 0.158975 0.722169 0.079096 0.110243
0 0.495795 0.109886 0.079096 0.110243
0 0.854324 0.129178 0.079096 0.110243
0 0.206924 0.051986 0.079096 0.110243
0 0.510639 0.287078 0.079096 0.110243
0 0.122437 0.157237 0.079096 0.110243
0 0.106449 0.839703 0.079096 0.110243
0 0.761828 0.081804 0.079096 0.110243
0 0.788098 0.813379 0.079096 0.110243
0 0.885141 0.425662 0.079096 0.110243
0 0.012823 0.130936 0.079096 0.110243
0 0.773254 0.695845 0.079096 0.110243
0 0.156686 0.606370 0.079096 0.110243
0 0.758410 0.185320 0.079096 0.110243
0 0.983343 0.409886 0.079096 0.110243
0 0.211486 0.806370 0.079096 0.110243
0 0.558588 0.078288 0.079096 0.110243
0 0.325676 0.011621 0.079096 0.110243
0 0.485527 0.169521 0.079096 0.110243
0 0.130431 0.218653 0.079096 0.110243
0 0.664785 0.151986 0.079096 0.110243
0 0.372481 0.281804 0.079096 0.110243
0 0.124710 0.436187 0.079096 0.110243
0 0.055067 0.946712 0.079096 0.110243
0 0.283432 0.574795 0.079096 0.110243
0 0.423863 0.087078 0.079096 0.110243
0 0.421575 0.490571 0.079096 0.110243
0 0.365632 0.025662 0.079096 0.110243
0 0.448990 0.358995 0.079096 0.110243
0 0.343938 0.336187 0.079096 0.110243
0 0.345082 0.109886 0.079096 0.110243
0 0.989049 0.506370 0.079096 0.110243
0 0.101887 0.337945 0.079096 0.110243
0 0.276568 0.064269 0.079096 0.110243
0 0.901129 0.616895 0.079096 0.110243
0 0.084755 0.009886 0.079096 0.110243
0 0.511783 0.057237 0.079096 0.110243
0 0.227474 0.088836 0.079096 0.110243
0 0.016241 0.529178 0.079096 0.110243
0 0.253744 0.360753 0.079096 0.110243
0 0.013967 0.720411 0.079096 0.110243
0 0.036805 0.104612 0.079096 0.110243
0 0.759554 0.032694 0.079096 0.110243
0 0.485527 0.771279 0.079096 0.110243
0 0.208068 0.232694 0.079096 0.110243
0 0.865736 0.264269 0.079096 0.110243
0 0.178380 0.944954 0.079096 0.110243
0 0.550609 0.385320 0.079096 0.110243
0 0.655646 0.334429 0.079096 0.110243
0 0.013967 0.339703 0.079096 0.110243
0 0.894279 0.966027 0.079096 0.110243
0 0.782392 0.574795 0.079096 0.110243
0 0.198930 0.185320 0.079096 0.110243
0 0.861174 0.192329 0.079096 0.110243
0 0.927385 0.053744 0.079096 0.110243
0 0.471813 0.230936 0.079096 0.110243
0 0.356493 0.062511 0.079096 0.110243
0 0.838336 0.037945 0.079096 0.110243
0 0.519777 0.566027 0.079096 0.110243
0 0.169242 0.360753 0.079096 0.110243
0 0.670490 0.008128 0.079096 0.110243
0 0.292556 0.104612 0.079096 0.110243
0 0.027667 0.385320 0.079096 0.110243
0 0.890862 0.522169 0.079096 0.110243
0 0.511783 0.669521 0.079096 0.110243
0 0.327949 0.158995 0.079096 0.110243
0 0.185230 0.527420 0.079096 0.110243
0 0.050505 0.444954 0.079096 0.110243
0 0.657935 0.271279 0.079096 0.110243
0 0.540327 0.458995 0.079096 0.110243
0 0.776672 0.939703 0.079096 0.110243
0 0.586003 0.116895 0.079096 0.110243
0 0.979911 0.322169 0.079096 0.110243
0 0.379331 0.688836 0.079096 0.110243
0 0.914829 0.873037 0.079096 0.110243
0 0.891991 0.023904 0.079096 0.110243
0 0.872585 0.343219 0.079096 0.110243
0 0.470684 0.920411 0.079096 0.110243
0 0.098455 0.043219 0.079096 0.110243
0 0.069911 0.150228 0.079096 0.110243
0 0.316538 0.474795 0.079096 0.110243
0 0.572303 0.237945 0.079096 0.110243
0 0.177236 0.134429 0.079096 0.110243
0 0.285706 0.276553 0.079096 0.110243
0 0.256018 0.129178 0.079096 0.110243
0 0.098455 0.094087 0.079096 0.110243
0 0.987905 0.171279 0.079096 0.110243
0 0.397608 0.573037 0.079096 0.110243
0 0.351932 0.827420 0.079096 0.110243
0 0.954799 0.225662 0.079096 0.110243
0 0.637385 0.729178 0.079096 0.110243
0 0.928529 0.141461 0.079096 0.110243
0 0.637385 0.895845 0.079096 0.110243
0 0.656790 0.415137 0.079096 0.110243
0 0.582571 0.174795 0.079096 0.110243
0 0.670490 0.051986 0.079096 0.110243
0 0.287994 0.022169 0.079096 0.110243
0 0.013967 0.267763 0.079096 0.110243
0 0.048217 0.602854 0.079096 0.110243
0 0.842897 0.080046 0.079096 0.110243
0 0.024235 0.843219 0.079096 0.110243
0 0.152125 0.058995 0.079096 0.110243
0 0.456984 0.294087 0.079096 0.110243
0 0.765260 0.469521 0.079096 0.110243
0 0.939955 0.090571 0.079096 0.110243
0 0.218351 0.295845 0.079096 0.110243
0 0.979911 0.262511 0.079096 0.110243
0 0.249168 0.176553 0.079096 0.110243
0 0.765260 0.297603 0.079096 0.110243
0 0.760698 0.132694 0.079096 0.110243
0 0.302838 0.208128 0.079096 0.110243
0 0.314250 0.969521 0.079096 0.110243
0 0.089316 0.697603 0.079096 0.110243
0 0.664785 0.223904 0.079096 0.110243