0 0.469841 0.349091 0.154290 0.081597
0 0.093432 0.284761 0.154290 0.081597
0 0.569841 0.042081 0.154290 0.081597
0 0.691773 0.919115 0.154290 0.081597
0 0.904705 0.725407 0.154290 0.081597
0 0.899000 0.217512 0.154290 0.081597
0 0.184841 0.732727 0.154290 0.081597
0 0.599000 0.216053 0.154290 0.081597
0 0.458727 0.214593 0.154290 0.081597
0 0.020386 0.920287 0.154290 0.081597
0 0.269273 0.791196 0.154290 0.081597
0 0.696364 0.668086 0.154290 0.081597
0 0.030932 0.088852 0.154290 0.081597
0 0.771636 0.727895 0.154290 0.081597
0 0.117614 0.914306 0.154290 0.081597
0 0.442045 0.096172 0.154290 0.081597
0 0.894841 0.477751 0.154290 0.081597
0 0.329318 0.977512 0.154290 0.081597
0 0.749545 0.603612 0.154290 0.081597
0 0.345659 0.852153 0.154290 0.081597
0 0.625795 0.603612 0.154290 0.081597
0 0.772614 0.480670 0.154290 0.081597
0 0.207886 0.975120 0.154290 0.081597
0 0.021227 0.281842 0.154290 0.081597
0 0.835250 0.536507 0.154290 0.081597
0 0.393159 0.915478 0.154290 0.081597
0 0.975386 0.087392 0.154290 0.081597
0 0.962614 0.922775 0.154290 0.081597
0 0.318432 0.223349 0.154290 0.081597
0 0.097614 0.028923 0.154290 0.081597
0 0.902341 0.844856 0.154290 0.081597
0 0.966091 0.540167 0.154290 0.081597
0 0.407341 0.156100 0.154290 0.081597
0 0.253159 0.154641 0.154290 0.081597
0 0.124545 0.794856 0.154290 0.081597
0 0.632750 0.854498 0.154290 0.081597
0 0.687886 0.033301 0.154290 0.081597
0 0.020386 0.798517 0.154290 0.081597
0 0.428159 0.417799 0.154290 0.081597
0 0.022614 0.533301 0.154290 0.081597
0 0.828159 0.031842 0.154290 0.081597
0 0.174000 0.087392 0.154290 0.081597
0 0.619977 0.725407 0.154290 0.081597
0 0.892045 0.091770 0.154290 0.081597
0 0.018432 0.031842 0.154290 0.081597
0 0.271636 0.668086 0.154290 0.081597
0 0.125795 0.669402 0.154290 0.081597
0 0.964273 0.284761 0.154290 0.081597
0 0.908159 0.980096 0.154290 0.081597
0 0.394273 0.670574 0.154290 0.081597
0 0.994841 0.482129 0.154290 0.081597
0 0.187886 0.476292 0.154290 0.081597
0 0.146227 0.224833 0.154290 0.081597
0 0.285114 0.085933 0.154290 0.081597
0 0.404682 0.787536 0.154290 0.081597
0 0.979545 0.413421 0.154290 0.081597
0 0.051636 0.976435 0.154290 0.081597
0 0.735114 0.091770 0.154290 0.081597
0 0.833727 0.284761 0.154290 0.081597
0 0.816773 0.782727 0.154290 0.081597
0 0.050523 0.610933 0.154290 0.081597
0 0.482182 0.854498 0.154290 0.081597
0 0.830659 0.665766 0.154290 0.081597
0 0.942045 0.160502 0.154290 0.081597
0 0.989136 0.852153 0.154290 0.081597
0 0.015795 0.665766 0.154290 0.081597
0 0.054545 0.347632 0.154290 0.081597
0 0.476500 0.726579 0.154290 0.081597
0 0.530795 0.790024 0.154290 0.081597
0 0.601773 0.093254 0.154290 0.081597
0 0.826773 0.156100 0.154290 0.081597
0 0.565523 0.666938 0.154290 0.081597
0 0.991500 0.599976 0.154290 0.081597
0 0.542477 0.917943 0.154290 0.081597
0 0.130932 0.533301 0.154290 0.081597
0 0.307341 0.350550 0.154290 0.081597
0 0.044818 0.223349 0.154290 0.081597
0 0.268432 0.037679 0.154290 0.081597
0 0.348023 0.605957 0.154290 0.081597
0 0.283727 0.417799 0.154290 0.081597
0 0.544841 0.410502 0.154290 0.081597
0 0.695250 0.543828 0.154290 0.081597
0 0.985659 0.980096 0.154290 0.081597
0 0.154545 0.350550 0.154290 0.081597
0 0.758864 0.982416 0.154290 0.081597
0 0.949841 0.668086 0.154290 0.081597
0 0.202182 0.855813 0.154290 0.081597
0 0.049409 0.726579 0.154290 0.081597
0 0.265795 0.914306 0.154290 0.081597
0 0.146227 0.425120 0.154290 0.081597
0 0.885114 0.347632 0.154290 0.081597
0 0.714273 0.283301 0.154290 0.081597
0 0.488023 0.601148 0.154290 0.081597
0 0.844545 0.922775 0.154290 0.081597
0 0.943455 0.031842 0.154290 0.081597
0 0.347614 0.479211 0.154290 0.081597
0 0.773864 0.850837 0.154290 0.081597
0 0.597614 0.349091 0.154290 0.081597
0 0.335250 0.731555 0.154290 0.081597
0 0.018432 0.161962 0.154290 0.081597
0 0.476500 0.977608 0.154290 0.081597
0 0.415659 0.280383 0.154290 0.081597
0 0.544682 0.543828 0.154290 0.081597
0 0.719841 0.413421 0.154290 0.081597
0 0.758727 0.214593 0.154290 0.081597
0 0.704409 0.786364 0.154290 0.081597
0 0.042045 0.473349 0.154290 0.081597
0 0.683727 0.157560 0.154290 0.081597
0 0.416227 0.541483 0.154290 0.081597
0 0.914000 0.603612 0.154290 0.081597
0 0.051636 0.852153 0.154290 0.081597
0 0.436500 0.037679 0.154290 0.081597
0 0.253159 0.283301 0.154290 0.081597
0 0.628159 0.479211 0.154290 0.081597
0 0.978159 0.217512 0.154290 0.081597
0 0.471227 0.471890 0.154290 0.081597
0 0.765659 0.347632 0.154290 0.081597
0 0.979545 0.347632 0.154290 0.081597
0 0.555932 0.283301 0.154290 0.081597
0 0.963727 0.788708 0.154290 0.081597
0 0.033727 0.407560 0.154290 0.081597
0 0.132341 0.157560 0.154290 0.081597
0 0.189409 0.604785 0.154290 0.081597
0 0.847614 0.413421 0.154290 0.081597
0 0.992614 0.732727 0.154290 0.081597
0 0.259977 0.548804 0.154290 0.081597
0 0.539273 0.156100 0.154290 0.081597
0 0.630386 0.980096 0.154290 0.081597