0 0.517163 0.611037 0.500000 0.052083
0 0.524500 0.472144 0.500000 0.052083
0 0.514425 0.174925 0.500000 0.052083
0 0.520837 0.423898 0.500000 0.052083
0 0.511675 0.556939 0.500000 0.052083
0 0.502500 0.660738 0.500000 0.052083
0 0.520837 0.384427 0.500000 0.052083
0 0.516062 0.074337 0.500000 0.052083
0 0.509838 0.317178 0.500000 0.052083
0 0.548325 0.706062 0.500000 0.052083
0 0.509475 0.254167 0.500000 0.052083
0 0.511125 0.132084 0.500000 0.052083
0 0.505988 0.219222 0.500000 0.052083
0 0.535500 0.744078 0.500000 0.052083
0 0.522663 0.787936 0.500000 0.052083
0 0.524500 0.103868 0.500000 0.052083
0 0.520837 0.872732 0.500000 0.052083
0 0.519000 0.507238 0.500000 0.052083