0 0.726953 0.711444 0.081096 0.171875
0 0.831337 0.525054 0.081096 0.171875
0 0.883140 0.651751 0.081096 0.171875
0 0.680651 0.553069 0.081096 0.171875
0 0.347093 0.300866 0.081096 0.171875
0 0.746570 0.538448 0.081096 0.171875
0 0.461686 0.514079 0.081096 0.171875
0 0.508721 0.430325 0.081096 0.171875
0 0.421860 0.702888 0.081096 0.171875
0 0.377709 0.263105 0.081096 0.171875
0 0.365151 0.293556 0.081096 0.171875
0 0.571558 0.737040 0.081096 0.171875
0 0.570767 0.555505 0.081096 0.171875
0 0.410663 0.308177 0.081096 0.171875
0 0.143035 0.132744 0.081096 0.171875
0 0.143826 0.190000 0.081096 0.171875
0 0.788174 0.595704 0.081096 0.171875