0 0.164107 0.182770 0.071895 0.048611
0 0.557213 0.504410 0.071895 0.048611
0 0.937333 0.600660 0.071895 0.048611
0 0.748893 0.203490 0.071895 0.048611
0 0.430507 0.823610 0.071895 0.048611
0 0.212840 0.514160 0.071895 0.048611
0 0.230707 0.693250 0.071895 0.048611
0 0.847987 0.503190 0.071895 0.048611
0 0.411013 0.355780 0.071895 0.048611
0 0.310307 0.411820 0.071895 0.048611
0 0.573453 0.416690 0.071895 0.048611
0 0.961707 0.713970 0.071895 0.048611
0 0.357413 0.832140 0.071895 0.048611
0 0.737533 0.298520 0.071895 0.048611
0 0.289187 0.498320 0.071895 0.048611
0 0.238827 0.626250 0.071895 0.048611
0 0.082880 0.621370 0.071895 0.048611
0 0.082880 0.521470 0.071895 0.048611
0 0.703413 0.607970 0.071895 0.048611
0 0.770013 0.707870 0.071895 0.048611
0 0.121867 0.823610 0.071895 0.048611
0 0.960080 0.414260 0.071895 0.048611
0 0.438627 0.519030 0.071895 0.048611
0 0.747280 0.360650 0.071895 0.048611
0 0.479240 0.179120 0.071895 0.048611
0 0.649813 0.499540 0.071895 0.048611
0 0.432133 0.726150 0.071895 0.048611
0 0.563707 0.822400 0.071895 0.048611
0 0.173853 0.274150 0.071895 0.048611
0 0.222587 0.823610 0.071895 0.048611
0 0.960080 0.212010 0.071895 0.048611
0 0.162480 0.365520 0.071895 0.048611
0 0.336293 0.173030 0.071895 0.048611
0 0.758640 0.840670 0.071895 0.048611
0 0.055267 0.426440 0.071895 0.048611
0 0.799253 0.417910 0.071895 0.048611