0 0.867286 0.300909 0.078226 0.207465
0 0.219717 0.693212 0.078226 0.207465
0 0.753996 0.681030 0.078226 0.207465
0 0.143492 0.186385 0.078226 0.207465
0 0.397345 0.454421 0.078226 0.207465
0 0.712038 0.322841 0.078226 0.207465
0 0.903650 0.481222 0.078226 0.207465
0 0.857495 0.140090 0.078226 0.207465
0 0.232306 0.500717 0.078226 0.207465
0 0.570775 0.682246 0.078226 0.207465
0 0.396643 0.683468 0.078226 0.207465
0 0.250488 0.325278 0.078226 0.207465
0 0.430213 0.159584 0.078226 0.207465
0 0.282655 0.197351 0.078226 0.207465
0 0.573573 0.476353 0.078226 0.207465
0 0.740011 0.488535 0.078226 0.207465
0 0.050481 0.689559 0.078226 0.207465
0 0.412729 0.305784 0.078226 0.207465
0 0.072159 0.494626 0.078226 0.207465
0 0.725325 0.141312 0.078226 0.207465
0 0.952604 0.644479 0.078226 0.207465
0 0.114818 0.319187 0.078226 0.207465
0 0.591054 0.159584 0.078226 0.207465
0 0.562383 0.303346 0.078226 0.207465