0 0.106079 0.534753 0.057639 0.053646
0 0.915427 0.324954 0.057639 0.053646
0 0.317341 0.567706 0.057639 0.053646
0 0.317341 0.362623 0.057639 0.053646
0 0.800226 0.326069 0.057639 0.053646
0 0.352561 0.166673 0.057639 0.053646
0 0.521195 0.421508 0.057639 0.053646
0 0.613305 0.571764 0.057639 0.053646
0 0.908384 0.425064 0.057639 0.053646
0 0.582829 0.316938 0.057639 0.053646
0 0.316598 0.676133 0.057639 0.053646
0 0.621433 0.423537 0.057639 0.053646
0 0.364750 0.364653 0.057639 0.053646
0 0.058128 0.783291 0.057639 0.053646
0 0.651909 0.573793 0.057639 0.053646
0 0.834091 0.178857 0.057639 0.053646
0 0.846280 0.362623 0.057639 0.053646
0 0.678323 0.643547 0.057639 0.053646
0 0.659360 0.465165 0.057639 0.053646
0 0.736567 0.130128 0.057639 0.053646
0 0.055689 0.846645 0.057639 0.053646
0 0.656646 0.258053 0.057639 0.053646
0 0.054878 0.738208 0.057639 0.053646
0 0.173762 0.470238 0.057639 0.053646
0 0.818988 0.680503 0.057639 0.053646
0 0.888744 0.852797 0.057639 0.053646
0 0.913128 0.571362 0.057639 0.053646
0 0.251646 0.171755 0.057639 0.053646
0 0.789390 0.566691 0.057639 0.053646
0 0.691189 0.363638 0.057639 0.053646
0 0.296348 0.112861 0.057639 0.053646
0 0.692884 0.735832 0.057639 0.053646
0 0.373555 0.466179 0.057639 0.053646
0 0.560476 0.144342 0.057639 0.053646
0 0.875744 0.527505 0.057639 0.053646
0 0.131098 0.262112 0.057639 0.053646
0 0.481238 0.241801 0.057639 0.053646
0 0.914957 0.361609 0.057639 0.053646
0 0.162250 0.360594 0.057639 0.053646
0 0.185274 0.213373 0.057639 0.053646
0 0.724915 0.641718 0.057639 0.053646
0 0.217421 0.671207 0.057639 0.053646
0 0.872494 0.571362 0.057639 0.053646
0 0.200854 0.174799 0.057639 0.053646
0 0.461189 0.772185 0.057639 0.053646
0 0.726878 0.677559 0.057639 0.053646
0 0.768963 0.678428 0.057639 0.053646
0 0.177829 0.260082 0.057639 0.053646
0 0.185274 0.128099 0.057639 0.053646
0 0.270244 0.682166 0.057639 0.053646
0 0.761622 0.465165 0.057639 0.053646
0 0.612628 0.530137 0.057639 0.053646
0 0.710152 0.468208 0.057639 0.053646
0 0.164933 0.872834 0.057639 0.053646
0 0.299055 0.251956 0.057639 0.053646
0 0.474872 0.680503 0.057639 0.053646
0 0.129061 0.175814 0.057639 0.053646
0 0.885835 0.252258 0.057639 0.053646
0 0.351207 0.208300 0.057639 0.053646
0 0.824543 0.766289 0.057639 0.053646
0 0.473110 0.366682 0.057639 0.053646
0 0.599756 0.259068 0.057639 0.053646
0 0.477854 0.325055 0.057639 0.053646
0 0.258421 0.319982 0.057639 0.053646
0 0.404372 0.777258 0.057639 0.053646
0 0.350732 0.812587 0.057639 0.053646
0 0.621835 0.639991 0.057639 0.053646
0 0.515713 0.818684 0.057639 0.053646
0 0.619396 0.214388 0.057639 0.053646
0 0.867616 0.686389 0.057639 0.053646
0 0.129744 0.086472 0.057639 0.053646
0 0.368811 0.531152 0.057639 0.053646
0 0.786006 0.135201 0.057639 0.053646
0 0.104451 0.494543 0.057639 0.053646
0 0.886780 0.140174 0.057639 0.053646
0 0.129061 0.136216 0.057639 0.053646
0 0.069506 0.620037 0.057639 0.053646
0 0.173762 0.427596 0.057639 0.053646
0 0.741982 0.085457 0.057639 0.053646
0 0.230652 0.573793 0.057639 0.053646
0 0.272640 0.570750 0.057639 0.053646
0 0.373488 0.673702 0.057639 0.053646
0 0.675610 0.180887 0.057639 0.053646
0 0.658006 0.530137 0.057639 0.053646
0 0.458823 0.821115 0.057639 0.053646
0 0.627323 0.682331 0.057639 0.053646
0 0.238780 0.261097 0.057639 0.053646
0 0.467695 0.422523 0.057639 0.053646
0 0.574701 0.361609 0.057639 0.053646
0 0.815128 0.424552 0.057639 0.053646
0 0.820543 0.644059 0.057639 0.053646
0 0.561152 0.206271 0.057639 0.053646
0 0.743335 0.565676 0.057639 0.053646
0 0.887665 0.219872 0.057639 0.053646
0 0.355945 0.257029 0.057639 0.053646
0 0.745372 0.368711 0.057639 0.053646
0 0.420963 0.423537 0.057639 0.053646
0 0.791421 0.363638 0.057639 0.053646
0 0.078945 0.210329 0.057639 0.053646
0 0.054061 0.896590 0.057639 0.053646
0 0.502909 0.150430 0.057639 0.053646
0 0.884671 0.777806 0.057639 0.053646
0 0.045939 0.398300 0.057639 0.053646
0 0.641073 0.351453 0.057639 0.053646
0 0.072854 0.175814 0.057639 0.053646
0 0.356421 0.773601 0.057639 0.053646
0 0.425500 0.677358 0.057639 0.053646
0 0.371524 0.570750 0.057639 0.053646
0 0.561829 0.573793 0.057639 0.053646
0 0.611951 0.469223 0.057639 0.053646
0 0.786006 0.528108 0.057639 0.053646
0 0.310909 0.634717 0.057639 0.053646
0 0.529323 0.325055 0.057639 0.053646
0 0.694573 0.323026 0.057639 0.053646
0 0.209659 0.361609 0.057639 0.053646
0 0.420963 0.463135 0.057639 0.053646
0 0.464305 0.534205 0.057639 0.053646
0 0.076915 0.260082 0.057639 0.053646
0 0.761622 0.423537 0.057639 0.053646
0 0.271055 0.633437 0.057639 0.053646
0 0.466341 0.466179 0.057639 0.053646
0 0.127707 0.326069 0.057639 0.053646
0 0.767244 0.639991 0.057639 0.053646
0 0.166884 0.823126 0.057639 0.053646
0 0.255616 0.864918 0.057639 0.053646
0 0.260451 0.359580 0.057639 0.053646
0 0.670195 0.204241 0.057639 0.053646
0 0.414530 0.635832 0.057639 0.053646
0 0.829348 0.258053 0.057639 0.053646
0 0.854409 0.324040 0.057639 0.053646
0 0.271287 0.467194 0.057639 0.053646
0 0.787146 0.826051 0.057639 0.053646
0 0.177829 0.575832 0.057639 0.053646
0 0.176470 0.534205 0.057639 0.053646
0 0.675970 0.880146 0.057639 0.053646
0 0.522689 0.682331 0.057639 0.053646
0 0.668165 0.425567 0.057639 0.053646
0 0.725049 0.220484 0.057639 0.053646
0 0.565220 0.464150 0.057639 0.053646
0 0.318018 0.426581 0.057639 0.053646
0 0.467421 0.636444 0.057639 0.053646
0 0.917189 0.528720 0.057639 0.053646
0 0.848988 0.467194 0.057639 0.053646
0 0.420287 0.363638 0.057639 0.053646
0 0.778555 0.171755 0.057639 0.053646
0 0.130421 0.218455 0.057639 0.053646
0 0.420287 0.575832 0.057639 0.053646
0 0.704055 0.526079 0.057639 0.053646
0 0.368811 0.423537 0.057639 0.053646
0 0.060567 0.678510 0.057639 0.053646
0 0.303799 0.164644 0.057639 0.053646
0 0.405994 0.817459 0.057639 0.053646
0 0.637683 0.317952 0.057639 0.053646
0 0.517201 0.767514 0.057639 0.053646
0 0.438573 0.209314 0.057639 0.053646
0 0.518421 0.644662 0.057639 0.053646
0 0.622110 0.168702 0.057639 0.053646
0 0.226591 0.532176 0.057639 0.053646
0 0.887665 0.103528 0.057639 0.053646
0 0.304378 0.765009 0.057639 0.053646
0 0.672902 0.125046 0.057639 0.053646
0 0.297024 0.213373 0.057639 0.053646
0 0.318695 0.529122 0.057639 0.053646
0 0.019933 0.478711 0.057639 0.053646
0 0.885835 0.181088 0.057639 0.053646
0 0.075561 0.138245 0.057639 0.053646
0 0.781939 0.219470 0.057639 0.053646
0 0.834768 0.216426 0.057639 0.053646
0 0.776524 0.263126 0.057639 0.053646
0 0.413512 0.531152 0.057639 0.053646
0 0.519165 0.573793 0.057639 0.053646
0 0.744012 0.327084 0.057639 0.053646
0 0.434506 0.153473 0.057639 0.053646
0 0.076238 0.319982 0.057639 0.053646
0 0.421640 0.325055 0.057639 0.053646
0 0.530677 0.257029 0.057639 0.053646
0 0.215793 0.635868 0.057639 0.053646
0 0.102012 0.454342 0.057639 0.053646
0 0.269933 0.533190 0.057639 0.053646
0 0.561829 0.529122 0.057639 0.053646
0 0.071494 0.362623 0.057639 0.053646
0 0.714890 0.422523 0.057639 0.053646
0 0.222524 0.426581 0.057639 0.053646
0 0.720988 0.260082 0.057639 0.053646
0 0.265195 0.429625 0.057639 0.053646
0 0.834768 0.135201 0.057639 0.053646
0 0.226591 0.464150 0.057639 0.053646
0 0.025622 0.576170 0.057639 0.053646
0 0.112811 0.361609 0.057639 0.053646
0 0.900396 0.475110 0.057639 0.053646
0 0.032933 0.535969 0.057639 0.053646
0 0.326146 0.462121 0.057639 0.053646
0 0.703445 0.819899 0.057639 0.053646
0 0.576396 0.636444 0.057639 0.053646
0 0.615201 0.768629 0.057639 0.053646
0 0.173762 0.319982 0.057639 0.053646
0 0.812421 0.467194 0.057639 0.053646
0 0.867616 0.642934 0.057639 0.053646
0 0.022366 0.436069 0.057639 0.053646
0 0.725049 0.181901 0.057639 0.053646
0 0.427055 0.248912 0.057639 0.053646
0 0.320726 0.324040 0.057639 0.053646
0 0.515104 0.532176 0.057639 0.053646
0 0.832738 0.567706 0.057639 0.053646
0 0.465659 0.573793 0.057639 0.053646
0 0.571311 0.419479 0.057639 0.053646
0 0.833415 0.528108 0.057639 0.053646
0 0.240134 0.214388 0.057639 0.053646
0 0.529323 0.364653 0.057639 0.053646
0 0.519165 0.463135 0.057639 0.053646
0 0.573280 0.770960 0.057639 0.053646
0 0.375585 0.324040 0.057639 0.053646
0 0.781470 0.769945 0.057639 0.053646
0 0.701348 0.571764 0.057639 0.053646
0 0.497494 0.194086 0.057639 0.053646
0 0.848988 0.428611 0.057639 0.053646
0 0.561860 0.874296 0.057639 0.053646
0 0.366171 0.633492 0.057639 0.053646
0 0.574835 0.679890 0.057639 0.053646