0 0.641365 0.980359 0.058974 0.092014
0 0.974376 0.978589 0.058974 0.092014
0 0.427412 0.517201 0.058974 0.092014
0 0.199647 0.440000 0.058974 0.092014
0 0.767318 0.110167 0.058974 0.092014
0 0.147882 0.841746 0.058974 0.092014
0 0.206541 0.054019 0.058974 0.092014
0 0.591318 0.861053 0.058974 0.092014
0 0.082306 0.568062 0.058974 0.092014
0 0.146141 0.764569 0.058974 0.092014
0 0.970941 0.047010 0.058974 0.092014
0 0.529200 0.717201 0.058974 0.092014
0 0.199647 0.161053 0.058974 0.092014
0 0.536118 0.848780 0.058974 0.092014
0 0.755247 0.703158 0.058974 0.092014
0 0.258306 0.920694 0.058974 0.092014
0 0.534376 0.383852 0.058974 0.092014
0 0.589600 0.589115 0.058974 0.092014
0 0.196188 0.922464 0.058974 0.092014
0 0.589600 0.387368 0.058974 0.092014
0 0.144424 0.640000 0.058974 0.092014
0 0.201365 0.240000 0.058974 0.092014
0 0.912259 0.311938 0.058974 0.092014
0 0.373906 0.652273 0.058974 0.092014
0 0.256588 0.299641 0.058974 0.092014
0 0.310071 0.711938 0.058974 0.092014
0 0.594776 0.115431 0.058974 0.092014
0 0.422235 0.306675 0.058974 0.092014
0 0.808729 0.040000 0.058974 0.092014
0 0.203082 0.376842 0.058974 0.092014
0 0.756965 0.445263 0.058974 0.092014
0 0.694847 0.643517 0.058974 0.092014
0 0.914000 0.450526 0.058974 0.092014
0 0.313529 0.503158 0.058974 0.092014
0 0.869129 0.975096 0.058974 0.092014
0 0.090941 0.166316 0.058974 0.092014
0 0.819082 0.836483 0.058974 0.092014
0 0.370471 0.304904 0.058974 0.092014
0 0.092659 0.718947 0.058974 0.092014
0 0.813906 0.108421 0.058974 0.092014
0 0.977835 0.359306 0.058974 0.092014
0 0.870847 0.910167 0.058974 0.092014
0 0.977835 0.571579 0.058974 0.092014
0 0.860494 0.640000 0.058974 0.092014
0 0.475718 0.313684 0.058974 0.092014
0 0.703482 0.110167 0.058974 0.092014
0 0.260024 0.510167 0.058974 0.092014
0 0.701765 0.578589 0.058974 0.092014
0 0.032259 0.424211 0.058974 0.092014
0 0.477435 0.048756 0.058974 0.092014
0 0.028800 0.976842 0.058974 0.092014
0 0.639647 0.578589 0.058974 0.092014
0 0.084024 0.499641 0.058974 0.092014
0 0.914000 0.108421 0.058974 0.092014
0 0.698306 0.050526 0.058974 0.092014
0 0.367012 0.982105 0.058974 0.092014
0 0.860494 0.173325 0.058974 0.092014
0 0.261765 0.106675 0.058974 0.092014
0 0.306612 0.168062 0.058974 0.092014
0 0.908824 0.645263 0.058974 0.092014
0 0.920894 0.917201 0.058974 0.092014
0 0.027082 0.496148 0.058974 0.092014
0 0.422235 0.922464 0.058974 0.092014
0 0.648259 0.648780 0.058974 0.092014
0 0.589600 0.794378 0.058974 0.092014
0 0.863953 0.711938 0.058974 0.092014
0 0.591318 0.654043 0.058974 0.092014
0 0.650000 0.711938 0.058974 0.092014
0 0.586141 0.045263 0.058974 0.092014
0 0.251412 0.236483 0.058974 0.092014
0 0.532659 0.040000 0.058974 0.092014
0 0.087482 0.034737 0.058974 0.092014
0 0.539553 0.520694 0.058974 0.092014
0 0.032259 0.099641 0.058974 0.092014
0 0.194471 0.717201 0.058974 0.092014
0 0.085765 0.778589 0.058974 0.092014
0 0.919176 0.717201 0.058974 0.092014
0 0.196188 0.854043 0.058974 0.092014
0 0.032259 0.910167 0.058974 0.092014
0 0.644824 0.111938 0.058974 0.092014
0 0.974376 0.794378 0.058974 0.092014
0 0.363553 0.175096 0.058974 0.092014
0 0.482612 0.382105 0.058974 0.092014
0 0.756965 0.906675 0.058974 0.092014
0 0.760424 0.240000 0.058974 0.092014
0 0.705200 0.787368 0.058974 0.092014
0 0.910541 0.576842 0.058974 0.092014
0 0.644824 0.048756 0.058974 0.092014
0 0.365294 0.385622 0.058974 0.092014
0 0.815647 0.903158 0.058974 0.092014
0 0.261765 0.052273 0.058974 0.092014
0 0.760424 0.975096 0.058974 0.092014
0 0.924353 0.243517 0.058974 0.092014
0 0.137529 0.564569 0.058974 0.092014
0 0.807012 0.518947 0.058974 0.092014
0 0.089200 0.366316 0.058974 0.092014
0 0.146141 0.980359 0.058974 0.092014
0 0.144424 0.915431 0.058974 0.092014
0 0.027082 0.725957 0.058974 0.092014
0 0.589600 0.315431 0.058974 0.092014
0 0.755247 0.640000 0.058974 0.092014
0 0.922612 0.852273 0.058974 0.092014
0 0.197906 0.589115 0.058974 0.092014
0 0.867412 0.513684 0.058974 0.092014
0 0.974376 0.427727 0.058974 0.092014
0 0.256588 0.645263 0.058974 0.092014
0 0.865671 0.768062 0.058974 0.092014
0 0.370471 0.452273 0.058974 0.092014
0 0.263482 0.794378 0.058974 0.092014
0 0.646541 0.785622 0.058974 0.092014
0 0.479176 0.450526 0.058974 0.092014
0 0.646541 0.313684 0.058974 0.092014
0 0.815647 0.241746 0.058974 0.092014
0 0.536118 0.455789 0.058974 0.092014
0 0.303176 0.304904 0.058974 0.092014
0 0.924353 0.169833 0.058974 0.092014
0 0.261765 0.580359 0.058974 0.092014
0 0.914000 0.513684 0.058974 0.092014
0 0.367012 0.236483 0.058974 0.092014
0 0.639647 0.454043 0.058974 0.092014
0 0.698353 0.373445 0.058974 0.092014
0 0.807012 0.638254 0.058974 0.092014
0 0.313529 0.780359 0.058974 0.092014
0 0.482612 0.722464 0.058974 0.092014
0 0.539553 0.171579 0.058974 0.092014
0 0.708659 0.911938 0.058974 0.092014
0 0.539553 0.313684 0.058974 0.092014
0 0.920894 0.792632 0.058974 0.092014
0 0.196188 0.785622 0.058974 0.092014
0 0.698306 0.450526 0.058974 0.092014
0 0.486071 0.113684 0.058974 0.092014
0 0.984729 0.285622 0.058974 0.092014
0 0.977835 0.847010 0.058974 0.092014
0 0.425671 0.859306 0.058974 0.092014
0 0.589600 0.176842 0.058974 0.092014
0 0.589600 0.976842 0.058974 0.092014
0 0.587882 0.520694 0.058974 0.092014
0 0.532659 0.652273 0.058974 0.092014
0 0.479176 0.922464 0.058974 0.092014
0 0.810471 0.303158 0.058974 0.092014
0 0.367012 0.792632 0.058974 0.092014
0 0.803553 0.376842 0.058974 0.092014
0 0.425671 0.790885 0.058974 0.092014
0 0.807012 0.441746 0.058974 0.092014
0 0.089200 0.427727 0.058974 0.092014
0 0.256588 0.720694 0.058974 0.092014
0 0.030541 0.282105 0.058974 0.092014
0 0.368729 0.104904 0.058974 0.092014
0 0.425671 0.048756 0.058974 0.092014
0 0.027082 0.647010 0.058974 0.092014
0 0.751788 0.175096 0.058974 0.092014
0 0.144424 0.427727 0.058974 0.092014
0 0.698306 0.975096 0.058974 0.092014
0 0.085765 0.101411 0.058974 0.092014
0 0.596494 0.718947 0.058974 0.092014
0 0.700024 0.718947 0.058974 0.092014
0 0.472259 0.978589 0.058974 0.092014
0 0.370471 0.578589 0.058974 0.092014
0 0.144424 0.706675 0.058974 0.092014
0 0.532659 0.236483 0.058974 0.092014
0 0.085765 0.925957 0.058974 0.092014
0 0.524024 0.115431 0.058974 0.092014
0 0.755247 0.775096 0.058974 0.092014
0 0.260024 0.434737 0.058974 0.092014
0 0.529200 0.589115 0.058974 0.092014
0 0.420494 0.104904 0.058974 0.092014
0 0.368729 0.525957 0.058974 0.092014
0 0.030541 0.043493 0.058974 0.092014
0 0.922612 0.980359 0.058974 0.092014
0 0.199647 0.648780 0.058974 0.092014
0 0.425671 0.652273 0.058974 0.092014
0 0.147882 0.231220 0.058974 0.092014
0 0.976118 0.499641 0.058974 0.092014
0 0.482612 0.787368 0.058974 0.092014
0 0.197906 0.517201 0.058974 0.092014
0 0.087482 0.296148 0.058974 0.092014
0 0.304894 0.920694 0.058974 0.092014
0 0.701765 0.848780 0.058974 0.092014
0 0.862235 0.578589 0.058974 0.092014
0 0.318706 0.580359 0.058974 0.092014
0 0.030541 0.778589 0.058974 0.092014
0 0.260024 0.862799 0.058974 0.092014
0 0.027082 0.161053 0.058974 0.092014
0 0.422235 0.238254 0.058974 0.092014
0 0.972659 0.108421 0.058974 0.092014
0 0.860494 0.383852 0.058974 0.092014
0 0.703482 0.175096 0.058974 0.092014
0 0.867412 0.041746 0.058974 0.092014
0 0.484353 0.238254 0.058974 0.092014
0 0.365294 0.718947 0.058974 0.092014
0 0.311788 0.643517 0.058974 0.092014
0 0.691412 0.306675 0.058974 0.092014
0 0.753529 0.296148 0.058974 0.092014
0 0.030541 0.561053 0.058974 0.092014
0 0.810471 0.771579 0.058974 0.092014
0 0.372188 0.850526 0.058974 0.092014
0 0.487788 0.652273 0.058974 0.092014
0 0.813906 0.973325 0.058974 0.092014
0 0.646541 0.852273 0.058974 0.092014
0 0.427412 0.594378 0.058974 0.092014
0 0.532659 0.924211 0.058974 0.092014
0 0.808729 0.703158 0.058974 0.092014
0 0.489529 0.166316 0.058974 0.092014
0 0.534376 0.782105 0.058974 0.092014
0 0.869129 0.843517 0.058974 0.092014
0 0.482612 0.857536 0.058974 0.092014
0 0.251412 0.976842 0.058974 0.092014
0 0.147882 0.161053 0.058974 0.092014
0 0.420494 0.978589 0.058974 0.092014
0 0.858776 0.304904 0.058974 0.092014
0 0.756965 0.513684 0.058974 0.092014
0 0.760424 0.841746 0.058974 0.092014
0 0.755247 0.047010 0.058974 0.092014
0 0.368729 0.045263 0.058974 0.092014
0 0.977835 0.648780 0.058974 0.092014
0 0.032259 0.348780 0.058974 0.092014
0 0.860494 0.106675 0.058974 0.092014
0 0.981294 0.157536 0.058974 0.092014
0 0.310071 0.222464 0.058974 0.092014
0 0.144424 0.292632 0.058974 0.092014
0 0.860494 0.443517 0.058974 0.092014
0 0.589600 0.243517 0.058974 0.092014
0 0.430847 0.455789 0.058974 0.092014
0 0.311788 0.850526 0.058974 0.092014
0 0.084024 0.976842 0.058974 0.092014
0 0.084024 0.229474 0.058974 0.092014
0 0.644824 0.918947 0.058974 0.092014
0 0.977835 0.920694 0.058974 0.092014
0 0.425671 0.169833 0.058974 0.092014
0 0.196188 0.976842 0.058974 0.092014
0 0.584424 0.466316 0.058974 0.092014
0 0.977835 0.224211 0.058974 0.092014
0 0.313529 0.985622 0.058974 0.092014
0 0.310071 0.366316 0.058974 0.092014
0 0.030541 0.220694 0.058974 0.092014
0 0.919176 0.045263 0.058974 0.092014
0 0.203082 0.299641 0.058974 0.092014
0 0.536118 0.982105 0.058974 0.092014
0 0.641365 0.238254 0.058974 0.092014
0 0.643082 0.175096 0.058974 0.092014
0 0.422235 0.722464 0.058974 0.092014
0 0.646541 0.383852 0.058974 0.092014
0 0.969200 0.725957 0.058974 0.092014
0 0.915718 0.383852 0.058974 0.092014
0 0.146141 0.362799 0.058974 0.092014
0 0.151318 0.503158 0.058974 0.092014
0 0.480894 0.585622 0.058974 0.092014
0 0.313529 0.440000 0.058974 0.092014
0 0.087482 0.641746 0.058974 0.092014
0 0.482612 0.518947 0.058974 0.092014
0 0.700024 0.515431 0.058974 0.092014
0 0.028800 0.847010 0.058974 0.092014
0 0.147882 0.103158 0.058974 0.092014
0 0.705200 0.240000 0.058974 0.092014
0 0.261765 0.373325 0.058974 0.092014
0 0.146141 0.047010 0.058974 0.092014
0 0.089200 0.857536 0.058974 0.092014
0 0.310071 0.096148 0.058974 0.092014
0 0.637906 0.510167 0.058974 0.092014
0 0.858776 0.232990 0.058974 0.092014
0 0.753529 0.578589 0.058974 0.092014
0 0.813906 0.580359 0.058974 0.092014
0 0.751788 0.375096 0.058974 0.092014
0 0.584424 0.922464 0.058974 0.092014
0 0.367012 0.922464 0.058974 0.092014
0 0.420494 0.390885 0.058974 0.092014
0 0.254847 0.166316 0.058974 0.092014
0 0.203082 0.110167 0.058974 0.092014
0 0.807012 0.173325 0.058974 0.092014
0 0.301435 0.047010 0.058974 0.092014