0 0.519489 0.069929 0.113562 0.098090
0 0.113756 0.328696 0.113562 0.098090
0 0.216911 0.456321 0.113562 0.098090
0 0.696333 0.568464 0.113562 0.098090
0 0.347911 0.940536 0.113562 0.098090
0 0.441244 0.198571 0.113562 0.098090
0 0.341178 0.451500 0.113562 0.098090
0 0.679578 0.710286 0.113562 0.098090
0 0.775822 0.073875 0.113562 0.098090
0 0.801111 0.564964 0.113562 0.098090
0 0.246578 0.569929 0.113562 0.098090
0 0.672311 0.442732 0.113562 0.098090
0 0.261133 0.815536 0.113562 0.098090
0 0.879711 0.432500 0.113562 0.098090
0 0.812956 0.947554 0.113562 0.098090
0 0.805133 0.694196 0.113562 0.098090
0 0.366644 0.828696 0.113562 0.098090
0 0.321178 0.202964 0.113562 0.098090
0 0.226933 0.694786 0.113562 0.098090
0 0.117756 0.686000 0.113562 0.098090
0 0.107756 0.458089 0.113562 0.098090
0 0.981067 0.924750 0.113562 0.098090
0 0.341178 0.325768 0.113562 0.098090
0 0.090111 0.220518 0.113562 0.098090
0 0.470178 0.954571 0.113562 0.098090
0 0.896089 0.688339 0.113562 0.098090
0 0.157422 0.565536 0.113562 0.098090
0 0.683222 0.324304 0.113562 0.098090
0 0.696289 0.828107 0.113562 0.098090
0 0.023844 0.575482 0.113562 0.098090
0 0.208378 0.216125 0.113562 0.098090
0 0.460533 0.698286 0.113562 0.098090
0 0.839689 0.185429 0.113562 0.098090
0 0.135600 0.808232 0.113562 0.098090
0 0.221111 0.324304 0.113562 0.098090
0 0.240933 0.944054 0.113562 0.098090
0 0.035533 0.811161 0.113562 0.098090
0 0.490378 0.322857 0.113562 0.098090
0 0.346644 0.084536 0.113562 0.098090
0 0.968867 0.683964 0.113562 0.098090
0 0.528578 0.841857 0.113562 0.098090
0 0.110133 0.100625 0.113562 0.098090
0 0.468533 0.450036 0.113562 0.098090
0 0.786756 0.315982 0.113562 0.098090
0 0.114311 0.924750 0.113562 0.098090
0 0.349178 0.696536 0.113562 0.098090
0 0.673222 0.079143 0.113562 0.098090
0 0.963400 0.192732 0.113562 0.098090
0 0.663222 0.200036 0.113562 0.098090
0 0.370289 0.568464 0.113562 0.098090
0 0.889356 0.928268 0.113562 0.098090
0 0.035711 0.338786 0.113562 0.098090
0 0.532222 0.577232 0.113562 0.098090
0 0.972511 0.429571 0.113562 0.098090
0 0.777822 0.195661 0.113562 0.098090
0 0.222933 0.091857 0.113562 0.098090
0 0.803311 0.433964 0.113562 0.098090
0 0.681400 0.966125 0.113562 0.098090