0 0.173044 0.311100 0.249421 0.187500
0 0.836622 0.124133 0.249421 0.187500
0 0.966289 0.578867 0.249421 0.187500
0 0.848400 0.897200 0.249421 0.187500
0 0.866933 0.985600 0.249421 0.187500
0 0.833244 0.482867 0.249421 0.187500
0 0.663133 0.293400 0.249421 0.187500
0 0.681667 0.121600 0.249421 0.187500
0 0.499778 0.823933 0.249421 0.187500
0 0.823133 0.770867 0.249421 0.187500
0 0.954178 0.090800 0.249421 0.187500
0 0.693444 0.535933 0.249421 0.187500
0 0.499778 0.609200 0.249421 0.187500
0 0.700200 0.732967 0.249421 0.187500
0 0.831556 0.616767 0.249421 0.187500
0 0.959556 0.338867 0.249421 0.187500
0 0.213444 0.500567 0.249421 0.187500
0 0.733867 0.826467 0.249421 0.187500
0 0.652022 0.017767 0.249421 0.187500
0 0.957867 0.427300 0.249421 0.187500
0 0.499778 0.450033 0.249421 0.187500
0 0.816400 0.412133 0.249421 0.187500
0 0.831556 0.252967 0.249421 0.187500
0 0.959556 0.210033 0.249421 0.187500
0 0.149444 0.091300 0.249421 0.187500
0 0.472822 0.306033 0.249421 0.187500
0 0.822467 0.039500 0.249421 0.187500
0 0.457667 0.116567 0.249421 0.187500
0 0.211778 0.912367 0.249421 0.187500
0 0.685044 0.407100 0.249421 0.187500
0 0.213444 0.647100 0.249421 0.187500