0 0.082192 0.150556 0.072790 0.118924
0 0.678093 0.233124 0.072790 0.118924
0 0.811674 0.143436 0.072790 0.118924
0 0.949043 0.038091 0.072790 0.118924
0 0.325672 0.288629 0.072790 0.118924
0 0.729250 0.450932 0.072790 0.118924
0 0.913043 0.009621 0.072790 0.118924
0 0.201563 0.809674 0.072790 0.118924
0 0.371143 0.973386 0.072790 0.118924
0 0.967989 0.235969 0.072790 0.118924
0 0.761462 0.142012 0.072790 0.118924
0 0.509460 0.290067 0.072790 0.118924
0 0.343668 0.524956 0.072790 0.118924
0 0.745356 0.040939 0.072790 0.118924
0 0.876094 0.291488 0.072790 0.118924
0 0.379668 0.828179 0.072790 0.118924
0 0.481037 0.954878 0.072790 0.118924
0 0.986938 0.038091 0.072790 0.118924
0 0.805988 0.445236 0.072790 0.118924
0 0.011139 0.784049 0.072790 0.118924
0 0.418510 0.046635 0.072790 0.118924
0 0.426089 0.015313 0.072790 0.118924
0 0.966096 0.963422 0.072790 0.118924
0 0.350299 0.018162 0.072790 0.118924
0 0.089771 0.021010 0.072790 0.118924
0 0.803147 0.011045 0.072790 0.118924
0 0.359774 0.452356 0.072790 0.118924
0 0.297247 0.052327 0.072790 0.118924
0 0.640198 0.290067 0.072790 0.118924
0 0.167456 0.150556 0.072790 0.118924
0 0.163666 0.021010 0.072790 0.118924
0 0.415669 0.143436 0.072790 0.118924
0 0.337037 0.049479 0.072790 0.118924
0 0.364510 0.140588 0.072790 0.118924
0 0.033876 0.946337 0.072790 0.118924
0 0.276405 0.835299 0.072790 0.118924
0 0.151351 0.936373 0.072790 0.118924
0 0.882725 0.440967 0.072790 0.118924
0 0.451669 0.238817 0.072790 0.118924
0 0.711252 0.811098 0.072790 0.118924
0 0.934833 0.290067 0.072790 0.118924
0 0.432723 0.446660 0.072790 0.118924
0 0.984095 0.530652 0.072790 0.118924
0 0.463039 0.146284 0.072790 0.118924
0 0.988833 0.137744 0.072790 0.118924
0 0.904517 0.234545 0.072790 0.118924
0 0.135245 0.052327 0.072790 0.118924
0 0.867567 0.042363 0.072790 0.118924
0 0.386301 0.016738 0.072790 0.118924
0 0.906410 0.140588 0.072790 0.118924
0 0.988833 0.008197 0.072790 0.118924
0 0.732093 0.233124 0.072790 0.118924
0 0.231879 0.230276 0.072790 0.118924
0 0.729250 0.012465 0.072790 0.118924
0 0.313352 0.016738 0.072790 0.118924
0 0.620302 0.237393 0.072790 0.118924
0 0.081245 0.079377 0.072790 0.118924
0 0.779463 0.224580 0.072790 0.118924
0 0.384394 0.287212 0.072790 0.118924
0 0.661040 0.045211 0.072790 0.118924
0 0.906410 0.803978 0.072790 0.118924
0 0.949043 0.012465 0.072790 0.118924
0 0.664830 0.142012 0.072790 0.118924
0 0.507565 0.442391 0.072790 0.118924
0 0.175983 0.540616 0.072790 0.118924
0 0.145667 0.290067 0.072790 0.118924
0 0.316195 0.146284 0.072790 0.118924
0 0.283984 0.240241 0.072790 0.118924
0 0.495250 0.045211 0.072790 0.118924
0 0.486723 0.816791 0.072790 0.118924
0 0.373984 0.049479 0.072790 0.118924
0 0.453564 0.285795 0.072790 0.118924
0 0.613670 0.143436 0.072790 0.118924
0 0.175035 0.237393 0.072790 0.118924
0 0.828725 0.035246 0.072790 0.118924
0 0.663883 0.524956 0.072790 0.118924
0 0.829672 0.959150 0.072790 0.118924
0 0.090719 0.291488 0.072790 0.118924
0 0.576723 0.009621 0.072790 0.118924
0 0.911148 0.533500 0.072790 0.118924
0 0.414722 0.527804 0.072790 0.118924
0 0.849569 0.235969 0.072790 0.118924
0 0.661040 0.440967 0.072790 0.118924
0 0.592829 0.806826 0.072790 0.118924
0 0.455460 0.048055 0.072790 0.118924
0 0.032928 0.149132 0.072790 0.118924
0 0.606091 0.947761 0.072790 0.118924
0 0.134298 0.448084 0.072790 0.118924
0 0.126719 0.015313 0.072790 0.118924
0 0.207247 0.446660 0.072790 0.118924
0 0.225245 0.142012 0.072790 0.118924
0 0.171245 0.046635 0.072790 0.118924
0 0.879884 0.015313 0.072790 0.118924
0 0.062298 0.458048 0.072790 0.118924
0 0.815462 0.284371 0.072790 0.118924
0 0.841990 0.013889 0.072790 0.118924
0 0.496195 0.517839 0.072790 0.118924
0 0.816410 0.815367 0.072790 0.118924
0 0.584302 0.040939 0.072790 0.118924
0 0.085981 0.798286 0.072790 0.118924
0 0.613670 0.009621 0.072790 0.118924
0 0.987885 0.805402 0.072790 0.118924
0 0.654408 0.012465 0.072790 0.118924
0 0.951886 0.440967 0.072790 0.118924
0 0.196825 0.023858 0.072790 0.118924
0 0.390090 0.238817 0.072790 0.118924
0 0.563461 0.240241 0.072790 0.118924
0 0.710304 0.140588 0.072790 0.118924
0 0.285879 0.449508 0.072790 0.118924
0 0.582407 0.433847 0.072790 0.118924
0 0.987885 0.281523 0.072790 0.118924
0 0.509460 0.144860 0.072790 0.118924
0 0.121035 0.245933 0.072790 0.118924
0 0.131457 0.150556 0.072790 0.118924
0 0.278300 0.018162 0.072790 0.118924
0 0.580514 0.513567 0.072790 0.118924
0 0.271667 0.291488 0.072790 0.118924
0 0.744408 0.522111 0.072790 0.118924
0 0.856200 0.143436 0.072790 0.118924
0 0.259352 0.523535 0.072790 0.118924
0 0.834411 0.536344 0.072790 0.118924
0 0.065139 0.244513 0.072790 0.118924
0 0.913043 0.042363 0.072790 0.118924
0 0.745356 0.290067 0.072790 0.118924
0 0.103982 0.050903 0.072790 0.118924
0 0.032928 0.520687 0.072790 0.118924
0 0.269774 0.144860 0.072790 0.118924
0 0.782303 0.042363 0.072790 0.118924
0 0.102086 0.542040 0.072790 0.118924
0 0.236615 0.016738 0.072790 0.118924
0 0.497143 0.016738 0.072790 0.118924
0 0.571040 0.140588 0.072790 0.118924
0 0.015877 0.438119 0.072790 0.118924
0 0.690408 0.291488 0.072790 0.118924
0 0.514196 0.233124 0.072790 0.118924
0 0.057560 0.053751 0.072790 0.118924
0 0.539776 0.045211 0.072790 0.118924
0 0.538828 0.016738 0.072790 0.118924
0 0.463039 0.012465 0.072790 0.118924
0 0.950938 0.140588 0.072790 0.118924
0 0.259352 0.971962 0.072790 0.118924
0 0.205351 0.294336 0.072790 0.118924
0 0.341773 0.234545 0.072790 0.118924
0 0.621249 0.043787 0.072790 0.118924
0 0.570092 0.292912 0.072790 0.118924
0 0.027244 0.297184 0.072790 0.118924
0 0.769041 0.013889 0.072790 0.118924
0 0.707461 0.043787 0.072790 0.118924
0 0.016822 0.243089 0.072790 0.118924
0 0.727357 0.953457 0.072790 0.118924
0 0.693251 0.013889 0.072790 0.118924
0 0.209142 0.048055 0.072790 0.118924
0 0.249877 0.052327 0.072790 0.118924