0 0.546167 0.370796 0.056125 0.159722
0 0.324958 0.931130 0.056125 0.159722
0 0.400146 0.458185 0.056125 0.159722
0 0.583760 0.113778 0.056125 0.159722
0 0.724000 0.437630 0.056125 0.159722
0 0.491229 0.052074 0.056125 0.159722
0 0.627135 0.319389 0.056125 0.159722
0 0.819427 0.404222 0.056125 0.159722
0 0.440625 0.419630 0.056125 0.159722
0 0.443521 0.098352 0.056125 0.159722
0 0.651708 0.375944 0.056125 0.159722
0 0.468094 0.473611 0.056125 0.159722
0 0.345198 0.823167 0.056125 0.159722
0 0.381344 0.815463 0.056125 0.159722
0 0.375563 0.496741 0.056125 0.159722
0 0.750021 0.167741 0.056125 0.159722
0 0.897500 0.031519 0.056125 0.159722
0 0.261344 0.643259 0.056125 0.159722
0 0.812198 0.321963 0.056125 0.159722
0 0.768823 0.404222 0.056125 0.159722
0 0.213635 0.406778 0.056125 0.159722
0 0.606896 0.409352 0.056125 0.159722
0 0.472437 0.270556 0.056125 0.159722
0 0.887375 0.360519 0.056125 0.159722
0 0.287375 0.931130 0.056125 0.159722
0 0.200625 0.923407 0.056125 0.159722
0 0.290260 0.584130 0.056125 0.159722
0 0.791958 0.034093 0.056125 0.159722
0 0.466646 0.622685 0.056125 0.159722
0 0.510021 0.388796 0.056125 0.159722
0 0.845448 0.316815 0.056125 0.159722
0 0.520146 0.481315 0.056125 0.159722
0 0.870031 0.252574 0.056125 0.159722
0 0.398698 0.653537 0.056125 0.159722
0 0.708094 0.157463 0.056125 0.159722
0 0.737010 0.080352 0.056125 0.159722
0 0.329302 0.561000 0.056125 0.159722
0 0.679177 0.244852 0.056125 0.159722