0 0.465933 0.293230 0.107203 0.173611
0 0.652167 0.897237 0.107203 0.173611
0 0.116450 0.765665 0.107203 0.173611
0 0.152733 0.901002 0.107203 0.173611
0 0.128550 0.619050 0.107203 0.173611
0 0.169667 0.304508 0.107203 0.173611
0 0.153950 0.476200 0.107203 0.173611
0 0.249467 0.488722 0.107203 0.173611
0 0.580817 0.893489 0.107203 0.173611
0 0.805733 0.763161 0.107203 0.173611
0 0.578400 0.632832 0.107203 0.173611
0 0.329283 0.899758 0.107203 0.173611
0 0.889183 0.769430 0.107203 0.173611
0 0.637650 0.766926 0.107203 0.173611
0 0.447800 0.771934 0.107203 0.173611
0 0.657000 0.293230 0.107203 0.173611
0 0.615883 0.468670 0.107203 0.173611
0 0.198683 0.765665 0.107203 0.173611
0 0.863783 0.622815 0.107203 0.173611
0 0.415150 0.893489 0.107203 0.173611
0 0.374033 0.769430 0.107203 0.173611
0 0.823883 0.894732 0.107203 0.173611
0 0.331700 0.482453 0.107203 0.173611
0 0.409100 0.121554 0.107203 0.173611
0 0.765833 0.296995 0.107203 0.173611
0 0.433283 0.471174 0.107203 0.173611
0 0.665467 0.626563 0.107203 0.173611
0 0.527600 0.468670 0.107203 0.173611
0 0.712633 0.765665 0.107203 0.173611
0 0.062033 0.911036 0.107203 0.173611
0 0.736817 0.897237 0.107203 0.173611
0 0.263983 0.300760 0.107203 0.173611
0 0.806950 0.469931 0.107203 0.173611
0 0.562683 0.296995 0.107203 0.173611
0 0.486500 0.893489 0.107203 0.173611
0 0.492533 0.632832 0.107203 0.173611
0 0.706583 0.471174 0.107203 0.173611
0 0.757367 0.622815 0.107203 0.173611
0 0.227700 0.627824 0.107203 0.173611
0 0.902483 0.894732 0.107203 0.173611
0 0.401850 0.632832 0.107203 0.173611
0 0.313567 0.627824 0.107203 0.173611
0 0.364350 0.294491 0.107203 0.173611
0 0.283333 0.771934 0.107203 0.173611
0 0.241017 0.899758 0.107203 0.173611
0 0.546950 0.778204 0.107203 0.173611