0 0.260269 0.795347 0.119082 0.127604
0 0.962686 0.463342 0.119082 0.127604
0 0.381958 0.675399 0.119082 0.127604
0 0.039785 0.356250 0.119082 0.127604
0 0.485576 0.668967 0.119082 0.127604
0 0.151836 0.431215 0.119082 0.127604
0 0.719312 0.536172 0.119082 0.127604
0 0.719312 0.448351 0.119082 0.127604
0 0.839795 0.356250 0.119082 0.127604
0 0.949434 0.564019 0.119082 0.127604
0 0.267500 0.236302 0.119082 0.127604
0 0.054243 0.662543 0.119082 0.127604
0 0.036172 0.242726 0.119082 0.127604
0 0.168706 0.339115 0.119082 0.127604
0 0.596416 0.540451 0.119082 0.127604
0 0.148223 0.666832 0.119082 0.127604
0 0.956660 0.242726 0.119082 0.127604
0 0.719312 0.651832 0.119082 0.127604
0 0.836182 0.551163 0.119082 0.127604
0 0.049424 0.459062 0.119082 0.127604
0 0.275933 0.336970 0.119082 0.127604
0 0.837383 0.253437 0.119082 0.127604
0 0.604854 0.763212 0.119082 0.127604
0 0.032559 0.583290 0.119082 0.127604
0 0.380752 0.799627 0.119082 0.127604
0 0.491597 0.330547 0.119082 0.127604
0 0.502441 0.217023 0.119082 0.127604
0 0.144609 0.780347 0.119082 0.127604
0 0.051836 0.786780 0.119082 0.127604
0 0.966299 0.660399 0.119082 0.127604
0 0.255449 0.559731 0.119082 0.127604
0 0.966299 0.369106 0.119082 0.127604
0 0.381958 0.219167 0.119082 0.127604
0 0.727744 0.221311 0.119082 0.127604
0 0.373525 0.551163 0.119082 0.127604
0 0.485576 0.795347 0.119082 0.127604
0 0.607261 0.441927 0.119082 0.127604
0 0.612080 0.319835 0.119082 0.127604
0 0.839795 0.801771 0.119082 0.127604
0 0.260269 0.649696 0.119082 0.127604
0 0.485576 0.553307 0.119082 0.127604
0 0.713286 0.776068 0.119082 0.127604
0 0.373525 0.332691 0.119082 0.127604
0 0.840996 0.662543 0.119082 0.127604
0 0.156655 0.223455 0.119082 0.127604
0 0.377139 0.431215 0.119082 0.127604
0 0.143403 0.523316 0.119082 0.127604
0 0.724131 0.343403 0.119082 0.127604
0 0.266294 0.450495 0.119082 0.127604
0 0.606055 0.227734 0.119082 0.127604
0 0.594009 0.634696 0.119082 0.127604
0 0.836182 0.459062 0.119082 0.127604
0 0.483164 0.439783 0.119082 0.127604