0 0.303511 0.116888 0.072347 0.177951
0 0.655611 0.304856 0.072347 0.177951
0 0.661222 0.104766 0.072347 0.177951
0 0.597544 0.708058 0.072347 0.177951
0 0.601289 0.307878 0.072347 0.177951
0 0.932789 0.107806 0.072347 0.177951
0 0.878667 0.501906 0.072347 0.177951
0 0.035878 0.498867 0.072347 0.177951
0 0.812922 0.307878 0.072347 0.177951
0 0.378611 0.708058 0.072347 0.177951
0 0.805433 0.708058 0.072347 0.177951
0 0.178222 0.116888 0.072347 0.177951
0 0.661222 0.899047 0.072347 0.177951
0 0.307256 0.310917 0.072347 0.177951
0 0.228789 0.883885 0.072347 0.177951
0 0.867422 0.698957 0.072347 0.177951
0 0.891767 0.301817 0.072347 0.177951
0 0.249200 0.116888 0.072347 0.177951
0 0.588178 0.902068 0.072347 0.177951
0 0.309133 0.517068 0.072347 0.177951
0 0.243767 0.717140 0.072347 0.177951
0 0.657478 0.701996 0.072347 0.177951
0 0.873044 0.107806 0.072347 0.177951
0 0.738200 0.501906 0.072347 0.177951
0 0.106867 0.507968 0.072347 0.177951
0 0.030267 0.877824 0.072347 0.177951
0 0.812922 0.098705 0.072347 0.177951
0 0.170722 0.298795 0.072347 0.177951
0 0.799811 0.892986 0.072347 0.177951
0 0.951511 0.896007 0.072347 0.177951
0 0.811056 0.501906 0.072347 0.177951
0 0.032133 0.714119 0.072347 0.177951
0 0.436478 0.514029 0.072347 0.177951
0 0.305389 0.886924 0.072347 0.177951
0 0.180089 0.877824 0.072347 0.177951
0 0.312878 0.705018 0.072347 0.177951
0 0.238144 0.511007 0.072347 0.177951
0 0.945900 0.689856 0.072347 0.177951
0 0.661222 0.514029 0.072347 0.177951
0 0.957133 0.501906 0.072347 0.177951
0 0.174478 0.705018 0.072347 0.177951
0 0.588178 0.107806 0.072347 0.177951
0 0.380489 0.307878 0.072347 0.177951
0 0.104989 0.298795 0.072347 0.177951
0 0.035878 0.116888 0.072347 0.177951
0 0.453333 0.110827 0.072347 0.177951
0 0.174478 0.511007 0.072347 0.177951
0 0.517200 0.892986 0.072347 0.177951
0 0.513456 0.708058 0.072347 0.177951
0 0.515333 0.310917 0.072347 0.177951
0 0.732578 0.708058 0.072347 0.177951
0 0.743811 0.316978 0.072347 0.177951
0 0.453333 0.708058 0.072347 0.177951
0 0.865556 0.892986 0.072347 0.177951
0 0.380489 0.514029 0.072347 0.177951
0 0.376744 0.880845 0.072347 0.177951
0 0.528444 0.511007 0.072347 0.177951
0 0.522822 0.104766 0.072347 0.177951
0 0.588178 0.507968 0.072347 0.177951
0 0.228789 0.298795 0.072347 0.177951
0 0.440233 0.896007 0.072347 0.177951
0 0.097500 0.116888 0.072347 0.177951
0 0.095622 0.877824 0.072347 0.177951
0 0.955256 0.301817 0.072347 0.177951
0 0.114356 0.705018 0.072347 0.177951
0 0.384233 0.104766 0.072347 0.177951
0 0.728833 0.899047 0.072347 0.177951
0 0.741944 0.098705 0.072347 0.177951
0 0.457089 0.307878 0.072347 0.177951
0 0.035878 0.298795 0.072347 0.177951