0 0.069267 0.423615 0.071254 0.120660
0 0.761808 0.739763 0.071254 0.120660
0 0.479875 0.418474 0.071254 0.120660
0 0.009992 0.035496 0.071254 0.120660
0 0.278908 0.711481 0.071254 0.120660
0 0.753133 0.618963 0.071254 0.120660
0 0.419150 0.570119 0.071254 0.120660
0 0.770483 0.508430 0.071254 0.120660
0 0.342525 0.552133 0.071254 0.120660
0 0.890483 0.068904 0.071254 0.120660
0 0.135775 0.577837 0.071254 0.120660
0 0.761808 0.387630 0.071254 0.120660
0 0.886142 0.318237 0.071254 0.120660
0 0.634575 0.076622 0.071254 0.120660
0 0.066375 0.696059 0.071254 0.120660
0 0.565175 0.423615 0.071254 0.120660
0 0.560842 0.541852 0.071254 0.120660
0 0.014325 0.156296 0.071254 0.120660
0 0.280358 0.313096 0.071254 0.120660
0 0.494333 0.554696 0.071254 0.120660
0 0.487100 0.310519 0.071254 0.120660
0 0.069267 0.289956 0.071254 0.120660
0 0.203725 0.693496 0.071254 0.120660
0 0.205175 0.423615 0.071254 0.120660
0 0.423492 0.423615 0.071254 0.120660
0 0.007100 0.544415 0.071254 0.120660
0 0.011433 0.277111 0.071254 0.120660
0 0.278908 0.426178 0.071254 0.120660
0 0.213850 0.192281 0.071254 0.120660
0 0.631683 0.431319 0.071254 0.120660
0 0.625900 0.660074 0.071254 0.120660
0 0.210958 0.302815 0.071254 0.120660
0 0.354092 0.212844 0.071254 0.120660
0 0.816742 0.032933 0.071254 0.120660
0 0.216742 0.945378 0.071254 0.120660
0 0.692408 0.194859 0.071254 0.120660
0 0.009992 0.408193 0.071254 0.120660
0 0.072158 0.174296 0.071254 0.120660
0 0.497225 0.076622 0.071254 0.120660
0 0.361317 0.428756 0.071254 0.120660
0 0.633125 0.539274 0.071254 0.120660
0 0.690958 0.300237 0.071254 0.120660
0 0.696742 0.683215 0.071254 0.120660
0 0.829758 0.367067 0.071254 0.120660
0 0.881808 0.194859 0.071254 0.120660
0 0.203725 0.562415 0.071254 0.120660
0 0.693850 0.415896 0.071254 0.120660
0 0.420600 0.313096 0.071254 0.120660
0 0.822525 0.151156 0.071254 0.120660
0 0.144450 0.187141 0.071254 0.120660
0 0.492883 0.698637 0.071254 0.120660
0 0.818192 0.271970 0.071254 0.120660
0 0.206617 0.066341 0.071254 0.120660
0 0.763250 0.035496 0.071254 0.120660
0 0.141558 0.415896 0.071254 0.120660
0 0.254333 0.834859 0.071254 0.120660
0 0.696742 0.549556 0.071254 0.120660
0 0.769033 0.271970 0.071254 0.120660
0 0.076500 0.045778 0.071254 0.120660
0 0.797950 0.842578 0.071254 0.120660
0 0.559392 0.084326 0.071254 0.120660
0 0.630233 0.194859 0.071254 0.120660
0 0.278908 0.564978 0.071254 0.120660
0 0.064933 0.549556 0.071254 0.120660
0 0.427825 0.189719 0.071254 0.120660
0 0.140117 0.300237 0.071254 0.120660
0 0.174808 0.837437 0.071254 0.120660
0 0.557950 0.305378 0.071254 0.120660
0 0.348308 0.079185 0.071254 0.120660
0 0.286142 0.076622 0.071254 0.120660
0 0.416258 0.693496 0.071254 0.120660
0 0.364208 0.323378 0.071254 0.120660
0 0.358425 0.716622 0.071254 0.120660
0 0.137225 0.708919 0.071254 0.120660
0 0.689517 0.066341 0.071254 0.120660
0 0.498667 0.192281 0.071254 0.120660
0 0.560842 0.202563 0.071254 0.120660
0 0.757467 0.146015 0.071254 0.120660
0 0.553608 0.660074 0.071254 0.120660
0 0.631683 0.310519 0.071254 0.120660
0 0.144450 0.056059 0.071254 0.120660
0 0.841325 0.940237 0.071254 0.120660
0 0.435058 0.099748 0.071254 0.120660
0 0.283250 0.184578 0.071254 0.120660