0 0.261667 0.259545 0.178998 0.113715
0 0.514250 0.271500 0.178998 0.113715
0 0.819583 0.140909 0.178998 0.113715
0 0.507750 0.813273 0.178998 0.113715
0 0.512083 0.751818 0.178998 0.113715
0 0.514250 0.356682 0.178998 0.113715
0 0.079583 0.252273 0.178998 0.113715
0 0.267083 0.858182 0.178998 0.113715
0 0.087083 0.430455 0.178998 0.113715
0 0.815708 0.444182 0.178998 0.113715
0 0.260521 0.524636 0.178998 0.113715
0 0.100833 0.800455 0.178998 0.113715
0 0.518604 0.160318 0.178998 0.113715
0 0.820625 0.214545 0.178998 0.113715
0 0.821125 0.297500 0.178998 0.113715
0 0.502292 0.934091 0.178998 0.113715
0 0.087917 0.662273 0.178998 0.113715
0 0.825458 0.725727 0.178998 0.113715
0 0.827625 0.657136 0.178998 0.113715
0 0.263771 0.621636 0.178998 0.113715
0 0.082500 0.708182 0.178998 0.113715
0 0.818958 0.964682 0.178998 0.113715
0 0.257271 0.165045 0.178998 0.113715
0 0.266250 0.771364 0.178998 0.113715
0 0.827708 0.005909 0.178998 0.113715
0 0.506667 0.881864 0.178998 0.113715
0 0.515333 0.210000 0.178998 0.113715
0 0.086458 0.523636 0.178998 0.113715
0 0.258354 0.006500 0.178998 0.113715
0 0.262688 0.465500 0.178998 0.113715
0 0.270625 0.904545 0.178998 0.113715
0 0.092083 0.377727 0.178998 0.113715
0 0.516417 0.316455 0.178998 0.113715
0 0.753896 0.990727 0.178998 0.113715
0 0.255104 0.058591 0.178998 0.113715
0 0.081250 0.751818 0.178998 0.113715
0 0.519687 0.545955 0.178998 0.113715
0 0.085208 0.568182 0.178998 0.113715
0 0.079375 0.105455 0.178998 0.113715
0 0.080208 0.204545 0.178998 0.113715
0 0.080417 0.157727 0.178998 0.113715
0 0.824375 0.806182 0.178998 0.113715
0 0.529438 0.016000 0.178998 0.113715
0 0.255104 0.115364 0.178998 0.113715
0 0.515333 0.600364 0.178998 0.113715
0 0.496875 0.988182 0.178998 0.113715
0 0.259437 0.210000 0.178998 0.113715
0 0.511042 0.706818 0.178998 0.113715
0 0.264792 0.571364 0.178998 0.113715
0 0.839563 0.898455 0.178998 0.113715
0 0.262500 0.671818 0.178998 0.113715
0 0.824583 0.064545 0.178998 0.113715
0 0.261667 0.300000 0.178998 0.113715
0 0.081042 0.050000 0.178998 0.113715
0 0.083542 0.006818 0.178998 0.113715
0 0.265937 0.815636 0.178998 0.113715
0 0.512083 0.650000 0.178998 0.113715
0 0.085208 0.479545 0.178998 0.113715
0 0.082917 0.615000 0.178998 0.113715
0 0.518125 0.090909 0.178998 0.113715
0 0.264375 0.723636 0.178998 0.113715
0 0.817875 0.375591 0.178998 0.113715