0 0.971268 0.672537 0.172454 0.052951
0 0.831577 0.733463 0.172454 0.052951
0 0.660195 0.706659 0.172454 0.052951
0 0.968829 0.590927 0.172454 0.052951
0 0.150927 0.629902 0.172454 0.052951
0 0.964780 0.923512 0.172454 0.052951
0 0.152553 0.777317 0.172454 0.052951
0 0.966407 0.782195 0.172454 0.052951
0 0.662634 0.813878 0.172454 0.052951
0 0.151740 0.700561 0.172454 0.052951
0 0.658569 0.848000 0.172454 0.052951
0 0.017724 0.956415 0.172454 0.052951
0 0.492878 0.922317 0.172454 0.052951
0 0.310943 0.590927 0.172454 0.052951
0 0.847821 0.919878 0.172454 0.052951
0 0.665870 0.992976 0.172454 0.052951
0 0.492065 0.779756 0.172454 0.052951
0 0.151740 0.811439 0.172454 0.052951
0 0.838065 0.676195 0.172454 0.052951
0 0.669122 0.523902 0.172454 0.052951
0 0.308504 0.735902 0.172454 0.052951
0 0.308504 0.955195 0.172454 0.052951
0 0.317431 0.561683 0.172454 0.052951
0 0.966407 0.851634 0.172454 0.052951
0 0.028293 0.564122 0.172454 0.052951
0 0.317431 0.625024 0.172454 0.052951
0 0.311756 0.855293 0.172454 0.052951
0 0.312569 0.667683 0.172454 0.052951
0 0.669935 0.491024 0.172454 0.052951
0 0.308504 0.876000 0.172454 0.052951
0 0.150114 0.732244 0.172454 0.052951
0 0.970455 0.706659 0.172454 0.052951
0 0.660195 0.678634 0.172454 0.052951
0 0.967203 0.530000 0.172454 0.052951
0 0.661008 0.561683 0.172454 0.052951
0 0.148488 0.848000 0.172454 0.052951
0 0.662634 0.744439 0.172454 0.052951
0 0.963154 0.879659 0.172454 0.052951
0 0.151740 0.885756 0.172454 0.052951
0 0.028293 0.601878 0.172454 0.052951
0 0.969642 0.631122 0.172454 0.052951
0 0.027480 0.815098 0.172454 0.052951
0 0.310943 0.924732 0.172454 0.052951
0 0.015285 0.784634 0.172454 0.052951
0 0.023415 0.670122 0.172454 0.052951
0 0.491252 0.961293 0.172454 0.052951
0 0.964780 0.818756 0.172454 0.052951
0 0.663447 0.633561 0.172454 0.052951
0 0.491252 0.740780 0.172454 0.052951
0 0.837252 0.818756 0.172454 0.052951
0 0.024228 0.638439 0.172454 0.052951
0 0.306878 0.811439 0.172454 0.052951
0 0.300374 0.990537 0.172454 0.052951
0 0.314195 0.516610 0.172454 0.052951
0 0.969642 0.562902 0.172454 0.052951
0 0.848634 0.845561 0.172454 0.052951
0 0.488813 0.815098 0.172454 0.052951
0 0.018537 0.916220 0.172454 0.052951
0 0.656130 0.955195 0.172454 0.052951
0 0.316618 0.704220 0.172454 0.052951
0 0.019350 0.851634 0.172454 0.052951
0 0.664260 0.780976 0.172454 0.052951
0 0.491252 0.882098 0.172454 0.052951
0 0.033967 0.492244 0.172454 0.052951
0 0.142813 0.995415 0.172454 0.052951
0 0.829951 0.704220 0.172454 0.052951
0 0.150927 0.919878 0.172454 0.052951
0 0.969642 0.743220 0.172454 0.052951
0 0.493691 0.995415 0.172454 0.052951
0 0.489626 0.707878 0.172454 0.052951
0 0.028293 0.990537 0.172454 0.052951
0 0.313382 0.771244 0.172454 0.052951
0 0.964780 0.990537 0.172454 0.052951
0 0.965593 0.958854 0.172454 0.052951
0 0.660195 0.894293 0.172454 0.052951
0 0.847821 0.956415 0.172454 0.052951
0 0.857561 0.994195 0.172454 0.052951
0 0.488000 0.631122 0.172454 0.052951
0 0.502618 0.854073 0.172454 0.052951
0 0.143626 0.961293 0.172454 0.052951
0 0.835626 0.774878 0.172454 0.052951
0 0.656130 0.929610 0.172454 0.052951
0 0.025854 0.703000 0.172454 0.052951
0 0.666683 0.595805 0.172454 0.052951
0 0.149301 0.664024 0.172454 0.052951
0 0.968016 0.492244 0.172454 0.052951
0 0.498553 0.674976 0.172454 0.052951
0 0.836439 0.634780 0.172454 0.052951
0 0.317431 0.489805 0.172454 0.052951
0 0.029919 0.530000 0.172454 0.052951
0 0.840504 0.883317 0.172454 0.052951
0 0.018537 0.893073 0.172454 0.052951
0 0.031528 0.742000 0.172454 0.052951