0 0.666635 0.857687 0.617647 0.059896
0 0.619119 0.888144 0.617647 0.059896
0 0.569822 0.426375 0.617647 0.059896
0 0.644695 0.099888 0.617647 0.059896
0 0.597188 0.635937 0.617647 0.059896
0 0.567966 0.702962 0.617647 0.059896
0 0.626429 0.499500 0.617647 0.059896
0 0.560637 0.298500 0.617647 0.059896
0 0.617338 0.729750 0.617647 0.059896
0 0.600843 0.605500 0.617647 0.059896
0 0.564311 0.225375 0.617647 0.059896
0 0.611809 0.399625 0.617647 0.059896
0 0.613636 0.129125 0.617647 0.059896
0 0.546017 0.369125 0.617647 0.059896
0 0.577104 0.162025 0.617647 0.059896
0 0.511340 0.327687 0.617647 0.059896
0 0.655670 0.795563 0.617647 0.059896
0 0.619119 0.196137 0.617647 0.059896
0 0.652015 0.827250 0.617647 0.059896
0 0.556982 0.545812 0.617647 0.059896
0 0.608154 0.462938 0.617647 0.059896
0 0.628210 0.260688 0.617647 0.059896
0 0.593533 0.763875 0.617647 0.059896
0 0.589878 0.573812 0.617647 0.059896
0 0.610028 0.665187 0.617647 0.059896
0 0.672071 0.921063 0.617647 0.059896