0 0.439051 0.701435 0.074219 0.092882
0 0.524564 0.480437 0.074219 0.092882
0 0.157431 0.703236 0.074219 0.092882
0 0.824529 0.696199 0.074219 0.092882
0 0.232450 0.576872 0.074219 0.092882
0 0.056154 0.834758 0.074219 0.092882
0 0.612712 0.564604 0.074219 0.092882
0 0.257419 0.443555 0.074219 0.092882
0 0.715340 0.562881 0.074219 0.092882
0 0.521925 0.308441 0.074219 0.092882
0 0.819313 0.415499 0.074219 0.092882
0 0.710066 0.417217 0.074219 0.092882
0 0.248218 0.836553 0.074219 0.092882
0 0.860050 0.289213 0.074219 0.092882
0 0.633754 0.841790 0.074219 0.092882
0 0.242944 0.704954 0.074219 0.092882
0 0.115347 0.324300 0.074219 0.092882
0 0.917955 0.406744 0.074219 0.092882
0 0.149576 0.447068 0.074219 0.092882
0 0.634136 0.990144 0.074219 0.092882
0 0.727180 0.703236 0.074219 0.092882
0 0.837716 0.838272 0.074219 0.092882
0 0.607438 0.394398 0.074219 0.092882
0 0.056154 0.578668 0.074219 0.092882
0 0.929796 0.690962 0.074219 0.092882
0 0.337716 0.704954 0.074219 0.092882
0 0.352191 0.434799 0.074219 0.092882
0 0.336370 0.576872 0.074219 0.092882
0 0.760058 0.305000 0.074219 0.092882
0 0.810054 0.559367 0.074219 0.092882
0 0.363661 0.370988 0.074219 0.092882
0 0.536404 0.783884 0.074219 0.092882
0 0.150868 0.576872 0.074219 0.092882
0 0.053515 0.703236 0.074219 0.092882
0 0.344279 0.847099 0.074219 0.092882
0 0.061370 0.445350 0.074219 0.092882
0 0.439051 0.564604 0.074219 0.092882
0 0.524564 0.638292 0.074219 0.092882
0 0.625841 0.696199 0.074219 0.092882
0 0.378507 0.299686 0.074219 0.092882
0 0.927157 0.829522 0.074219 0.092882
0 0.920590 0.554053 0.074219 0.092882
0 0.212701 0.318987 0.074219 0.092882
0 0.727180 0.845303 0.074219 0.092882
0 0.444186 0.399198 0.074219 0.092882
0 0.149576 0.831317 0.074219 0.092882
0 0.440340 0.843585 0.074219 0.092882