0 0.736704 0.415909 0.058468 0.153646
0 0.339481 0.547488 0.058468 0.153646
0 0.506963 0.810646 0.058468 0.153646
0 0.512630 0.680526 0.058468 0.153646
0 0.849870 0.807727 0.058468 0.153646
0 0.288556 0.164450 0.058468 0.153646
0 0.508111 0.288708 0.058468 0.153646
0 0.173130 0.423206 0.058468 0.153646
0 0.174259 0.547488 0.058468 0.153646
0 0.061093 0.164450 0.058468 0.153646
0 0.286296 0.676148 0.058468 0.153646
0 0.172000 0.170287 0.058468 0.153646
0 0.736704 0.930526 0.058468 0.153646
0 0.009019 0.806268 0.058468 0.153646
0 0.450389 0.160048 0.058468 0.153646
0 0.579407 0.059187 0.058468 0.153646
0 0.117667 0.161507 0.058468 0.153646
0 0.793296 0.673206 0.058468 0.153646
0 0.734444 0.813565 0.058468 0.153646
0 0.400593 0.415909 0.058468 0.153646
0 0.398333 0.161507 0.058468 0.153646
0 0.285167 0.296029 0.058468 0.153646
0 0.341741 0.933445 0.058468 0.153646
0 0.449259 0.415909 0.058468 0.153646
0 0.170852 0.304785 0.058468 0.153646
0 0.683519 0.543086 0.058468 0.153646
0 0.931352 0.050407 0.058468 0.153646
0 0.116537 0.550407 0.058468 0.153646
0 0.851000 0.543086 0.058468 0.153646
0 0.960778 0.541627 0.058468 0.153646
0 0.224056 0.408589 0.058468 0.153646
0 0.672204 0.813565 0.058468 0.153646
0 0.964167 0.293086 0.058468 0.153646
0 0.449259 0.554785 0.058468 0.153646
0 0.058815 0.683445 0.058468 0.153646
0 0.054296 0.931986 0.058468 0.153646
0 0.964167 0.665909 0.058468 0.153646
0 0.174259 0.680526 0.058468 0.153646
0 0.227444 0.936364 0.058468 0.153646
0 0.683519 0.420287 0.058468 0.153646
0 0.009019 0.430526 0.058468 0.153646
0 0.459444 0.939306 0.058468 0.153646
0 0.338352 0.803325 0.058468 0.153646
0 0.286296 0.547488 0.058468 0.153646
0 0.570352 0.424665 0.058468 0.153646
0 0.510370 0.161507 0.058468 0.153646
0 0.169722 0.816483 0.058468 0.153646
0 0.728778 0.298947 0.058468 0.153646
0 0.566944 0.296029 0.058468 0.153646
0 0.284037 0.411507 0.058468 0.153646
0 0.908722 0.809187 0.058468 0.153646
0 0.282889 0.934904 0.058468 0.153646
0 0.965315 0.931986 0.058468 0.153646
0 0.845352 0.679067 0.058468 0.153646
0 0.228574 0.815024 0.058468 0.153646
0 0.960778 0.161507 0.058468 0.153646
0 0.116537 0.681986 0.058468 0.153646
0 0.059963 0.417368 0.058468 0.153646
0 0.572611 0.158589 0.058468 0.153646
0 0.907593 0.161507 0.058468 0.153646
0 0.207074 0.048947 0.058468 0.153646
0 0.572611 0.815024 0.058468 0.153646
0 0.907593 0.548947 0.058468 0.153646
0 0.905333 0.288708 0.058468 0.153646
0 0.230833 0.301866 0.058468 0.153646
0 0.683519 0.164450 0.058468 0.153646
0 0.849870 0.930526 0.058468 0.153646
0 0.848741 0.410048 0.058468 0.153646
0 0.789889 0.930526 0.058468 0.153646
0 0.625796 0.415909 0.058468 0.153646
0 0.061093 0.544569 0.058468 0.153646
0 0.731056 0.671746 0.058468 0.153646
0 0.397204 0.677608 0.058468 0.153646
0 0.089370 0.050407 0.058468 0.153646
0 0.619019 0.684904 0.058468 0.153646
0 0.282889 0.807727 0.058468 0.153646
0 0.500185 0.547488 0.058468 0.153646
0 0.397204 0.310646 0.058468 0.153646
0 0.229704 0.168828 0.058468 0.153646
0 0.624667 0.287249 0.058468 0.153646
0 0.336093 0.411507 0.058468 0.153646
0 0.854407 0.157129 0.058468 0.153646
0 0.623537 0.815024 0.058468 0.153646
0 0.566944 0.547488 0.058468 0.153646
0 0.450389 0.291627 0.058468 0.153646
0 0.623537 0.930526 0.058468 0.153646
0 0.116537 0.819426 0.058468 0.153646
0 0.339481 0.674665 0.058468 0.153646
0 0.957389 0.804785 0.058468 0.153646
0 0.115407 0.300407 0.058468 0.153646
0 0.785370 0.414450 0.058468 0.153646
0 0.569222 0.677608 0.058468 0.153646
0 0.793296 0.291627 0.058468 0.153646
0 0.680130 0.676148 0.058468 0.153646
0 0.847611 0.294569 0.058468 0.153646
0 0.505833 0.429067 0.058468 0.153646
0 0.681259 0.054785 0.058468 0.153646
0 0.393796 0.937847 0.058468 0.153646
0 0.010167 0.937847 0.058468 0.153646
0 0.907593 0.930526 0.058468 0.153646
0 0.314593 0.050407 0.058468 0.153646
0 0.117667 0.931986 0.058468 0.153646
0 0.450389 0.687823 0.058468 0.153646
0 0.115407 0.426148 0.058468 0.153646
0 0.439074 0.051866 0.058468 0.153646
0 0.623537 0.544569 0.058468 0.153646
0 0.340611 0.297488 0.058468 0.153646
0 0.787630 0.546029 0.058468 0.153646
0 0.784241 0.815024 0.058468 0.153646
0 0.677852 0.933445 0.058468 0.153646
0 0.009019 0.168828 0.058468 0.153646
0 0.568074 0.942225 0.058468 0.153646
0 0.010167 0.677608 0.058468 0.153646
0 0.007889 0.548947 0.058468 0.153646
0 0.814796 0.056244 0.058468 0.153646
0 0.791019 0.160048 0.058468 0.153646
0 0.400593 0.548947 0.058468 0.153646
0 0.625796 0.165909 0.058468 0.153646
0 0.341741 0.168828 0.058468 0.153646
0 0.735574 0.161507 0.058468 0.153646
0 0.230833 0.676148 0.058468 0.153646
0 0.173130 0.937847 0.058468 0.153646
0 0.063352 0.807727 0.058468 0.153646
0 0.054296 0.290167 0.058468 0.153646
0 0.005630 0.304785 0.058468 0.153646
0 0.227444 0.544569 0.058468 0.153646
0 0.904204 0.408589 0.058468 0.153646
0 0.901926 0.677608 0.058468 0.153646
0 0.452648 0.813565 0.058468 0.153646
0 0.391537 0.807727 0.058468 0.153646
0 0.508111 0.942225 0.058468 0.153646
0 0.963037 0.411507 0.058468 0.153646
0 0.731056 0.550407 0.058468 0.153646
0 0.675593 0.291627 0.058468 0.153646