0 0.866008 0.395572 0.037037 0.055556
0 0.923955 0.422214 0.037037 0.055556
0 0.952240 0.404578 0.037037 0.055556
0 0.932966 0.414522 0.037037 0.055556
0 0.898673 0.410394 0.037037 0.055556
0 0.913792 0.401388 0.037037 0.055556
0 0.857735 0.433734 0.037037 0.055556
0 0.846558 0.421313 0.037037 0.055556
0 0.025282 0.673452 0.037037 0.055556
0 0.089424 0.645084 0.037037 0.055556
0 0.140939 0.619869 0.037037 0.055556
0 0.144105 0.701839 0.037037 0.055556
0 0.149362 0.752270 0.037037 0.055556
0 0.205094 0.731782 0.037037 0.055556
0 0.241890 0.709719 0.037037 0.055556
0 0.270288 0.824784 0.037037 0.055556
0 0.348098 0.774334 0.037037 0.055556
0 0.437472 0.889418 0.037037 0.055556
0 0.472178 0.963490 0.037037 0.055556
0 0.537159 0.930863 0.037037 0.055556
0 0.245357 0.597167 0.037037 0.055556
0 0.315494 0.656266 0.037037 0.055556
0 0.321602 0.615610 0.037037 0.055556
0 0.368073 0.644447 0.037037 0.055556
0 0.424956 0.749587 0.037037 0.055556
0 0.439887 0.699625 0.037037 0.055556
0 0.480163 0.736341 0.037037 0.055556
0 0.501202 0.710188 0.037037 0.055556
0 0.566070 0.787580 0.037037 0.055556
0 0.626533 0.825722 0.037037 0.055556
0 0.653667 0.791520 0.037037 0.055556
0 0.639687 0.737767 0.037037 0.055556
0 0.346095 0.557749 0.037037 0.055556
0 0.371539 0.588030 0.037037 0.055556
0 0.406558 0.570844 0.037037 0.055556
0 0.385532 0.528912 0.037037 0.055556
0 0.418861 0.493452 0.037037 0.055556
0 0.430225 0.531426 0.037037 0.055556
0 0.476696 0.615610 0.037037 0.055556
0 0.499512 0.662889 0.037037 0.055556
0 0.534531 0.641764 0.037037 0.055556
0 0.519599 0.585347 0.037037 0.055556
0 0.495094 0.565629 0.037037 0.055556
0 0.549462 0.572251 0.037037 0.055556
0 0.689625 0.749587 0.037037 0.055556
0 0.698360 0.719325 0.037037 0.055556
0 0.660713 0.704822 0.037037 0.055556
0 0.716758 0.706248 0.037037 0.055556
0 0.679111 0.690488 0.037037 0.055556
0 0.649362 0.666829 0.037037 0.055556
0 0.629174 0.690488 0.037037 0.055556
0 0.629174 0.626004 0.037037 0.055556
0 0.595832 0.614184 0.037037 0.055556
0 0.653667 0.601107 0.037037 0.055556
0 0.593204 0.564371 0.037037 0.055556
0 0.561665 0.534109 0.037037 0.055556
0 0.488048 0.517092 0.037037 0.055556
0 0.531064 0.507786 0.037037 0.055556
0 0.553767 0.492026 0.037037 0.055556
0 0.540626 0.455291 0.037037 0.055556
0 0.575745 0.459231 0.037037 0.055556
0 0.593204 0.468386 0.037037 0.055556
0 0.608135 0.438274 0.037037 0.055556
0 0.631802 0.457974 0.037037 0.055556
0 0.613392 0.540732 0.037037 0.055556
0 0.626533 0.519606 0.037037 0.055556
0 0.644944 0.515666 0.037037 0.055556
0 0.657247 0.486829 0.037037 0.055556
0 0.674693 0.503846 0.037037 0.055556
0 0.696671 0.541989 0.037037 0.055556
0 0.694894 0.574784 0.037037 0.055556
0 0.674693 0.588030 0.037037 0.055556
0 0.711502 0.653602 0.037037 0.055556
0 0.744831 0.679925 0.037037 0.055556
0 0.767660 0.647129 0.037037 0.055556
0 0.777222 0.632627 0.037037 0.055556
0 0.750939 0.602364 0.037037 0.055556
0 0.719387 0.569587 0.037037 0.055556
0 0.741364 0.548612 0.037037 0.055556
0 0.734318 0.519606 0.037037 0.055556
0 0.753567 0.530169 0.037037 0.055556
0 0.765019 0.517092 0.037037 0.055556
0 0.792991 0.578724 0.037037 0.055556
0 0.795620 0.611670 0.037037 0.055556
0 0.821076 0.591970 0.037037 0.055556
0 0.826333 0.565629 0.037037 0.055556
0 0.804456 0.544672 0.037037 0.055556
0 0.845469 0.543246 0.037037 0.055556
0 0.834318 0.548612 0.037037 0.055556
0 0.825695 0.521970 0.037037 0.055556
0 0.860188 0.528124 0.037037 0.055556
0 0.837897 0.509831 0.037037 0.055556
0 0.778060 0.507636 0.037037 0.055556
0 0.756195 0.490919 0.037037 0.055556
0 0.803404 0.495497 0.037037 0.055556
0 0.697935 0.493133 0.037037 0.055556
0 0.671539 0.452139 0.037037 0.055556
0 0.652829 0.449775 0.037037 0.055556
0 0.652829 0.426285 0.037037 0.055556
0 0.830638 0.472795 0.037037 0.055556
0 0.807822 0.464597 0.037037 0.055556
0 0.839887 0.456398 0.037037 0.055556
0 0.822128 0.452608 0.037037 0.055556
0 0.766809 0.458293 0.037037 0.055556
0 0.735156 0.441745 0.037037 0.055556
0 0.749887 0.406266 0.037037 0.055556
0 0.729174 0.396811 0.037037 0.055556
0 0.725807 0.407542 0.037037 0.055556
0 0.713605 0.426604 0.037037 0.055556
0 0.704243 0.431651 0.037037 0.055556
0 0.694994 0.434165 0.037037 0.055556
0 0.687322 0.441745 0.037037 0.055556
0 0.804881 0.420300 0.037037 0.055556
0 0.817071 0.410206 0.037037 0.055556
0 0.787735 0.498330 0.037037 0.055556
0 0.790363 0.437167 0.037037 0.055556
0 0.781327 0.448199 0.037037 0.055556
0 0.763967 0.432758 0.037037 0.055556
0 0.877660 0.511463 0.037037 0.055556
0 0.849837 0.501426 0.037037 0.055556
0 0.868148 0.491407 0.037037 0.055556
0 0.880476 0.497730 0.037037 0.055556
0 0.888924 0.492458 0.037037 0.055556
0 0.879775 0.472927 0.037037 0.055556
0 0.900901 0.474503 0.037037 0.055556
0 0.881176 0.460263 0.037037 0.055556
0 0.902315 0.460788 0.037037 0.055556
0 0.917096 0.456041 0.037037 0.055556
0 0.901952 0.450750 0.037037 0.055556
0 0.898786 0.435966 0.037037 0.055556
0 0.917810 0.433340 0.037037 0.055556
0 0.936821 0.427523 0.037037 0.055556
0 0.907247 0.420657 0.037037 0.055556
0 0.893154 0.420657 0.037037 0.055556
0 0.878360 0.407992 0.037037 0.055556
0 0.872378 0.382120 0.037037 0.055556
0 0.857935 0.398499 0.037037 0.055556
0 0.848786 0.395854 0.037037 0.055556
0 0.840325 0.404822 0.037037 0.055556
0 0.767434 0.401670 0.037037 0.055556
0 0.780814 0.394803 0.037037 0.055556
0 0.786809 0.383715 0.037037 0.055556
0 0.803705 0.381069 0.037037 0.055556
0 0.712441 0.489737 0.037037 0.055556
0 0.893467 0.390319 0.037037 0.055556
0 0.838185 0.381857 0.037037 0.055556
0 0.824093 0.383452 0.037037 0.055556
0 0.924819 0.399812 0.037037 0.055556
0 0.825857 0.440469 0.037037 0.055556
0 0.716333 0.462627 0.037037 0.055556
0 0.764931 0.416698 0.037037 0.055556
0 0.780426 0.424615 0.037037 0.055556
0 0.805432 0.399287 0.037037 0.055556
0 0.876433 0.421407 0.037037 0.055556