0 0.462255 0.452425 0.043043 0.061198
0 0.749145 0.674986 0.043043 0.061198
0 0.647182 0.905886 0.043043 0.061198
0 0.073600 0.185749 0.043043 0.061198
0 0.544036 0.606131 0.043043 0.061198
0 0.754473 0.080409 0.043043 0.061198
0 0.676509 0.535095 0.043043 0.061198
0 0.677400 0.457657 0.043043 0.061198
0 0.085600 0.539918 0.043043 0.061198
0 0.985836 0.568120 0.043043 0.061198
0 0.675164 0.930109 0.043043 0.061198
0 0.112255 0.312888 0.043043 0.061198
0 0.838927 0.741962 0.043043 0.061198
0 0.875618 0.854905 0.043043 0.061198
0 0.378236 0.880981 0.043043 0.061198
0 0.863945 0.257030 0.043043 0.061198
0 0.858491 0.663297 0.043043 0.061198
0 0.207455 0.235695 0.043043 0.061198
0 0.956345 0.783215 0.043043 0.061198
0 0.340273 0.944033 0.043043 0.061198
0 0.150455 0.460899 0.043043 0.061198
0 0.861509 0.015777 0.043043 0.061198
0 0.640127 0.674005 0.043043 0.061198
0 0.432836 0.499918 0.043043 0.061198
0 0.365327 0.402725 0.043043 0.061198
0 0.439000 0.297193 0.043043 0.061198
0 0.708855 0.454087 0.043043 0.061198
0 0.574218 0.451798 0.043043 0.061198
0 0.474364 0.891744 0.043043 0.061198
0 0.785218 0.910000 0.043043 0.061198
0 0.579382 0.720300 0.043043 0.061198
0 0.557127 0.662234 0.043043 0.061198
0 0.672309 0.617112 0.043043 0.061198
0 0.682655 0.430163 0.043043 0.061198
0 0.877200 0.523597 0.043043 0.061198
0 0.197964 0.627575 0.043043 0.061198
0 0.295236 0.749074 0.043043 0.061198
0 0.147236 0.878474 0.043043 0.061198
0 0.666236 0.806839 0.043043 0.061198
0 0.874927 0.319292 0.043043 0.061198
0 0.939600 0.466185 0.043043 0.061198
0 0.572255 0.943733 0.043043 0.061198
0 0.214545 0.560354 0.043043 0.061198
0 0.940673 0.924578 0.043043 0.061198
0 0.919182 0.670954 0.043043 0.061198
0 0.604091 0.370000 0.043043 0.061198
0 0.056000 0.289319 0.043043 0.061198
0 0.528345 0.307357 0.043043 0.061198
0 0.303891 0.727003 0.043043 0.061198
0 0.841982 0.411553 0.043043 0.061198
0 0.635418 0.276866 0.043043 0.061198
0 0.204745 0.374469 0.043043 0.061198
0 0.547600 0.352371 0.043043 0.061198
0 0.059291 0.022234 0.043043 0.061198
0 0.745545 0.332807 0.043043 0.061198
0 0.291618 0.313351 0.043043 0.061198
0 0.190036 0.668828 0.043043 0.061198