0 0.424588 0.372240 0.082516 0.065104
0 0.321680 0.774869 0.082516 0.065104
0 0.716672 0.745056 0.082516 0.065104
0 0.577464 0.653867 0.082516 0.065104
0 0.294523 0.701214 0.082516 0.065104
0 0.155315 0.624055 0.082516 0.065104
0 0.241325 0.599499 0.082516 0.065104
0 0.437124 0.620551 0.082516 0.065104
0 0.517480 0.605645 0.082516 0.065104
0 0.644249 0.571439 0.082516 0.065104
0 0.615945 0.496921 0.082516 0.065104
0 0.545784 0.540751 0.082516 0.065104
0 0.441648 0.522340 0.082516 0.065104
0 0.316026 0.553029 0.082516 0.065104
0 0.280937 0.499549 0.082516 0.065104
0 0.366947 0.473242 0.082516 0.065104
0 0.463150 0.443429 0.082516 0.065104
0 0.649903 0.457459 0.082516 0.065104
0 0.722342 0.448686 0.082516 0.065104
0 0.656688 0.406608 0.082516 0.065104
0 0.518611 0.396959 0.082516 0.065104
0 0.376010 0.417121 0.082516 0.065104
0 0.287722 0.399587 0.082516 0.065104
0 0.636317 0.344080 0.082516 0.065104
0 0.557092 0.347597 0.082516 0.065104
0 0.458627 0.335319 0.082516 0.065104
0 0.351115 0.342328 0.082516 0.065104
0 0.271890 0.337071 0.082516 0.065104
0 0.228869 0.293229 0.082516 0.065104
0 0.385057 0.296733 0.082516 0.065104
0 0.546914 0.300238 0.082516 0.065104
0 0.541244 0.265169 0.082516 0.065104