0 0.013857 0.936971 0.057292 0.096354
0 0.499571 0.008300 0.057292 0.096354
0 0.774371 0.991700 0.057292 0.096354
0 0.684752 0.412786 0.057292 0.096354
0 0.847467 0.533814 0.057292 0.096354
0 0.821067 0.965300 0.057292 0.096354
0 0.142190 0.439586 0.057292 0.096354
0 0.422410 0.152071 0.057292 0.096354
0 0.521495 0.520000 0.057292 0.096354
0 0.125943 0.042414 0.057292 0.096354
0 0.868314 0.169129 0.057292 0.096354
0 0.473581 0.284857 0.057292 0.096354
0 0.013114 0.545786 0.057292 0.096354
0 0.471000 0.830271 0.057292 0.096354
0 0.960505 0.703357 0.057292 0.096354
0 0.703438 0.292171 0.057292 0.096354
0 0.804962 0.232471 0.057292 0.096354
0 0.890105 0.687114 0.057292 0.096354
0 0.380171 0.498071 0.057292 0.096354
0 0.805771 0.018043 0.057292 0.096354
0 0.454086 0.222729 0.057292 0.096354
0 0.863714 0.761229 0.057292 0.096354
0 0.289200 0.149629 0.057292 0.096354
0 0.343619 0.032671 0.057292 0.096354
0 0.509314 0.444471 0.057292 0.096354
0 0.580790 0.562643 0.057292 0.096354
0 0.878600 0.500300 0.057292 0.096354
0 0.563733 0.506600 0.057292 0.096354
0 0.847467 0.868843 0.057292 0.096354
0 0.332248 0.219071 0.057292 0.096354
0 0.212857 0.487100 0.057292 0.096354
0 0.765971 0.215414 0.057292 0.096354
0 0.161010 0.985200 0.057292 0.096354
0 0.081143 0.605086 0.057292 0.096354
0 0.982029 0.338471 0.057292 0.096354
0 0.273771 0.504157 0.057292 0.096354
0 0.138943 0.794129 0.057292 0.096354
0 0.562924 0.399386 0.057292 0.096354
0 0.043171 0.448329 0.057292 0.096354
0 0.471952 0.516343 0.057292 0.096354
0 0.278648 0.342129 0.057292 0.096354
0 0.351067 0.920829 0.057292 0.096354
0 0.678933 0.853614 0.057292 0.096354
0 0.893495 0.387200 0.057292 0.096354
0 0.037486 0.037743 0.057292 0.096354
0 0.887810 0.100900 0.057292 0.096354
0 0.617343 0.138657 0.057292 0.096354
0 0.024552 0.758586 0.057292 0.096354
0 0.856267 0.581529 0.057292 0.096354
0 0.130819 0.243443 0.057292 0.096354
0 0.340371 0.415229 0.057292 0.096354
0 0.013114 0.137643 0.057292 0.096354
0 0.982838 0.427414 0.057292 0.096354
0 0.578352 0.317757 0.057292 0.096354
0 0.507010 0.818486 0.057292 0.096354
0 0.160057 0.534614 0.057292 0.096354
0 0.356619 0.286086 0.057292 0.096354
0 0.985543 0.841443 0.057292 0.096354
0 0.695181 0.675943 0.057292 0.096354
0 0.376114 0.655229 0.057292 0.096354
0 0.264029 0.797786 0.057292 0.096354
0 0.846381 0.039986 0.057292 0.096354
0 0.078905 0.020686 0.057292 0.096354
0 0.854505 0.427414 0.057292 0.096354
0 0.226667 0.283643 0.057292 0.096354
0 0.340371 0.506600 0.057292 0.096354
0 0.708714 0.529743 0.057292 0.096354
0 0.553171 0.125257 0.057292 0.096354
0 0.754743 0.702343 0.057292 0.096354
0 0.410219 0.081400 0.057292 0.096354
0 0.521495 0.316543 0.057292 0.096354
0 0.745667 0.085057 0.057292 0.096354
0 0.298133 0.719800 0.057292 0.096354
0 0.783171 0.522643 0.057292 0.096354
0 0.805771 0.439586 0.057292 0.096354
0 0.867771 0.551071 0.057292 0.096354
0 0.988524 0.806314 0.057292 0.096354
0 0.948724 0.155714 0.057292 0.096354
0 0.160057 0.135014 0.057292 0.096354
0 0.445152 0.377457 0.057292 0.096354
0 0.964562 0.963271 0.057292 0.096354
0 0.662010 0.098457 0.057292 0.096354
0 0.578762 0.880014 0.057292 0.096354
0 0.800086 0.821129 0.057292 0.096354
0 0.425657 0.660114 0.057292 0.096354
0 0.645086 0.847529 0.057292 0.096354
0 0.844086 0.605900 0.057292 0.096354
0 0.429038 0.947229 0.057292 0.096354
0 0.471000 0.915043 0.057292 0.096354
0 0.076267 0.972000 0.057292 0.096354
0 0.964562 0.626200 0.057292 0.096354
0 0.946286 0.440814 0.057292 0.096354
0 0.349305 0.741743 0.057292 0.096354
0 0.737143 0.887129 0.057292 0.096354
0 0.134886 0.635743 0.057292 0.096354
0 0.115390 0.334814 0.057292 0.096354
0 0.796029 0.415229 0.057292 0.096354
0 0.671762 0.135014 0.057292 0.096354
0 0.953600 0.265371 0.057292 0.096354
0 0.947914 0.401829 0.057292 0.096354
0 0.934105 0.919614 0.057292 0.096354
0 0.895114 0.320200 0.057292 0.096354
0 0.627495 0.666814 0.057292 0.096354
0 0.739171 0.269029 0.057292 0.096354
0 0.259152 0.565086 0.057292 0.096354
0 0.995019 0.072871 0.057292 0.096354
0 0.008238 0.372786 0.057292 0.096354
0 0.984190 0.653614 0.057292 0.096354
0 0.039171 0.885800 0.057292 0.096354
0 0.493886 0.595543 0.057292 0.096354
0 0.191733 0.725900 0.057292 0.096354
0 0.207171 0.210543 0.057292 0.096354
0 0.220505 0.957386 0.057292 0.096354
0 0.816333 0.799000 0.057292 0.096354
0 0.782219 0.145971 0.057292 0.096354
0 0.431343 0.515129 0.057292 0.096354
0 0.625457 0.072871 0.057292 0.096354
0 0.385181 0.884286 0.057292 0.096354
0 0.576724 0.126486 0.057292 0.096354
0 0.992314 0.687114 0.057292 0.096354
0 0.778162 0.355529 0.057292 0.096354
0 0.509314 0.705186 0.057292 0.096354
0 0.254276 0.039986 0.057292 0.096354
0 0.645086 0.898286 0.057292 0.096354
0 0.919895 0.872914 0.057292 0.096354
0 0.736467 0.989671 0.057292 0.096354
0 0.549114 0.055814 0.057292 0.096354
0 0.671486 0.757171 0.057292 0.096354
0 0.575914 0.171557 0.057292 0.096354
0 0.641705 0.555129 0.057292 0.096354
0 0.497943 0.382329 0.057292 0.096354
0 0.813895 0.403043 0.057292 0.096354
0 0.640086 0.385986 0.057292 0.096354
0 0.432962 0.766100 0.057292 0.096354
0 0.596352 0.803871 0.057292 0.096354
0 0.056971 0.210743 0.057292 0.096354
0 0.980400 0.483457 0.057292 0.096354
0 0.507686 0.216643 0.057292 0.096354
0 0.831762 0.266586 0.057292 0.096354