0 0.771629 0.308188 0.058925 0.105035
0 0.573884 0.561577 0.058925 0.105035
0 0.785402 0.663926 0.058925 0.105035
0 0.245670 0.555503 0.058925 0.105035
0 0.103036 0.649295 0.058925 0.105035
0 0.585558 0.370436 0.058925 0.105035
0 0.112768 0.380067 0.058925 0.105035
0 0.713281 0.570101 0.058925 0.105035
0 0.367232 0.556711 0.058925 0.105035
0 0.851049 0.661477 0.058925 0.105035
0 0.834844 0.380067 0.058925 0.105035
0 0.140156 0.287718 0.058925 0.105035
0 0.778103 0.473859 0.058925 0.105035
0 0.839710 0.470201 0.058925 0.105035
0 0.513103 0.479966 0.058925 0.105035
0 0.919129 0.561577 0.058925 0.105035
0 0.647478 0.365302 0.058925 0.105035
0 0.920737 0.661477 0.058925 0.105035
0 0.705982 0.468993 0.058925 0.105035
0 0.843750 0.568893 0.058925 0.105035
0 0.299978 0.661477 0.058925 0.105035
0 0.648616 0.558289 0.058925 0.105035
0 0.154911 0.768691 0.058925 0.105035
0 0.369665 0.665134 0.058925 0.105035
0 0.770000 0.383725 0.058925 0.105035
0 0.310513 0.473859 0.058925 0.105035
0 0.177589 0.365436 0.058925 0.105035
0 0.513103 0.555503 0.058925 0.105035
0 0.442612 0.546980 0.058925 0.105035
0 0.160580 0.661477 0.058925 0.105035
0 0.721384 0.774799 0.058925 0.105035
0 0.293482 0.777248 0.058925 0.105035
0 0.851853 0.773591 0.058925 0.105035
0 0.237567 0.466544 0.058925 0.105035
0 0.706786 0.373960 0.058925 0.105035
0 0.220558 0.771141 0.058925 0.105035
0 0.778929 0.570101 0.058925 0.105035
0 0.433683 0.668792 0.058925 0.105035
0 0.913438 0.478725 0.058925 0.105035
0 0.316987 0.372752 0.058925 0.105035
0 0.790268 0.778456 0.058925 0.105035
0 0.247299 0.366644 0.058925 0.105035
0 0.505804 0.671242 0.058925 0.105035
0 0.646004 0.662718 0.058925 0.105035
0 0.433683 0.773591 0.058925 0.105035
0 0.375335 0.468993 0.058925 0.105035
0 0.452165 0.298658 0.058925 0.105035
0 0.102232 0.556711 0.058925 0.105035
0 0.085223 0.765034 0.058925 0.105035
0 0.324933 0.287718 0.058925 0.105035
0 0.902924 0.373960 0.058925 0.105035
0 0.377768 0.372752 0.058925 0.105035
0 0.648438 0.780872 0.058925 0.105035
0 0.509062 0.381275 0.058925 0.105035
0 0.655335 0.459262 0.058925 0.105035
0 0.108705 0.456812 0.058925 0.105035
0 0.510513 0.293792 0.058925 0.105035
0 0.216496 0.659060 0.058925 0.105035
0 0.445045 0.377617 0.058925 0.105035
0 0.179219 0.462919 0.058925 0.105035
0 0.569844 0.663926 0.058925 0.105035
0 0.923170 0.777248 0.058925 0.105035
0 0.446652 0.466544 0.058925 0.105035
0 0.719754 0.673658 0.058925 0.105035
0 0.517165 0.779664 0.058925 0.105035
0 0.299978 0.561577 0.058925 0.105035
0 0.368036 0.774799 0.058925 0.105035
0 0.585223 0.777248 0.058925 0.105035