0 0.670738 0.073113 0.091165 0.186198
0 0.233831 0.655458 0.091165 0.186198
0 0.505462 0.667655 0.091165 0.186198
0 0.336692 0.263156 0.091165 0.186198
0 0.313831 0.071876 0.091165 0.186198
0 0.692708 0.665203 0.091165 0.186198
0 0.056262 0.459318 0.091165 0.186198
0 0.319985 0.657910 0.091165 0.186198
0 0.767431 0.275352 0.091165 0.186198
0 0.601292 0.855267 0.091165 0.186198
0 0.140662 0.458102 0.091165 0.186198
0 0.060662 0.660341 0.091165 0.186198
0 0.147692 0.265608 0.091165 0.186198
0 0.945877 0.276567 0.091165 0.186198
0 0.415800 0.850405 0.091165 0.186198
0 0.667215 0.866226 0.091165 0.186198
0 0.058015 0.857697 0.091165 0.186198
0 0.057138 0.272900 0.091165 0.186198
0 0.414923 0.662772 0.091165 0.186198
0 0.661938 0.264371 0.091165 0.186198
0 0.942369 0.469062 0.091165 0.186198
0 0.324385 0.857697 0.091165 0.186198
0 0.593369 0.079190 0.091165 0.186198
0 0.552062 0.270469 0.091165 0.186198
0 0.142415 0.856482 0.091165 0.186198
0 0.225923 0.462964 0.091165 0.186198
0 0.454477 0.265608 0.091165 0.186198
0 0.945000 0.856482 0.091165 0.186198
0 0.232954 0.847953 0.091165 0.186198
0 0.848308 0.863795 0.091165 0.186198
0 0.950277 0.085288 0.091165 0.186198
0 0.856215 0.459318 0.091165 0.186198
0 0.487892 0.857697 0.091165 0.186198
0 0.147692 0.653028 0.091165 0.186198
0 0.501954 0.073113 0.091165 0.186198
0 0.407892 0.073113 0.091165 0.186198
0 0.765677 0.077974 0.091165 0.186198
0 0.763031 0.659126 0.091165 0.186198
0 0.230323 0.074328 0.091165 0.186198
0 0.770954 0.465416 0.091165 0.186198
0 0.851815 0.271684 0.091165 0.186198
0 0.227677 0.269254 0.091165 0.186198
0 0.851815 0.661557 0.091165 0.186198
0 0.147692 0.082857 0.091165 0.186198
0 0.063292 0.087719 0.091165 0.186198
0 0.864123 0.084072 0.091165 0.186198
0 0.771831 0.863795 0.091165 0.186198
0 0.580185 0.657910 0.091165 0.186198
0 0.945877 0.661557 0.091165 0.186198