0 0.561390 0.448083 0.086806 0.078125
0 0.315415 0.771054 0.086806 0.078125
0 0.553866 0.583610 0.086806 0.078125
0 0.211661 0.750958 0.086806 0.078125
0 0.476885 0.304185 0.086806 0.078125
0 0.304537 0.540128 0.086806 0.078125
0 0.043482 0.571917 0.086806 0.078125
0 0.488594 0.508339 0.086806 0.078125
0 0.225048 0.797827 0.086806 0.078125
0 0.331310 0.566901 0.086806 0.078125
0 0.302013 0.610415 0.086806 0.078125
0 0.585655 0.329265 0.086806 0.078125
0 0.359744 0.597029 0.086806 0.078125
0 0.774744 0.545144 0.086806 0.078125
0 0.433387 0.466486 0.086806 0.078125
0 0.559712 0.668978 0.086806 0.078125
0 0.470192 0.607061 0.086806 0.078125
0 0.440080 0.647220 0.086806 0.078125
0 0.244297 0.647220 0.086806 0.078125
0 0.131342 0.672300 0.086806 0.078125
0 0.103722 0.376134 0.086806 0.078125
0 0.317923 0.466486 0.086806 0.078125
0 0.603227 0.789457 0.086806 0.078125
0 0.416645 0.489904 0.086806 0.078125
0 0.312891 0.663962 0.086806 0.078125
0 0.058546 0.402907 0.086806 0.078125
0 0.338003 0.732556 0.086806 0.078125
0 0.614936 0.684026 0.086806 0.078125
0 0.602396 0.473195 0.086806 0.078125
0 0.630831 0.571917 0.086806 0.078125
0 0.550511 0.642204 0.086806 0.078125
0 0.428355 0.843003 0.086806 0.078125
0 0.311230 0.489904 0.086806 0.078125
0 0.563898 0.551821 0.086806 0.078125
0 0.507843 0.640511 0.086806 0.078125
0 0.363099 0.546805 0.086806 0.078125
0 0.037620 0.252300 0.086806 0.078125
0 0.031773 0.464824 0.086806 0.078125
0 0.388195 0.608722 0.086806 0.078125
0 0.175687 0.545144 0.086806 0.078125
0 0.431709 0.602045 0.086806 0.078125
0 0.498642 0.620447 0.086806 0.078125
0 0.079457 0.573578 0.086806 0.078125
0 0.587332 0.526741 0.086806 0.078125
0 0.111262 0.506645 0.086806 0.078125
0 0.129665 0.454760 0.086806 0.078125
0 0.302859 0.451438 0.086806 0.078125
0 0.465176 0.687380 0.086806 0.078125
0 0.501150 0.466486 0.086806 0.078125
0 0.646741 0.448083 0.086806 0.078125
0 0.402428 0.699073 0.086806 0.078125
0 0.401581 0.535112 0.086806 0.078125
0 0.393227 0.822907 0.086806 0.078125
0 0.575623 0.699073 0.086806 0.078125
0 0.544665 0.747604 0.086806 0.078125
0 0.460990 0.794473 0.086806 0.078125
0 0.040144 0.518371 0.086806 0.078125
0 0.147236 0.441374 0.086806 0.078125
0 0.010847 0.426326 0.086806 0.078125
0 0.480240 0.548498 0.086806 0.078125
0 0.157268 0.491597 0.086806 0.078125
0 0.328802 0.508339 0.086806 0.078125
0 0.302013 0.710799 0.086806 0.078125
0 0.097029 0.444728 0.086806 0.078125
0 0.133003 0.558530 0.086806 0.078125