0 0.758404 0.856137 0.072712 0.065104
0 0.672605 0.856137 0.072712 0.065104
0 0.491883 0.883412 0.072712 0.065104
0 0.519262 0.775837 0.072712 0.065104
0 0.455181 0.769775 0.072712 0.065104
0 0.438750 0.716588 0.072712 0.065104
0 0.385813 0.668262 0.072712 0.065104
0 0.367560 0.718262 0.072712 0.065104
0 0.375045 0.780225 0.072712 0.065104
0 0.322108 0.762200 0.072712 0.065104
0 0.260045 0.715075 0.072712 0.065104
0 0.303855 0.672650 0.072712 0.065104
0 0.210753 0.707500 0.072712 0.065104
0 0.197786 0.743862 0.072712 0.065104
0 0.248901 0.765075 0.072712 0.065104