0 0.854386 0.444648 0.106501 0.102431
0 0.680684 0.455595 0.106501 0.102431
0 0.146965 0.456828 0.106501 0.102431
0 0.118825 0.545749 0.106501 0.102431
0 0.216842 0.500683 0.106501 0.102431
0 0.097474 0.644449 0.106501 0.102431
0 0.882526 0.548194 0.106501 0.102431
0 0.244018 0.414185 0.106501 0.102431
0 0.685544 0.546982 0.106501 0.102431
0 0.169298 0.370308 0.106501 0.102431
0 0.915526 0.660286 0.106501 0.102431
0 0.402175 0.501894 0.106501 0.102431
0 0.314842 0.555507 0.106501 0.102431
0 0.773842 0.494581 0.106501 0.102431
0 0.831088 0.369097 0.106501 0.102431
0 0.801018 0.600573 0.106501 0.102431
0 0.755404 0.414185 0.106501 0.102431
0 0.322614 0.460485 0.106501 0.102431
0 0.597228 0.497026 0.106501 0.102431
0 0.206158 0.606674 0.106501 0.102431