0 0.140360 0.332553 0.114808 0.137153
0 0.110120 0.476011 0.114808 0.137153
0 0.666040 0.697181 0.114808 0.137153
0 0.279160 0.324362 0.114808 0.137153
0 0.613120 0.407500 0.114808 0.137153
0 0.450280 0.697181 0.114808 0.137153
0 0.312840 0.459574 0.114808 0.137153
0 0.674960 0.278670 0.114808 0.137153
0 0.797960 0.416649 0.114808 0.137153
0 0.613800 0.805000 0.114808 0.137153
0 0.579440 0.681649 0.114808 0.137153
0 0.455760 0.551862 0.114808 0.137153
0 0.380840 0.311543 0.114808 0.137153
0 0.632360 0.561915 0.114808 0.137153
0 0.112880 0.747394 0.114808 0.137153
0 0.792440 0.290532 0.114808 0.137153
0 0.701760 0.417553 0.114808 0.137153
0 0.231080 0.586596 0.114808 0.137153
0 0.396680 0.851596 0.114808 0.137153
0 0.497680 0.412979 0.114808 0.137153
0 0.358880 0.702660 0.114808 0.137153
0 0.735440 0.547287 0.114808 0.137153
0 0.525160 0.821436 0.114808 0.137153
0 0.745720 0.685266 0.114808 0.137153
0 0.486680 0.282340 0.114808 0.137153
0 0.714120 0.811383 0.114808 0.137153
0 0.587000 0.277766 0.114808 0.137153
0 0.218000 0.450426 0.114808 0.137153
0 0.800720 0.537234 0.114808 0.137153
0 0.244120 0.739202 0.114808 0.137153
0 0.565000 0.549149 0.114808 0.137153
0 0.371920 0.578351 0.114808 0.137153
0 0.424160 0.432181 0.114808 0.137153
0 0.113560 0.587500 0.114808 0.137153
0 0.842600 0.664255 0.114808 0.137153