0 0.238021 0.744630 0.026354 0.040365
0 0.079880 0.657815 0.026354 0.040365
0 0.983698 0.445926 0.026354 0.040365
0 0.856198 0.325370 0.026354 0.040365
0 0.290885 0.662500 0.026354 0.040365
0 0.420823 0.374556 0.026354 0.040365
0 0.025911 0.732593 0.026354 0.040365
0 0.473073 0.551213 0.026354 0.040365
0 0.037240 0.703056 0.026354 0.040365
0 0.405401 0.488778 0.026354 0.040365
0 0.382271 0.365574 0.026354 0.040365
0 0.387411 0.537509 0.026354 0.040365
0 0.240068 0.423444 0.026354 0.040365
0 0.903333 0.145833 0.026354 0.040365
0 0.333443 0.429537 0.026354 0.040365
0 0.091016 0.226833 0.026354 0.040365
0 0.363427 0.549843 0.026354 0.040365
0 0.230646 0.548324 0.026354 0.040365
0 0.004495 0.583343 0.026354 0.040365
0 0.477359 0.385370 0.026354 0.040365
0 0.132135 0.665435 0.026354 0.040365
0 0.199807 0.653250 0.026354 0.040365
0 0.341151 0.674722 0.026354 0.040365
0 0.745484 0.400602 0.026354 0.040365
0 0.414823 0.540704 0.026354 0.040365
0 0.395979 0.309222 0.026354 0.040365
0 0.354005 0.287898 0.026354 0.040365
0 0.476500 0.220741 0.026354 0.040365
0 0.778896 0.586389 0.026354 0.040365
0 0.928385 0.392778 0.026354 0.040365
0 0.511625 0.190435 0.026354 0.040365
0 0.830469 0.486852 0.026354 0.040365
0 0.487641 0.412630 0.026354 0.040365
0 0.286328 0.612278 0.026354 0.040365
0 0.458510 0.321250 0.026354 0.040365
0 0.123568 0.575583 0.026354 0.040365
0 0.792599 0.953417 0.026354 0.040365
0 0.521047 0.123278 0.026354 0.040365
0 0.930365 0.428889 0.026354 0.040365
0 0.109005 0.659343 0.026354 0.040365
0 0.616135 0.281815 0.026354 0.040365
0 0.213516 0.494861 0.026354 0.040365