0 0.317361 0.037907 0.067708 0.231771
0 0.584716 0.593515 0.067708 0.231771
0 0.712219 0.582011 0.067708 0.231771
0 0.286650 0.619153 0.067708 0.231771
0 0.473882 0.163125 0.067708 0.231771
0 0.365926 0.851058 0.067708 0.231771
0 0.343591 0.383102 0.067708 0.231771
0 0.216680 0.378869 0.067708 0.231771
0 0.321085 0.854187 0.067708 0.231771
0 0.353743 0.179200 0.067708 0.231771
0 0.705704 0.356872 0.067708 0.231771
0 0.586409 0.163972 0.067708 0.231771
0 0.558151 0.837520 0.067708 0.231771
0 0.771190 0.576849 0.067708 0.231771
0 0.515341 0.378869 0.067708 0.231771
0 0.814001 0.350106 0.067708 0.231771
0 0.104408 0.845218 0.067708 0.231771
0 0.284365 0.382255 0.067708 0.231771
0 0.704011 0.145357 0.067708 0.231771
0 0.702404 0.826015 0.067708 0.231771
0 0.156610 0.387331 0.067708 0.231771
0 0.244600 0.174970 0.067708 0.231771
0 0.761544 0.137741 0.067708 0.231771
0 0.471260 0.603161 0.067708 0.231771
0 0.192989 0.183429 0.067708 0.231771
0 0.352642 0.608915 0.067708 0.231771
0 0.512295 0.607646 0.067708 0.231771
0 0.437672 0.843356 0.067708 0.231771
0 0.419735 0.172431 0.067708 0.231771
0 0.470499 0.371257 0.067708 0.231771
0 0.763489 0.819752 0.067708 0.231771
0 0.528032 0.028601 0.067708 0.231771
0 0.309749 0.174970 0.067708 0.231771
0 0.641488 0.832444 0.067708 0.231771
0 0.573717 0.372946 0.067708 0.231771
0 0.754775 0.349259 0.067708 0.231771
0 0.648763 0.593515 0.067708 0.231771
0 0.399431 0.600539 0.067708 0.231771
0 0.400274 0.379716 0.067708 0.231771
0 0.205258 0.606968 0.067708 0.231771
0 0.832106 0.829398 0.067708 0.231771
0 0.246038 0.864511 0.067708 0.231771
0 0.835235 0.580063 0.067708 0.231771
0 0.819921 0.134358 0.067708 0.231771
0 0.646478 0.147050 0.067708 0.231771
0 0.639712 0.360258 0.067708 0.231771
0 0.154325 0.603585 0.067708 0.231771
0 0.495374 0.849702 0.067708 0.231771
0 0.537338 0.153819 0.067708 0.231771