0 0.150927 0.964940 0.066840 0.097656
0 0.970453 0.598220 0.066840 0.097656
0 0.533480 0.417910 0.066840 0.097656
0 0.617140 0.331410 0.066840 0.097656
0 0.557033 0.807780 0.066840 0.097656
0 0.622827 0.874780 0.066840 0.097656
0 0.214280 0.169370 0.066840 0.097656
0 0.384033 0.659140 0.066840 0.097656
0 0.176107 0.671320 0.066840 0.097656
0 0.390533 0.861380 0.066840 0.097656
0 0.048587 0.553150 0.066840 0.097656
0 0.973707 0.270490 0.066840 0.097656
0 0.901420 0.230290 0.066840 0.097656
0 0.888420 0.085310 0.066840 0.097656
0 0.068080 0.581170 0.066840 0.097656
0 0.727600 0.115770 0.066840 0.097656
0 0.872180 0.064600 0.066840 0.097656
0 0.802327 0.159630 0.066840 0.097656
0 0.034780 0.043880 0.066840 0.097656
0 0.250827 0.729800 0.066840 0.097656
0 0.866493 0.692040 0.066840 0.097656
0 0.832380 0.043880 0.066840 0.097656
0 0.280880 0.766350 0.066840 0.097656
0 0.260573 0.041450 0.066840 0.097656
0 0.051833 0.967380 0.066840 0.097656
0 0.484747 0.219320 0.066840 0.097656
0 0.841313 0.181560 0.066840 0.097656
0 0.492873 0.395980 0.066840 0.097656
0 0.345860 0.116980 0.066840 0.097656
0 0.645567 0.353340 0.066840 0.097656
0 0.523733 0.770010 0.066840 0.097656
0 0.111940 0.597010 0.066840 0.097656
0 0.409213 0.687160 0.066840 0.097656
0 0.713793 0.558020 0.066840 0.097656
0 0.897353 0.712750 0.066840 0.097656
0 0.275193 0.219320 0.066840 0.097656
0 0.401900 0.319230 0.066840 0.097656
0 0.310933 0.229070 0.066840 0.097656
0 0.570033 0.460550 0.066840 0.097656
0 0.379973 0.155970 0.066840 0.097656
0 0.293880 0.062160 0.066840 0.097656
0 0.634200 0.045100 0.066840 0.097656
0 0.756027 0.595790 0.066840 0.097656
0 0.057520 0.071910 0.066840 0.097656
0 0.932280 0.102360 0.066840 0.097656
0 0.681307 0.389890 0.066840 0.097656
0 0.496120 0.958850 0.066840 0.097656
0 0.355607 0.830920 0.066840 0.097656
0 0.830753 0.653050 0.066840 0.097656
0 0.274387 0.558020 0.066840 0.097656
0 0.178540 0.141350 0.066840 0.097656
0 0.440887 0.197390 0.066840 0.097656
0 0.643133 0.509290 0.066840 0.097656
0 0.068080 0.391110 0.066840 0.097656
0 0.933907 0.248560 0.066840 0.097656
0 0.233773 0.540960 0.066840 0.097656
0 0.042087 0.353340 0.066840 0.097656
0 0.202100 0.498320 0.066840 0.097656
0 0.669933 0.912550 0.066840 0.097656
0 0.868113 0.208360 0.066840 0.097656
0 0.676433 0.543400 0.066840 0.097656
0 0.665060 0.067030 0.066840 0.097656
0 0.164733 0.471520 0.066840 0.097656
0 0.071327 0.899150 0.066840 0.097656
0 0.945280 0.567770 0.066840 0.097656
0 0.476627 0.737110 0.066840 0.097656
0 0.598460 0.846760 0.066840 0.097656
0 0.507493 0.243690 0.066840 0.097656
0 0.820193 0.489790 0.066840 0.097656
0 0.103820 0.097490 0.066840 0.097656
0 0.231333 0.192520 0.066840 0.097656
0 0.019347 0.505630 0.066840 0.097656
0 0.900607 0.539740 0.066840 0.097656
0 0.344233 0.261970 0.066840 0.097656
0 0.709733 0.408160 0.066840 0.097656
0 0.469320 0.361870 0.066840 0.097656
0 0.370227 0.288770 0.066840 0.097656
0 0.576527 0.297300 0.066840 0.097656
0 0.405153 0.180340 0.066840 0.097656
0 0.695113 0.091400 0.066840 0.097656
0 0.014473 0.014650 0.066840 0.097656
0 0.978580 0.779760 0.066840 0.097656
0 0.124933 0.455680 0.066840 0.097656
0 0.786893 0.622590 0.066840 0.097656
0 0.784460 0.454460 0.066840 0.097656
0 0.437640 0.709090 0.066840 0.097656
0 0.309307 0.588480 0.066840 0.097656
0 0.947713 0.731020 0.066840 0.097656
0 0.147680 0.110890 0.066840 0.097656
0 0.539167 0.276590 0.066840 0.097656
0 0.791767 0.025610 0.066840 0.097656
0 0.969647 0.126730 0.066840 0.097656
0 0.138747 0.642080 0.066840 0.097656
0 0.328800 0.798030 0.066840 0.097656
0 0.745473 0.436190 0.066840 0.097656
0 0.422207 0.896710 0.066840 0.097656
0 0.431953 0.338720 0.066840 0.097656
0 0.341800 0.611630 0.066840 0.097656