0 0.250922 0.103137 0.052469 0.087240
0 0.755536 0.591766 0.052469 0.087240
0 0.936594 0.321028 0.052469 0.087240
0 0.444958 0.133453 0.052469 0.087240
0 0.373208 0.105237 0.052469 0.087240
0 0.450198 0.290510 0.052469 0.087240
0 0.385437 0.810088 0.052469 0.087240
0 0.817552 0.211977 0.052469 0.087240
0 0.688281 0.211977 0.052469 0.087240
0 0.807198 0.574297 0.052469 0.087240
0 0.936594 0.696397 0.052469 0.087240
0 0.688281 0.705246 0.052469 0.087240
0 0.072359 0.792610 0.052469 0.087240
0 0.939214 0.111555 0.052469 0.087240
0 0.067495 0.107346 0.052469 0.087240
0 0.137120 0.796819 0.052469 0.087240
0 0.936844 0.397663 0.052469 0.087240
0 0.623521 0.495773 0.052469 0.087240
0 0.760651 0.823137 0.052469 0.087240
0 0.755536 0.888612 0.052469 0.087240
0 0.248302 0.495773 0.052469 0.087240
0 0.877073 0.700826 0.052469 0.087240
0 0.874578 0.788190 0.052469 0.087240
0 0.069865 0.203137 0.052469 0.087240
0 0.939214 0.203137 0.052469 0.087240
0 0.812438 0.111555 0.052469 0.087240
0 0.505099 0.412399 0.052469 0.087240
0 0.444958 0.403981 0.052469 0.087240
0 0.197266 0.111555 0.052469 0.087240
0 0.248302 0.399561 0.052469 0.087240
0 0.132380 0.109455 0.052469 0.087240
0 0.450198 0.508822 0.052469 0.087240
0 0.693396 0.499982 0.052469 0.087240
0 0.936594 0.508822 0.052469 0.087240
0 0.196641 0.225035 0.052469 0.087240
0 0.871958 0.504402 0.052469 0.087240
0 0.074979 0.377873 0.052469 0.087240
0 0.815057 0.796819 0.052469 0.087240
0 0.869339 0.115975 0.052469 0.087240
0 0.137120 0.207557 0.052469 0.087240
0 0.315682 0.582926 0.052469 0.087240
0 0.196641 0.700826 0.052469 0.087240
0 0.196641 0.613664 0.052469 0.087240
0 0.693396 0.133453 0.052469 0.087240
0 0.639115 0.897241 0.052469 0.087240
0 0.566620 0.412821 0.052469 0.087240
0 0.137120 0.316608 0.052469 0.087240
0 0.561500 0.897241 0.052469 0.087240
0 0.325792 0.101028 0.052469 0.087240
0 0.259656 0.208401 0.052469 0.087240
0 0.631255 0.111555 0.052469 0.087240
0 0.377823 0.399772 0.052469 0.087240
0 0.683036 0.884192 0.052469 0.087240
0 0.871958 0.403981 0.052469 0.087240
0 0.626141 0.574297 0.052469 0.087240
0 0.450198 0.783770 0.052469 0.087240
0 0.512339 0.679139 0.052469 0.087240
0 0.752917 0.129033 0.052469 0.087240
0 0.139740 0.417030 0.052469 0.087240
0 0.188906 0.312399 0.052469 0.087240
0 0.069865 0.491344 0.052469 0.087240
0 0.812438 0.408401 0.052469 0.087240
0 0.131880 0.504402 0.052469 0.087240
0 0.941833 0.805668 0.052469 0.087240
0 0.869339 0.888612 0.052469 0.087240
0 0.248302 0.303559 0.052469 0.087240
0 0.320797 0.814297 0.052469 0.087240
0 0.561500 0.508822 0.052469 0.087240
0 0.688281 0.303559 0.052469 0.087240
0 0.877073 0.207557 0.052469 0.087240
0 0.501979 0.225035 0.052469 0.087240
0 0.752917 0.692188 0.052469 0.087240
0 0.196641 0.399561 0.052469 0.087240
0 0.512339 0.788190 0.052469 0.087240
0 0.261281 0.801248 0.052469 0.087240
0 0.072359 0.303559 0.052469 0.087240
0 0.380318 0.294930 0.052469 0.087240
0 0.693396 0.403981 0.052469 0.087240
0 0.245807 0.604824 0.052469 0.087240
0 0.874578 0.591766 0.052469 0.087240
0 0.688281 0.775141 0.052469 0.087240
0 0.382943 0.687768 0.052469 0.087240
0 0.626141 0.679139 0.052469 0.087240
0 0.815057 0.893032 0.052469 0.087240
0 0.512339 0.897241 0.052469 0.087240
0 0.809818 0.321028 0.052469 0.087240
0 0.452818 0.875562 0.052469 0.087240
0 0.315682 0.499982 0.052469 0.087240
0 0.564000 0.194508 0.052469 0.087240
0 0.758031 0.399561 0.052469 0.087240
0 0.507099 0.613664 0.052469 0.087240
0 0.628760 0.294930 0.052469 0.087240
0 0.564000 0.788190 0.052469 0.087240
0 0.561500 0.316608 0.052469 0.087240
0 0.376953 0.202083 0.052469 0.087240
0 0.196641 0.513243 0.052469 0.087240
0 0.631255 0.203137 0.052469 0.087240
0 0.623521 0.399561 0.052469 0.087240
0 0.137120 0.696397 0.052469 0.087240
0 0.196641 0.893032 0.052469 0.087240
0 0.139740 0.901670 0.052469 0.087240
0 0.323422 0.901670 0.052469 0.087240
0 0.812438 0.705246 0.052469 0.087240
0 0.318177 0.709666 0.052469 0.087240
0 0.380318 0.504402 0.052469 0.087240
0 0.261281 0.888612 0.052469 0.087240
0 0.569240 0.683348 0.052469 0.087240
0 0.758031 0.504402 0.052469 0.087240
0 0.069865 0.687768 0.052469 0.087240
0 0.750297 0.211977 0.052469 0.087240
0 0.447578 0.229455 0.052469 0.087240
0 0.310818 0.206292 0.052469 0.087240
0 0.318177 0.390923 0.052469 0.087240
0 0.631255 0.796819 0.052469 0.087240
0 0.501979 0.307979 0.052469 0.087240
0 0.874578 0.312399 0.052469 0.087240
0 0.074979 0.587346 0.052469 0.087240
0 0.933974 0.609244 0.052469 0.087240
0 0.760651 0.334086 0.052469 0.087240
0 0.248302 0.700826 0.052469 0.087240
0 0.385437 0.875562 0.052469 0.087240
0 0.928859 0.888612 0.052469 0.087240
0 0.812438 0.504402 0.052469 0.087240
0 0.499359 0.486924 0.052469 0.087240
0 0.571734 0.591766 0.052469 0.087240
0 0.561500 0.115975 0.052469 0.087240
0 0.447578 0.679139 0.052469 0.087240
0 0.496740 0.111555 0.052469 0.087240
0 0.685661 0.587346 0.052469 0.087240
0 0.382943 0.600404 0.052469 0.087240
0 0.440214 0.599772 0.052469 0.087240
0 0.196641 0.792610 0.052469 0.087240
0 0.134500 0.600404 0.052469 0.087240
0 0.072359 0.901670 0.052469 0.087240
0 0.326042 0.299350 0.052469 0.087240