0 0.544515 0.328971 0.113144 0.106771
0 0.264459 0.261818 0.113144 0.106771
0 0.697687 0.147225 0.113144 0.106771
0 0.193918 0.302943 0.113144 0.106771
0 0.214216 0.328971 0.113144 0.106771
0 0.223843 0.496196 0.113144 0.106771
0 0.796772 0.370096 0.113144 0.106771
0 0.454869 0.142153 0.113144 0.106771
0 0.669571 0.252225 0.113144 0.106771
0 0.342481 0.381053 0.113144 0.106771
0 0.314701 0.493445 0.113144 0.106771
0 0.252705 0.227560 0.113144 0.106771
0 0.775392 0.333086 0.113144 0.106771
0 0.620392 0.328971 0.113144 0.106771
0 0.384198 0.082081 0.113144 0.106771
0 0.337369 0.106603 0.113144 0.106771
0 0.279422 0.906005 0.113144 0.106771
0 0.664216 0.636005 0.113144 0.106771
0 0.382034 0.268660 0.113144 0.106771
0 0.607575 0.179569 0.113144 0.106771
0 0.580858 0.653804 0.113144 0.106771
0 0.140075 0.118445 0.113144 0.106771
0 0.014347 0.178206 0.113144 0.106771
0 0.845933 0.324856 0.113144 0.106771
0 0.817071 0.664785 0.113144 0.106771
0 0.556269 0.363230 0.113144 0.106771
0 0.432276 0.372847 0.113144 0.106771
0 0.922892 0.241244 0.113144 0.106771
0 0.718731 0.605837 0.113144 0.106771
0 0.124440 0.926579 0.113144 0.106771
0 0.719813 0.568828 0.113144 0.106771