0 0.854803 0.556724 0.128268 0.115451
0 0.350653 0.646887 0.128268 0.115451
0 0.774435 0.348394 0.128268 0.115451
0 0.100395 0.313067 0.128268 0.115451
0 0.637429 0.360581 0.128268 0.115451
0 0.122313 0.718766 0.128268 0.115451
0 0.376218 0.448294 0.128268 0.115451
0 0.284884 0.548203 0.128268 0.115451
0 0.694054 0.296007 0.128268 0.115451
0 0.873075 0.361797 0.128268 0.115451
0 0.736068 0.660281 0.128268 0.115451
0 0.684925 0.882024 0.128268 0.115451
0 0.233741 0.896642 0.128268 0.115451
0 0.679442 0.762623 0.128268 0.115451
0 0.624653 0.544546 0.128268 0.115451
0 0.752517 0.556724 0.128268 0.115451
0 0.463905 0.286261 0.128268 0.115451
0 0.814626 0.855218 0.128268 0.115451
0 0.387184 0.543330 0.128268 0.115451
0 0.115007 0.398348 0.128268 0.115451
0 0.842014 0.772368 0.128268 0.115451
0 0.341510 0.277731 0.128268 0.115451
0 0.394490 0.892985 0.128268 0.115451
0 0.115007 0.471443 0.128268 0.115451
0 0.213646 0.291134 0.128268 0.115451
0 0.615510 0.655408 0.128268 0.115451
0 0.505918 0.546978 0.128268 0.115451
0 0.222776 0.369102 0.128268 0.115451
0 0.239224 0.760191 0.128268 0.115451
0 0.516871 0.370327 0.128268 0.115451
0 0.273932 0.442205 0.128268 0.115451
0 0.129619 0.241180 0.128268 0.115451
0 0.219129 0.238748 0.128268 0.115451
0 0.427361 0.356924 0.128268 0.115451
0 0.241048 0.645662 0.128268 0.115451
0 0.834707 0.448294 0.128268 0.115451
0 0.801837 0.283820 0.128268 0.115451
0 0.535143 0.768721 0.128268 0.115451
0 0.558884 0.274074 0.128268 0.115451
0 0.518694 0.889328 0.128268 0.115451
0 0.600898 0.433675 0.128268 0.115451
0 0.493129 0.460481 0.128268 0.115451
0 0.147891 0.576225 0.128268 0.115451
0 0.867592 0.659065 0.128268 0.115451
0 0.712327 0.456824 0.128268 0.115451
0 0.381701 0.763848 0.128268 0.115451
0 0.478517 0.638358 0.128268 0.115451
0 0.325075 0.370327 0.128268 0.115451
0 0.096735 0.844256 0.128268 0.115451