0 0.525070 0.432545 0.118464 0.087674
0 0.630404 0.682299 0.118464 0.087674
0 0.600772 0.198623 0.118464 0.087674
0 0.482281 0.593364 0.118464 0.087674
0 0.492158 0.743221 0.118464 0.087674
0 0.711035 0.752961 0.118464 0.087674
0 0.401632 0.828506 0.118464 0.087674
0 0.406561 0.515390 0.118464 0.087674
0 0.380228 0.209597 0.118464 0.087674
0 0.707754 0.428896 0.118464 0.087674
0 0.727509 0.268065 0.118464 0.087674
0 0.474053 0.292442 0.118464 0.087674
0 0.589246 0.843117 0.118464 0.087674
0 0.623807 0.522701 0.118464 0.087674
0 0.391754 0.366753 0.118464 0.087674
0 0.610649 0.342390 0.118464 0.087674
0 0.715982 0.605545 0.118464 0.087674
0 0.399982 0.693273 0.118464 0.087674