0 0.272570 0.710476 0.052065 0.074870
0 0.564719 0.122755 0.052065 0.074870
0 0.055977 0.451701 0.052065 0.074870
0 0.151680 0.805510 0.052065 0.074870
0 0.691648 0.682698 0.052065 0.074870
0 0.354172 0.518957 0.052065 0.074870
0 0.310852 0.279195 0.052065 0.074870
0 0.192984 0.535034 0.052065 0.074870
0 0.861898 0.059887 0.052065 0.074870
0 0.967680 0.779195 0.052065 0.074870
0 0.733961 0.688549 0.052065 0.074870
0 0.514344 0.796735 0.052065 0.074870
0 0.398492 0.602290 0.052065 0.074870
0 0.225219 0.710476 0.052065 0.074870
0 0.199031 0.210476 0.052065 0.074870
0 0.785336 0.343515 0.052065 0.074870
0 0.844773 0.409308 0.052065 0.074870
0 0.551617 0.276270 0.052065 0.074870
0 0.042883 0.630068 0.052065 0.074870
0 0.495203 0.422460 0.052065 0.074870
0 0.805484 0.042347 0.052065 0.074870
0 0.071086 0.223639 0.052065 0.074870
0 0.767203 0.271882 0.052065 0.074870
0 0.122469 0.384456 0.052065 0.074870
0 0.865930 0.798197 0.052065 0.074870
0 0.309844 0.440011 0.052065 0.074870
0 0.529461 0.206088 0.052065 0.074870
0 0.861898 0.894694 0.052065 0.074870
0 0.179891 0.707551 0.052065 0.074870
0 0.036836 0.719252 0.052065 0.074870
0 0.463977 0.043810 0.052065 0.074870
0 0.149664 0.542347 0.052065 0.074870
0 0.115414 0.701712 0.052065 0.074870
0 0.924359 0.214864 0.052065 0.074870
0 0.102320 0.540884 0.052065 0.074870
0 0.929398 0.268957 0.052065 0.074870
0 0.436773 0.428311 0.052065 0.074870
0 0.207086 0.806973 0.052065 0.074870
0 0.395469 0.703163 0.052065 0.074870
0 0.909250 0.518957 0.052065 0.074870
0 0.781313 0.923934 0.052065 0.074870
0 0.823617 0.798197 0.052065 0.074870
0 0.652359 0.821587 0.052065 0.074870
0 0.205070 0.438549 0.052065 0.074870
0 0.680570 0.415159 0.052065 0.074870
0 0.131531 0.144683 0.052065 0.074870
0 0.405547 0.350828 0.052065 0.074870
0 0.555648 0.504342 0.052065 0.074870
0 0.344094 0.611066 0.052065 0.074870
0 0.817578 0.912234 0.052065 0.074870
0 0.315891 0.201701 0.052065 0.074870
0 0.763172 0.209014 0.052065 0.074870
0 0.214141 0.048197 0.052065 0.074870
0 0.730938 0.124218 0.052065 0.074870
0 0.284656 0.806973 0.052065 0.074870
0 0.771234 0.590590 0.052065 0.074870
0 0.130523 0.220714 0.052065 0.074870
0 0.455914 0.213401 0.052065 0.074870
0 0.254437 0.530658 0.052065 0.074870
0 0.691648 0.814286 0.052065 0.074870
0 0.604008 0.586213 0.052065 0.074870
0 0.303797 0.526270 0.052065 0.074870
0 0.564719 0.339127 0.052065 0.074870
0 0.704742 0.907846 0.052065 0.074870
0 0.268539 0.358141 0.052065 0.074870
0 0.880031 0.684161 0.052065 0.074870
0 0.106344 0.454626 0.052065 0.074870
0 0.699711 0.510181 0.052065 0.074870
0 0.472039 0.909308 0.052065 0.074870
0 0.343086 0.127143 0.052065 0.074870
0 0.509313 0.593515 0.052065 0.074870
0 0.815563 0.270420 0.052065 0.074870
0 0.526438 0.909308 0.052065 0.074870
0 0.629188 0.513107 0.052065 0.074870
0 0.948539 0.421009 0.052065 0.074870
0 0.796422 0.412234 0.052065 0.074870
0 0.935445 0.890306 0.052065 0.074870
0 0.832688 0.340590 0.052065 0.074870
0 0.583859 0.691474 0.052065 0.074870
0 0.140602 0.916621 0.052065 0.074870
0 0.429727 0.909308 0.052065 0.074870
0 0.924359 0.682698 0.052065 0.074870
0 0.319914 0.049660 0.052065 0.074870
0 0.381367 0.912234 0.052065 0.074870
0 0.250406 0.209014 0.052065 0.074870
0 0.570758 0.406383 0.052065 0.074870
0 0.916305 0.606678 0.052065 0.074870
0 0.603000 0.814286 0.052065 0.074870
0 0.650344 0.211939 0.052065 0.074870
0 0.426703 0.043810 0.052065 0.074870
0 0.896156 0.415159 0.052065 0.074870
0 0.470023 0.127143 0.052065 0.074870
0 0.074109 0.062812 0.052065 0.074870
0 0.375328 0.043810 0.052065 0.074870
0 0.176867 0.046735 0.052065 0.074870
0 0.621133 0.413696 0.052065 0.074870
0 0.059000 0.546735 0.052065 0.074870
0 0.268539 0.444399 0.052065 0.074870
0 0.915297 0.131531 0.052065 0.074870
0 0.479086 0.694399 0.052065 0.074870
0 0.371297 0.279195 0.052065 0.074870
0 0.986820 0.678311 0.052065 0.074870
0 0.743023 0.909308 0.052065 0.074870
0 0.871977 0.201701 0.052065 0.074870
0 0.731945 0.346440 0.052065 0.074870
0 0.458938 0.342052 0.052065 0.074870
0 0.204063 0.907846 0.052065 0.074870
0 0.380359 0.431236 0.052065 0.074870
0 0.392453 0.790884 0.052065 0.074870
0 0.714820 0.207551 0.052065 0.074870
0 0.775266 0.695862 0.052065 0.074870
0 0.272570 0.130068 0.052065 0.074870
0 0.431742 0.694399 0.052065 0.074870
0 0.156719 0.621293 0.052065 0.074870
0 0.828656 0.690011 0.052065 0.074870
0 0.743023 0.043810 0.052065 0.074870
0 0.613070 0.337676 0.052065 0.074870
0 0.669484 0.276270 0.052065 0.074870
0 0.510320 0.340590 0.052065 0.074870
0 0.872984 0.602290 0.052065 0.074870
0 0.205070 0.131531 0.052065 0.074870
0 0.123477 0.054048 0.052065 0.074870
0 0.850820 0.513107 0.052065 0.074870
0 0.555648 0.042347 0.052065 0.074870
0 0.968688 0.520420 0.052065 0.074870
0 0.147648 0.444399 0.052065 0.074870
0 0.065047 0.293810 0.052065 0.074870
0 0.743023 0.811361 0.052065 0.074870
0 0.189961 0.286497 0.052065 0.074870
0 0.698703 0.046735 0.052065 0.074870
0 0.487148 0.271882 0.052065 0.074870
0 0.464984 0.597902 0.052065 0.074870
0 0.445844 0.786497 0.052065 0.074870
0 0.074109 0.143220 0.052065 0.074870
0 0.910258 0.903458 0.052065 0.074870
0 0.818586 0.203163 0.052065 0.074870
0 0.969695 0.609603 0.052065 0.074870
0 0.508305 0.045272 0.052065 0.074870
0 0.313875 0.356678 0.052065 0.074870
0 0.783320 0.137381 0.052065 0.074870
0 0.781313 0.799660 0.052065 0.074870
0 0.875000 0.271882 0.052065 0.074870
0 0.665461 0.590590 0.052065 0.074870
0 0.219180 0.371293 0.052065 0.074870
0 0.511320 0.118367 0.052065 0.074870
0 0.101312 0.619830 0.052065 0.074870
0 0.379352 0.213401 0.052065 0.074870
0 0.594938 0.035034 0.052065 0.074870
0 0.270555 0.618367 0.052065 0.074870
0 0.604008 0.268957 0.052065 0.074870
0 0.066055 0.378605 0.052065 0.074870
0 0.888094 0.795272 0.052065 0.074870
0 0.080156 0.801122 0.052065 0.074870
0 0.592922 0.209014 0.052065 0.074870
0 0.925367 0.342052 0.052065 0.074870
0 0.526438 0.694399 0.052065 0.074870
0 0.980773 0.894694 0.052065 0.074870
0 0.754109 0.514569 0.052065 0.074870
0 0.325961 0.694399 0.052065 0.074870
0 0.404539 0.517494 0.052065 0.074870
0 0.880031 0.339127 0.052065 0.074870
0 0.357187 0.356678 0.052065 0.074870
0 0.670492 0.339127 0.052065 0.074870
0 0.748063 0.409308 0.052065 0.074870
0 0.645313 0.039422 0.052065 0.074870
0 0.273578 0.058424 0.052065 0.074870
0 0.181906 0.374218 0.052065 0.074870
0 0.863914 0.141769 0.052065 0.074870
0 0.505281 0.507256 0.052065 0.074870
0 0.663445 0.915159 0.052065 0.074870
0 0.801453 0.514569 0.052065 0.074870
0 0.028773 0.801122 0.052065 0.074870
0 0.603000 0.912234 0.052065 0.074870
0 0.724891 0.273345 0.052065 0.074870
0 0.308836 0.910771 0.052065 0.074870
0 0.719859 0.597902 0.052065 0.074870
0 0.207086 0.608141 0.052065 0.074870
0 0.566734 0.592052 0.052065 0.074870
0 0.402523 0.128605 0.052065 0.074870
0 0.617102 0.125680 0.052065 0.074870
0 0.640273 0.691474 0.052065 0.074870
0 0.432750 0.279195 0.052065 0.074870
0 0.257461 0.903458 0.052065 0.074870
0 0.958609 0.342052 0.052065 0.074870
0 0.027773 0.899070 0.052065 0.074870
0 0.332008 0.804048 0.052065 0.074870
0 0.828656 0.600828 0.052065 0.074870
0 0.115414 0.276270 0.052065 0.074870
0 0.562703 0.808435 0.052065 0.074870
0 0.245367 0.285034 0.052065 0.074870
0 0.079148 0.904921 0.052065 0.074870
0 0.459945 0.511644 0.052065 0.074870
0 0.668477 0.130068 0.052065 0.074870