0 0.758929 0.737755 0.050654 0.118056
0 0.394583 0.736352 0.050654 0.118056
0 0.174940 0.628469 0.050654 0.118056
0 0.433958 0.213622 0.050654 0.118056
0 0.220923 0.492832 0.050654 0.118056
0 0.616577 0.358163 0.050654 0.118056
0 0.804940 0.216429 0.050654 0.118056
0 0.669226 0.214337 0.050654 0.118056
0 0.763810 0.213622 0.050654 0.118056
0 0.391280 0.623546 0.050654 0.118056
0 0.200357 0.212219 0.050654 0.118056
0 0.253006 0.363801 0.050654 0.118056
0 0.789405 0.617908 0.050654 0.118056
0 0.162530 0.366607 0.050654 0.118056
0 0.653601 0.489286 0.050654 0.118056
0 0.438988 0.854082 0.050654 0.118056
0 0.442292 0.739872 0.050654 0.118056
0 0.796815 0.734235 0.050654 0.118056
0 0.573810 0.358163 0.050654 0.118056
0 0.573810 0.488597 0.050654 0.118056
0 0.152649 0.229133 0.050654 0.118056
0 0.615744 0.486480 0.050654 0.118056
0 0.471905 0.620714 0.050654 0.118056
0 0.556607 0.849158 0.050654 0.118056
0 0.665179 0.618597 0.050654 0.118056
0 0.212798 0.631301 0.050654 0.118056
0 0.715357 0.734235 0.050654 0.118056
0 0.718571 0.212908 0.050654 0.118056
0 0.166637 0.493520 0.050654 0.118056
0 0.189762 0.861148 0.050654 0.118056
0 0.670952 0.846327 0.050654 0.118056
0 0.359196 0.743393 0.050654 0.118056
0 0.466875 0.213622 0.050654 0.118056
0 0.530208 0.356735 0.050654 0.118056
0 0.695536 0.487168 0.050654 0.118056
0 0.351726 0.359566 0.050654 0.118056
0 0.702946 0.358852 0.050654 0.118056
0 0.788571 0.832245 0.050654 0.118056
0 0.598571 0.734923 0.050654 0.118056
0 0.249732 0.216429 0.050654 0.118056
0 0.273661 0.741990 0.050654 0.118056
0 0.215179 0.360969 0.050654 0.118056
0 0.642173 0.732117 0.050654 0.118056
0 0.301548 0.361684 0.050654 0.118056
0 0.531845 0.488597 0.050654 0.118056
0 0.747440 0.843520 0.050654 0.118056
0 0.479286 0.853393 0.050654 0.118056
0 0.708780 0.845638 0.050654 0.118056
0 0.271935 0.491403 0.050654 0.118056
0 0.628095 0.214337 0.050654 0.118056
0 0.484137 0.359566 0.050654 0.118056
0 0.745714 0.358852 0.050654 0.118056
0 0.632292 0.618597 0.050654 0.118056
0 0.261310 0.627781 0.050654 0.118056
0 0.313125 0.741276 0.050654 0.118056
0 0.344315 0.215740 0.050654 0.118056
0 0.234167 0.856913 0.050654 0.118056
0 0.789315 0.353929 0.050654 0.118056
0 0.443839 0.489286 0.050654 0.118056
0 0.401071 0.490714 0.050654 0.118056
0 0.594464 0.849158 0.050654 0.118056
0 0.274464 0.850561 0.050654 0.118056
0 0.309851 0.623546 0.050654 0.118056
0 0.400327 0.851964 0.050654 0.118056
0 0.485804 0.489286 0.050654 0.118056
0 0.636399 0.845638 0.050654 0.118056
0 0.831280 0.358852 0.050654 0.118056
0 0.436429 0.358852 0.050654 0.118056
0 0.476012 0.735638 0.050654 0.118056
0 0.345208 0.624235 0.050654 0.118056
0 0.550030 0.617194 0.050654 0.118056
0 0.583690 0.215026 0.050654 0.118056
0 0.361667 0.851964 0.050654 0.118056
0 0.426637 0.622832 0.050654 0.118056
0 0.506429 0.620714 0.050654 0.118056
0 0.355833 0.491403 0.050654 0.118056
0 0.750744 0.612959 0.050654 0.118056
0 0.191399 0.746913 0.050654 0.118056
0 0.679167 0.732832 0.050654 0.118056
0 0.396964 0.358852 0.050654 0.118056
0 0.660179 0.353929 0.050654 0.118056
0 0.382143 0.217143 0.050654 0.118056
0 0.235000 0.751148 0.050654 0.118056
0 0.589524 0.617194 0.050654 0.118056
0 0.772054 0.480842 0.050654 0.118056
0 0.556607 0.737041 0.050654 0.118056
0 0.516310 0.734923 0.050654 0.118056
0 0.740774 0.482959 0.050654 0.118056
0 0.520417 0.849847 0.050654 0.118056
0 0.304018 0.494235 0.050654 0.118056
0 0.814821 0.485765 0.050654 0.118056
0 0.528571 0.217143 0.050654 0.118056
0 0.706310 0.615791 0.050654 0.118056
0 0.313958 0.854796 0.050654 0.118056
0 0.296607 0.220663 0.050654 0.118056
0 0.842798 0.217143 0.050654 0.118056