0 0.136020 0.310607 0.023438 0.083333
0 0.935247 0.308173 0.023438 0.083333
0 0.457660 0.310607 0.023438 0.083333
0 0.271260 0.258220 0.023438 0.083333
0 0.362633 0.310607 0.023438 0.083333
0 0.291967 0.258220 0.023438 0.083333
0 0.273693 0.311827 0.023438 0.083333
0 0.841467 0.258200 0.023438 0.083333
0 0.701327 0.259440 0.023438 0.083333
0 0.636753 0.303300 0.023438 0.083333
0 0.410147 0.258220 0.023438 0.083333
0 0.863367 0.313047 0.023438 0.083333
0 0.251767 0.313047 0.023438 0.083333
0 0.315120 0.259440 0.023438 0.083333
0 0.157953 0.310607 0.023438 0.083333
0 0.681833 0.255787 0.023438 0.083333
0 0.106780 0.310607 0.023438 0.083333
0 0.561220 0.259440 0.023438 0.083333
0 0.065360 0.260660 0.023438 0.083333
0 0.701327 0.308173 0.023438 0.083333
0 0.908440 0.258220 0.023438 0.083333
0 0.792700 0.306953 0.023438 0.083333
0 0.771987 0.305733 0.023438 0.083333
0 0.089727 0.260660 0.023438 0.083333
0 0.609953 0.302080 0.023438 0.083333
0 0.111653 0.260660 0.023438 0.083333
0 0.725693 0.258220 0.023438 0.083333
0 0.435733 0.259440 0.023438 0.083333
0 0.132367 0.263093 0.023438 0.083333
0 0.086073 0.310607 0.023438 0.083333
0 0.155513 0.261873 0.023438 0.083333
0 0.656247 0.255787 0.023438 0.083333
0 0.746407 0.253347 0.023438 0.083333
0 0.769553 0.254567 0.023438 0.083333
0 0.069013 0.310607 0.023438 0.083333
0 0.226180 0.259440 0.023438 0.083333
0 0.814633 0.306953 0.023438 0.083333
0 0.908440 0.306953 0.023438 0.083333
0 0.337047 0.260660 0.023438 0.083333
0 0.656247 0.302080 0.023438 0.083333
0 0.681833 0.305733 0.023438 0.083333
0 0.795140 0.254567 0.023438 0.083333
0 0.566093 0.302080 0.023438 0.083333
0 0.175007 0.263093 0.023438 0.083333
0 0.246893 0.259440 0.023438 0.083333
0 0.433293 0.310607 0.023438 0.083333
0 0.201813 0.311827 0.023438 0.083333
0 0.200593 0.263093 0.023438 0.083333
0 0.541727 0.305733 0.023438 0.083333
0 0.723260 0.303300 0.023438 0.083333
0 0.633100 0.257000 0.023438 0.083333
0 0.545380 0.258220 0.023438 0.083333
0 0.228613 0.313047 0.023438 0.083333
0 0.407707 0.310607 0.023438 0.083333
0 0.885293 0.308173 0.023438 0.083333
0 0.860927 0.258220 0.023438 0.083333
0 0.181100 0.310607 0.023438 0.083333
0 0.295627 0.309393 0.023438 0.083333
0 0.815847 0.258220 0.023438 0.083333
0 0.887733 0.259440 0.023438 0.083333
0 0.387000 0.309393 0.023438 0.083333
0 0.583147 0.255787 0.023438 0.083333
0 0.452787 0.258220 0.023438 0.083333
0 0.842653 0.308173 0.023438 0.083333
0 0.611173 0.257000 0.023438 0.083333
0 0.748840 0.306953 0.023438 0.083333
0 0.585587 0.305733 0.023438 0.083333
0 0.388213 0.258220 0.023438 0.083333
0 0.367507 0.257000 0.023438 0.083333
0 0.317553 0.305733 0.023438 0.083333
0 0.344360 0.310607 0.023438 0.083333
0 0.930373 0.260660 0.023438 0.083333