0 0.658412 0.571567 0.069444 0.143229
0 0.591159 0.279185 0.069444 0.143229
0 0.215429 0.708991 0.069444 0.143229
0 0.443498 0.138820 0.069444 0.143229
0 0.497597 0.568648 0.069444 0.143229
0 0.613090 0.134442 0.069444 0.143229
0 0.385021 0.567189 0.069444 0.143229
0 0.553155 0.138820 0.069444 0.143229
0 0.760751 0.431223 0.069444 0.143229
0 0.323627 0.564270 0.069444 0.143229
0 0.487361 0.717768 0.069444 0.143229
0 0.442039 0.426845 0.069444 0.143229
0 0.272446 0.564270 0.069444 0.143229
0 0.785601 0.578884 0.069444 0.143229
0 0.382103 0.856652 0.069444 0.143229
0 0.477124 0.277704 0.069444 0.143229
0 0.727124 0.573026 0.069444 0.143229
0 0.494678 0.138820 0.069444 0.143229
0 0.602854 0.428305 0.069444 0.143229
0 0.719828 0.871288 0.069444 0.143229
0 0.491760 0.423906 0.069444 0.143229
0 0.323627 0.710472 0.069444 0.143229
0 0.437661 0.567189 0.069444 0.143229
0 0.708133 0.429764 0.069444 0.143229
0 0.330923 0.426845 0.069444 0.143229
0 0.276845 0.143219 0.069444 0.143229
0 0.819227 0.425365 0.069444 0.143229
0 0.222747 0.144678 0.069444 0.143229
0 0.800236 0.273326 0.069444 0.143229
0 0.329464 0.141760 0.069444 0.143229
0 0.747597 0.285021 0.069444 0.143229
0 0.602854 0.869828 0.069444 0.143229
0 0.835322 0.729464 0.069444 0.143229
0 0.270987 0.283562 0.069444 0.143229
0 0.712511 0.728004 0.069444 0.143229
0 0.835322 0.564270 0.069444 0.143229
0 0.436202 0.861052 0.069444 0.143229
0 0.273906 0.707532 0.069444 0.143229
0 0.551695 0.866888 0.069444 0.143229
0 0.224206 0.426845 0.069444 0.143229
0 0.216888 0.287940 0.069444 0.143229
0 0.330923 0.849356 0.069444 0.143229
0 0.828004 0.130043 0.069444 0.143229
0 0.664270 0.866888 0.069444 0.143229
0 0.387940 0.428305 0.069444 0.143229
0 0.430343 0.277704 0.069444 0.143229
0 0.773906 0.125665 0.069444 0.143229
0 0.718348 0.130043 0.069444 0.143229
0 0.322167 0.280644 0.069444 0.143229
0 0.281223 0.852275 0.069444 0.143229
0 0.548777 0.429764 0.069444 0.143229
0 0.431803 0.717768 0.069444 0.143229
0 0.382103 0.134442 0.069444 0.143229
0 0.664270 0.132983 0.069444 0.143229
0 0.833863 0.881524 0.069444 0.143229
0 0.760751 0.726545 0.069444 0.143229
0 0.221288 0.850815 0.069444 0.143229
0 0.598476 0.719227 0.069444 0.143229
0 0.702275 0.282103 0.069444 0.143229
0 0.553155 0.571567 0.069444 0.143229
0 0.383562 0.280644 0.069444 0.143229
0 0.278305 0.426845 0.069444 0.143229
0 0.654034 0.723627 0.069444 0.143229
0 0.643798 0.279185 0.069444 0.143229
0 0.221288 0.564270 0.069444 0.143229
0 0.538541 0.714850 0.069444 0.143229
0 0.605794 0.571567 0.069444 0.143229
0 0.785601 0.878584 0.069444 0.143229
0 0.651116 0.426845 0.069444 0.143229
0 0.382103 0.711931 0.069444 0.143229
0 0.540000 0.280644 0.069444 0.143229
0 0.494678 0.863970 0.069444 0.143229