0 0.426112 0.476218 0.019400 0.029297
0 0.728552 0.557792 0.019400 0.029297
0 0.750206 0.659671 0.019400 0.029297
0 0.338862 0.680611 0.019400 0.029297
0 0.416672 0.761620 0.019400 0.029297
0 0.015560 0.353468 0.019400 0.029297
0 0.238406 0.833889 0.019400 0.029297
0 0.542948 0.913491 0.019400 0.029297
0 0.579036 0.612787 0.019400 0.029297
0 0.357859 0.115653 0.019400 0.029297
0 0.418695 0.046843 0.019400 0.029297
0 0.938112 0.316806 0.019400 0.029297
0 0.115937 0.520495 0.019400 0.029297
0 0.297695 0.852713 0.019400 0.029297
0 0.628849 0.848907 0.019400 0.029297
0 0.922089 0.162963 0.019400 0.029297
0 0.934779 0.512667 0.019400 0.029297
0 0.120776 0.803292 0.019400 0.029297
0 0.112448 0.696194 0.019400 0.029297
0 0.569518 0.278593 0.019400 0.029297
0 0.290120 0.550389 0.019400 0.029297
0 0.242490 0.543551 0.019400 0.029297
0 0.325180 0.498708 0.019400 0.029297
0 0.674932 0.862796 0.019400 0.029297
0 0.876482 0.238403 0.019400 0.029297
0 0.418776 0.549120 0.019400 0.029297
0 0.347826 0.214009 0.019400 0.029297
0 0.120974 0.824370 0.019400 0.029297
0 0.973805 0.850741 0.019400 0.029297
0 0.612747 0.346278 0.019400 0.029297
0 0.999266 0.868718 0.019400 0.029297
0 0.435591 0.734829 0.019400 0.029297
0 0.728552 0.647546 0.019400 0.029297
0 0.940768 0.909894 0.019400 0.029297
0 0.135133 0.830787 0.019400 0.029297
0 0.378799 0.451329 0.019400 0.029297