0 0.591359 0.798245 0.051056 0.086806
0 0.474359 0.761917 0.051056 0.086806
0 0.307344 0.508776 0.051056 0.086806
0 0.851641 0.561409 0.051056 0.086806
0 0.570172 0.725566 0.051056 0.086806
0 0.936422 0.616559 0.051056 0.086806
0 0.140312 0.699261 0.051056 0.086806
0 0.025859 0.745612 0.051056 0.086806
0 0.322594 0.629076 0.051056 0.086806
0 0.382797 0.557644 0.051056 0.086806
0 0.989844 0.531339 0.051056 0.086806
0 0.504031 0.601501 0.051056 0.086806
0 0.112344 0.733095 0.051056 0.086806
0 0.299703 0.458661 0.051056 0.086806
0 0.622734 0.662910 0.051056 0.086806
0 0.572703 0.626582 0.051056 0.086806
0 0.821969 0.689238 0.051056 0.086806
0 0.309891 0.422309 0.051056 0.086806
0 0.650703 0.796998 0.051056 0.086806
0 0.313281 0.670439 0.051056 0.086806
0 0.486234 0.703025 0.051056 0.086806
0 0.490469 0.776952 0.051056 0.086806
0 0.482844 0.667921 0.051056 0.086806
0 0.009750 0.547621 0.051056 0.086806
0 0.539641 0.528822 0.051056 0.086806
0 0.172531 0.805774 0.051056 0.086806
0 0.643078 0.551386 0.051056 0.086806
0 0.212391 0.763164 0.051056 0.086806
0 0.108109 0.687968 0.051056 0.086806
0 0.066562 0.552633 0.051056 0.086806
0 0.002969 0.783210 0.051056 0.086806
0 0.407391 0.572679 0.051056 0.086806
0 0.209000 0.635335 0.051056 0.086806
0 0.508281 0.864665 0.051056 0.086806
0 0.320063 0.786975 0.051056 0.086806
0 0.183562 0.677945 0.051056 0.086806
0 0.844016 0.462402 0.051056 0.086806
0 0.582891 0.585219 0.051056 0.086806
0 0.331922 0.824573 0.051056 0.086806
0 0.975422 0.676697 0.051056 0.086806
0 0.227641 0.466166 0.051056 0.086806
0 0.773641 0.765681 0.051056 0.086806
0 0.042812 0.879700 0.051056 0.086806
0 0.400594 0.754388 0.051056 0.086806
0 0.252234 0.456143 0.051056 0.086806
0 0.815156 0.487529 0.051056 0.086806
0 0.037734 0.783210 0.051056 0.086806
0 0.354813 0.601501 0.051056 0.086806
0 0.518453 0.562656 0.051056 0.086806
0 0.436203 0.644111 0.051056 0.086806
0 0.520141 0.625312 0.051056 0.086806