0 0.233050 0.119628 0.054197 0.118056
0 0.736262 0.226354 0.054197 0.118056
0 0.589255 0.325764 0.054197 0.118056
0 0.409936 0.311142 0.054197 0.118056
0 0.787957 0.309679 0.054197 0.118056
0 0.313816 0.382786 0.054197 0.118056
0 0.818645 0.398858 0.054197 0.118056
0 0.686986 0.138626 0.054197 0.118056
0 0.482631 0.400321 0.054197 0.118056
0 0.136121 0.283363 0.054197 0.118056
0 0.559369 0.232195 0.054197 0.118056
0 0.465674 0.226354 0.054197 0.118056
0 0.249199 0.309679 0.054197 0.118056
0 0.594908 0.166406 0.054197 0.118056
0 0.208007 0.202953 0.054197 0.118056
0 0.382475 0.436881 0.054197 0.118056
0 0.378440 0.219037 0.054197 0.118056
0 0.911539 0.346226 0.054197 0.118056
0 0.649028 0.232195 0.054197 0.118056
0 0.514135 0.140090 0.054197 0.118056
0 0.080383 0.350616 0.054197 0.118056
0 0.739489 0.404711 0.054197 0.118056
0 0.418014 0.140090 0.054197 0.118056
0 0.639333 0.403248 0.054197 0.118056
0 0.687794 0.296521 0.054197 0.118056
0 0.170043 0.375469 0.054197 0.118056
0 0.343702 0.286290 0.054197 0.118056
0 0.285546 0.227805 0.054197 0.118056
0 0.321894 0.156175 0.054197 0.118056
0 0.233050 0.420796 0.054197 0.118056
0 0.850957 0.194185 0.054197 0.118056
0 0.569865 0.423723 0.054197 0.118056
0 0.115121 0.194185 0.054197 0.118056
0 0.766142 0.121091 0.054197 0.118056
0 0.505248 0.309679 0.054197 0.118056