0 0.263011 0.584786 0.165746 0.229167
0 0.463939 0.237571 0.165746 0.229167
0 0.585417 0.785821 0.165746 0.229167
0 0.115057 0.376464 0.165746 0.229167
0 0.421307 0.787036 0.165746 0.229167
0 0.581534 0.363036 0.165746 0.229167
0 0.254621 0.348429 0.165746 0.229167
0 0.407083 0.369143 0.165746 0.229167
0 0.738523 0.784571 0.165746 0.229167
0 0.423239 0.573821 0.165746 0.229167
0 0.116989 0.570179 0.165746 0.229167
0 0.748220 0.582357 0.165746 0.229167
0 0.109242 0.769964 0.165746 0.229167
0 0.887784 0.579893 0.165746 0.229167
0 0.570549 0.236357 0.165746 0.229167
0 0.893580 0.796786 0.165746 0.229167
0 0.726250 0.370357 0.165746 0.229167
0 0.801837 0.232679 0.165746 0.229167
0 0.684261 0.230250 0.165746 0.229167
0 0.255909 0.777286 0.165746 0.229167
0 0.341193 0.221714 0.165746 0.229167
0 0.877443 0.370357 0.165746 0.229167
0 0.577652 0.575036 0.165746 0.229167