0 0.643661 0.082383 0.126225 0.095052
0 0.601236 0.819600 0.126225 0.095052
0 0.745744 0.510083 0.126225 0.095052
0 0.324211 0.397300 0.126225 0.095052
0 0.410252 0.931133 0.126225 0.095052
0 0.255400 0.934883 0.126225 0.095052
0 0.460137 0.817100 0.126225 0.095052
0 0.873066 0.617850 0.126225 0.095052
0 0.200343 0.820850 0.126225 0.095052
0 0.866201 0.190533 0.126225 0.095052
0 0.594348 0.179250 0.126225 0.095052
0 0.801167 0.079333 0.126225 0.095052
0 0.109153 0.290783 0.126225 0.095052
0 0.879954 0.508817 0.126225 0.095052
0 0.800801 0.293283 0.126225 0.095052
0 0.258833 0.293283 0.126225 0.095052
0 0.456705 0.172983 0.126225 0.095052
0 0.468741 0.404817 0.126225 0.095052
0 0.477346 0.615333 0.126225 0.095052
0 0.935011 0.289517 0.126225 0.095052
0 0.518650 0.288267 0.126225 0.095052
0 0.742311 0.398550 0.126225 0.095052
0 0.177963 0.181750 0.126225 0.095052
0 0.188307 0.392283 0.126225 0.095052
0 0.873066 0.720600 0.126225 0.095052
0 0.816293 0.939900 0.126225 0.095052
0 0.393043 0.289517 0.126225 0.095052
0 0.320778 0.179250 0.126225 0.095052
0 0.601236 0.725617 0.126225 0.095052
0 0.873066 0.814583 0.126225 0.095052
0 0.327666 0.510083 0.126225 0.095052
0 0.100000 0.084417 0.126225 0.095052
0 0.599497 0.614083 0.126225 0.095052
0 0.389954 0.080350 0.126225 0.095052
0 0.336270 0.817100 0.126225 0.095052
0 0.733707 0.706817 0.126225 0.095052
0 0.728558 0.614083 0.126225 0.095052
0 0.716499 0.184267 0.126225 0.095052
0 0.324211 0.716850 0.126225 0.095052
0 0.878238 0.407317 0.126225 0.095052
0 0.675217 0.929867 0.126225 0.095052
0 0.658009 0.290783 0.126225 0.095052
0 0.253341 0.085433 0.126225 0.095052
0 0.467025 0.725617 0.126225 0.095052
0 0.203776 0.714333 0.126225 0.095052
0 0.604668 0.513833 0.126225 0.095052
0 0.461854 0.512583 0.126225 0.095052
0 0.190023 0.601550 0.126225 0.095052
0 0.334554 0.614083 0.126225 0.095052
0 0.539108 0.084417 0.126225 0.095052
0 0.196911 0.507567 0.126225 0.095052
0 0.745744 0.810833 0.126225 0.095052
0 0.922449 0.087450 0.126225 0.095052
0 0.587460 0.403567 0.126225 0.095052
0 0.544439 0.933633 0.126225 0.095052