0 0.113523 0.983637 0.114379 0.066840
0 0.058881 0.927575 0.114379 0.066840
0 0.107446 0.853337 0.114379 0.066840
0 0.162087 0.791212 0.114379 0.066840
0 0.249098 0.791212 0.114379 0.066840
0 0.354324 0.792725 0.114379 0.066840
0 0.184341 0.718487 0.114379 0.066840
0 0.236962 0.670000 0.114379 0.066840
0 0.281486 0.451812 0.114379 0.066840
0 0.125659 0.518487 0.114379 0.066840
0 0.087212 0.382125 0.114379 0.066840
0 0.200534 0.409400 0.114379 0.066840
0 0.176260 0.318487 0.114379 0.066840
0 0.214708 0.257875 0.114379 0.066840
0 0.204591 0.185150 0.114379 0.066840
0 0.287546 0.221513 0.114379 0.066840
0 0.291603 0.280600 0.114379 0.066840
0 0.378614 0.250300 0.114379 0.066840
0 0.370518 0.194237 0.114379 0.066840
0 0.708447 0.395763 0.114379 0.066840
0 0.704407 0.524550 0.114379 0.066840
0 0.789399 0.453338 0.114379 0.066840
0 0.874391 0.330600 0.114379 0.066840
0 0.736778 0.353338 0.114379 0.066840
0 0.746895 0.306362 0.114379 0.066840
0 0.777262 0.268487 0.114379 0.066840
0 0.906761 0.227575 0.114379 0.066840
0 0.815710 0.209400 0.114379 0.066840
0 0.912838 0.129087 0.114379 0.066840
0 0.781302 0.001812 0.114379 0.066840
0 0.585008 0.074550 0.114379 0.066840
0 0.453489 0.041212 0.114379 0.066840
0 0.493957 0.109400 0.114379 0.066840
0 0.396828 0.120000 0.114379 0.066840
0 0.321953 0.095762 0.114379 0.066840
0 0.451452 0.197275 0.114379 0.066840
0 0.522287 0.153337 0.114379 0.066840
0 0.538481 0.188187 0.114379 0.066840
0 0.613339 0.147275 0.114379 0.066840
0 0.688214 0.165450 0.114379 0.066840
0 0.603222 0.221513 0.114379 0.066840
0 0.619416 0.270000 0.114379 0.066840
0 0.718564 0.244237 0.114379 0.066840
0 0.694290 0.227575 0.114379 0.066840