0 0.553193 0.652109 0.189542 0.054688
0 0.859627 0.114672 0.189542 0.054688
0 0.926154 0.282219 0.189542 0.054688
0 0.164965 0.655031 0.189542 0.054688
0 0.919604 0.877250 0.189542 0.054688
0 0.468788 0.114672 0.189542 0.054688
0 0.751678 0.801219 0.189542 0.054688
0 0.164965 0.880172 0.189542 0.054688
0 0.553193 0.429875 0.189542 0.054688
0 0.354732 0.034563 0.189542 0.054688
0 0.923986 0.731047 0.189542 0.054688
0 0.354732 0.573156 0.189542 0.054688
0 0.915245 0.653562 0.189542 0.054688
0 0.555385 0.574609 0.189542 0.054688
0 0.359091 0.881641 0.189542 0.054688
0 0.570653 0.342156 0.189542 0.054688
0 0.542284 0.498594 0.189542 0.054688
0 0.923986 0.959125 0.189542 0.054688
0 0.742960 0.878703 0.189542 0.054688
0 0.740769 0.274906 0.189542 0.054688
0 0.370000 0.957656 0.189542 0.054688
0 0.345991 0.733969 0.189542 0.054688
0 0.151888 0.193031 0.189542 0.054688
0 0.175874 0.576078 0.189542 0.054688
0 0.932704 0.571688 0.189542 0.054688
0 0.928345 0.434266 0.189542 0.054688
0 0.658765 0.121844 0.189542 0.054688
0 0.354732 0.429875 0.189542 0.054688
0 0.361259 0.504437 0.189542 0.054688
0 0.582867 0.038219 0.189542 0.054688
0 0.350350 0.353859 0.189542 0.054688
0 0.742960 0.505906 0.189542 0.054688
0 0.348182 0.652109 0.189542 0.054688
0 0.352541 0.807078 0.189542 0.054688
0 0.946434 0.030906 0.189542 0.054688
0 0.251772 0.118188 0.189542 0.054688
0 0.158415 0.811453 0.189542 0.054688
0 0.167156 0.349469 0.189542 0.054688
0 0.910886 0.194500 0.189542 0.054688
0 0.747319 0.350937 0.189542 0.054688
0 0.160606 0.429875 0.189542 0.054688
0 0.932704 0.352391 0.189542 0.054688
0 0.568462 0.733969 0.189542 0.054688
0 0.910886 0.193031 0.189542 0.054688
0 0.175664 0.027250 0.189542 0.054688
0 0.167156 0.733969 0.189542 0.054688
0 0.934872 0.494203 0.189542 0.054688
0 0.559744 0.962047 0.189542 0.054688
0 0.143170 0.271984 0.189542 0.054688
0 0.151888 0.505906 0.189542 0.054688
0 0.566294 0.801219 0.189542 0.054688
0 0.725501 0.733969 0.189542 0.054688
0 0.740769 0.198891 0.189542 0.054688
0 0.736410 0.426953 0.189542 0.054688
0 0.749487 0.576078 0.189542 0.054688
0 0.343823 0.198891 0.189542 0.054688
0 0.359091 0.273453 0.189542 0.054688
0 0.751026 0.041875 0.189542 0.054688
0 0.173683 0.957656 0.189542 0.054688
0 0.921795 0.799766 0.189542 0.054688
0 0.566294 0.274906 0.189542 0.054688
0 0.725501 0.954734 0.189542 0.054688
0 0.740769 0.657953 0.189542 0.054688
0 0.548834 0.884562 0.189542 0.054688