0 0.845173 0.339238 0.083333 0.114583
0 0.613653 0.090701 0.083333 0.114583
0 0.175947 0.599479 0.083333 0.114583
0 0.553360 0.454729 0.083333 0.114583
0 0.481360 0.736894 0.083333 0.114583
0 0.903520 0.606774 0.083333 0.114583
0 0.117573 0.350942 0.083333 0.114583
0 0.415227 0.220822 0.083333 0.114583
0 0.903520 0.328998 0.083333 0.114583
0 0.479440 0.095090 0.083333 0.114583
0 0.753733 0.590701 0.083333 0.114583
0 0.668133 0.599479 0.083333 0.114583
0 0.177893 0.463507 0.083333 0.114583
0 0.294613 0.736894 0.083333 0.114583
0 0.251813 0.228136 0.083333 0.114583
0 0.339360 0.115551 0.083333 0.114583
0 0.751787 0.345090 0.083333 0.114583
0 0.734267 0.716433 0.083333 0.114583
0 0.668133 0.092164 0.083333 0.114583
0 0.107840 0.451804 0.083333 0.114583
0 0.115627 0.233968 0.083333 0.114583
0 0.463867 0.453267 0.083333 0.114583
0 0.708987 0.456192 0.083333 0.114583
0 0.829600 0.210581 0.083333 0.114583
0 0.356853 0.331924 0.083333 0.114583
0 0.549467 0.090701 0.083333 0.114583
0 0.450240 0.334850 0.083333 0.114583
0 0.732320 0.096553 0.083333 0.114583
0 0.744000 0.209118 0.083333 0.114583
0 0.825707 0.093627 0.083333 0.114583
0 0.605867 0.333387 0.083333 0.114583
0 0.911307 0.728136 0.083333 0.114583
0 0.683707 0.343627 0.083333 0.114583
0 0.257653 0.602405 0.083333 0.114583
0 0.384107 0.744208 0.083333 0.114583
0 0.280987 0.346553 0.083333 0.114583
0 0.895760 0.448898 0.083333 0.114583
0 0.627280 0.448898 0.083333 0.114583
0 0.498880 0.217896 0.083333 0.114583
0 0.642853 0.732505 0.083333 0.114583
0 0.269333 0.112625 0.083333 0.114583
0 0.598107 0.600942 0.083333 0.114583
0 0.189573 0.741283 0.083333 0.114583
0 0.372427 0.453267 0.083333 0.114583
0 0.407440 0.102405 0.083333 0.114583
0 0.531947 0.326072 0.083333 0.114583
0 0.199280 0.361162 0.083333 0.114583
0 0.306293 0.459118 0.083333 0.114583
0 0.351040 0.612625 0.083333 0.114583
0 0.563093 0.738357 0.083333 0.114583
0 0.100080 0.735431 0.083333 0.114583
0 0.835440 0.720822 0.083333 0.114583
0 0.329627 0.216433 0.083333 0.114583
0 0.510560 0.602405 0.083333 0.114583
0 0.602000 0.209118 0.083333 0.114583
0 0.242080 0.463507 0.083333 0.114583
0 0.796533 0.454729 0.083333 0.114583
0 0.909360 0.219359 0.083333 0.114583
0 0.428853 0.603868 0.083333 0.114583
0 0.123413 0.111162 0.083333 0.114583
0 0.185680 0.231042 0.083333 0.114583
0 0.209013 0.112625 0.083333 0.114583
0 0.889920 0.102405 0.083333 0.114583
0 0.831547 0.600942 0.083333 0.114583
0 0.105920 0.602405 0.083333 0.114583
0 0.668133 0.214970 0.083333 0.114583