0 0.416671 0.541675 0.098240 0.072049
0 0.748000 0.451003 0.098240 0.072049
0 0.194950 0.538706 0.098240 0.072049
0 0.081157 0.731954 0.098240 0.072049
0 0.522093 0.349924 0.098240 0.072049
0 0.749671 0.751282 0.098240 0.072049
0 0.310243 0.047716 0.098240 0.072049
0 0.414414 0.062437 0.098240 0.072049
0 0.635043 0.739378 0.098240 0.072049
0 0.080657 0.259099 0.098240 0.072049
0 0.306229 0.256574 0.098240 0.072049
0 0.308736 0.745330 0.098240 0.072049
0 0.748836 0.648706 0.098240 0.072049
0 0.861450 0.251371 0.098240 0.072049
0 0.409979 0.348439 0.098240 0.072049
0 0.303714 0.529784 0.098240 0.072049
0 0.962193 0.636815 0.098240 0.072049
0 0.633371 0.449518 0.098240 0.072049
0 0.634207 0.847893 0.098240 0.072049
0 0.627179 0.151320 0.098240 0.072049
0 0.080321 0.349924 0.098240 0.072049
0 0.307064 0.357348 0.098240 0.072049
0 0.748000 0.546142 0.098240 0.072049
0 0.192021 0.158909 0.098240 0.072049
0 0.627514 0.944518 0.098240 0.072049
0 0.629186 0.635330 0.098240 0.072049
0 0.524600 0.448033 0.098240 0.072049
0 0.194950 0.843439 0.098240 0.072049
0 0.751679 0.047716 0.098240 0.072049
0 0.083336 0.051434 0.098240 0.072049
0 0.405957 0.153858 0.098240 0.072049
0 0.194114 0.644251 0.098240 0.072049
0 0.417507 0.647221 0.098240 0.072049
0 0.526021 0.256574 0.098240 0.072049
0 0.420014 0.746815 0.098240 0.072049
0 0.749671 0.859797 0.098240 0.072049
0 0.525436 0.642766 0.098240 0.072049
0 0.962607 0.148655 0.098240 0.072049
0 0.856764 0.636815 0.098240 0.072049
0 0.754443 0.259099 0.098240 0.072049
0 0.417593 0.256574 0.098240 0.072049
0 0.633371 0.529784 0.098240 0.072049
0 0.853421 0.546142 0.098240 0.072049
0 0.744650 0.351409 0.098240 0.072049
0 0.187414 0.058718 0.098240 0.072049
0 0.304557 0.943033 0.098240 0.072049
0 0.960514 0.938579 0.098240 0.072049
0 0.851750 0.351409 0.098240 0.072049
0 0.081157 0.840470 0.098240 0.072049
0 0.961350 0.540190 0.098240 0.072049
0 0.417507 0.449518 0.098240 0.072049
0 0.192436 0.941548 0.098240 0.072049
0 0.533050 0.066155 0.098240 0.072049
0 0.635043 0.055152 0.098240 0.072049
0 0.962607 0.264302 0.098240 0.072049
0 0.851329 0.156383 0.098240 0.072049
0 0.630029 0.352893 0.098240 0.072049
0 0.745736 0.158909 0.098240 0.072049
0 0.960514 0.751282 0.098240 0.072049
0 0.307900 0.439112 0.098240 0.072049
0 0.082829 0.635330 0.098240 0.072049
0 0.189929 0.442081 0.098240 0.072049
0 0.853421 0.446548 0.098240 0.072049
0 0.415000 0.850876 0.098240 0.072049
0 0.308736 0.850876 0.098240 0.072049
0 0.194864 0.256574 0.098240 0.072049
0 0.861957 0.066155 0.098240 0.072049
0 0.857607 0.944518 0.098240 0.072049
0 0.959679 0.847893 0.098240 0.072049
0 0.634457 0.254048 0.098240 0.072049
0 0.747164 0.946003 0.098240 0.072049
0 0.525436 0.947500 0.098240 0.072049
0 0.079236 0.156383 0.098240 0.072049
0 0.958007 0.442081 0.098240 0.072049
0 0.524600 0.745330 0.098240 0.072049
0 0.079486 0.941548 0.098240 0.072049
0 0.088686 0.532766 0.098240 0.072049
0 0.530457 0.543173 0.098240 0.072049
0 0.857607 0.745330 0.098240 0.072049
0 0.855929 0.843439 0.098240 0.072049
0 0.520171 0.156383 0.098240 0.072049
0 0.964029 0.062437 0.098240 0.072049
0 0.079486 0.436142 0.098240 0.072049
0 0.305393 0.632360 0.098240 0.072049
0 0.521257 0.844924 0.098240 0.072049
0 0.957171 0.349924 0.098240 0.072049
0 0.306229 0.153858 0.098240 0.072049
0 0.192436 0.342487 0.098240 0.072049
0 0.194114 0.745330 0.098240 0.072049
0 0.412486 0.947500 0.098240 0.072049