0 0.941222 0.648200 0.059028 0.111111
0 0.414911 0.519067 0.059028 0.111111
0 0.657756 0.830933 0.059028 0.111111
0 0.703244 0.459367 0.059028 0.111111
0 0.496933 0.816333 0.059028 0.111111
0 0.457156 0.833367 0.059028 0.111111
0 0.293889 0.464233 0.059028 0.111111
0 0.960711 0.705467 0.059028 0.111111
0 0.258956 0.473967 0.059028 0.111111
0 0.345867 0.964967 0.059028 0.111111
0 0.849444 0.911367 0.059028 0.111111
0 0.435222 0.415500 0.059028 0.111111
0 0.881933 0.701800 0.059028 0.111111
0 0.629333 0.770033 0.059028 0.111111
0 0.352378 0.551933 0.059028 0.111111
0 0.685378 0.834600 0.059028 0.111111
0 0.438467 0.739567 0.059028 0.111111
0 0.818578 0.544633 0.059028 0.111111
0 0.366178 0.492233 0.059028 0.111111
0 0.021800 0.525133 0.059028 0.111111
0 0.084333 0.682300 0.059028 0.111111
0 0.606600 0.936933 0.059028 0.111111
0 0.226467 0.569000 0.059028 0.111111