0 0.300512 0.577523 0.041667 0.040799
0 0.288337 0.547054 0.041667 0.040799
0 0.503450 0.601895 0.041667 0.040799
0 0.747775 0.498330 0.041667 0.040799
0 0.854912 0.458124 0.041667 0.040799
0 0.372762 0.472739 0.041667 0.040799
0 0.723425 0.548274 0.041667 0.040799
0 0.276975 0.589700 0.041667 0.040799
0 0.139800 0.465441 0.041667 0.040799
0 0.997775 0.539756 0.041667 0.040799
0 0.809462 0.520263 0.041667 0.040799
0 0.220975 0.489794 0.041667 0.040799
0 0.263987 0.520263 0.041667 0.040799
0 0.464487 0.592139 0.041667 0.040799
0 0.454738 0.461782 0.041667 0.040799
0 0.479900 0.609193 0.041667 0.040799
0 0.415775 0.565347 0.041667 0.040799
0 0.267238 0.505647 0.041667 0.040799
0 0.573250 0.615291 0.041667 0.040799
0 0.333800 0.597017 0.041667 0.040799
0 0.339475 0.527561 0.041667 0.040799
0 0.195813 0.437411 0.041667 0.040799
0 0.374387 0.544634 0.041667 0.040799
0 0.612212 0.625028 0.041667 0.040799
0 0.702313 0.495891 0.041667 0.040799
0 0.281850 0.570206 0.041667 0.040799
0 0.459613 0.519043 0.041667 0.040799
0 0.370325 0.562908 0.041667 0.040799
0 0.657675 0.523921 0.041667 0.040799
0 0.492887 0.504428 0.041667 0.040799
0 0.353275 0.510507 0.041667 0.040799
0 0.326487 0.450807 0.041667 0.040799
0 0.919037 0.503208 0.041667 0.040799