0 0.013828 0.598250 0.039898 0.050781
0 0.279094 0.239315 0.039898 0.050781
0 0.053875 0.672954 0.039898 0.050781
0 0.285885 0.690583 0.039898 0.050781
0 0.118208 0.232787 0.039898 0.050781
0 0.423177 0.478741 0.039898 0.050781
0 0.011854 0.467111 0.039898 0.050781
0 0.213453 0.884796 0.039898 0.050781
0 0.102828 0.203824 0.039898 0.050781
0 0.361328 0.873130 0.039898 0.050781
0 0.488839 0.916704 0.039898 0.050781
0 0.185568 0.410278 0.039898 0.050781
0 0.449734 0.862361 0.039898 0.050781
0 0.356094 0.784019 0.039898 0.050781
0 0.313448 0.634444 0.039898 0.050781
0 0.347281 0.829065 0.039898 0.050781
0 0.261651 0.289917 0.039898 0.050781
0 0.183938 0.983787 0.039898 0.050781
0 0.151094 0.762148 0.039898 0.050781
0 0.066865 0.857750 0.039898 0.050781
0 0.337641 0.996028 0.039898 0.050781
0 0.181182 0.687074 0.039898 0.050781
0 0.451911 0.517546 0.039898 0.050781
0 0.207052 0.402648 0.039898 0.050781
0 0.002719 0.662389 0.039898 0.050781
0 0.172990 0.879741 0.039898 0.050781
0 0.306521 0.363843 0.039898 0.050781
0 0.261901 0.398528 0.039898 0.050781
0 0.111391 0.507306 0.039898 0.050781
0 0.118526 0.472741 0.039898 0.050781
0 0.026130 0.615139 0.039898 0.050781
0 0.033562 0.810333 0.039898 0.050781
0 0.041599 0.522111 0.039898 0.050781
0 0.360224 0.915731 0.039898 0.050781
0 0.135583 0.690583 0.039898 0.050781
0 0.226557 0.378537 0.039898 0.050781
0 0.386391 0.828574 0.039898 0.050781
0 0.581104 0.918667 0.039898 0.050781
0 0.089979 0.574991 0.039898 0.050781