0 0.478230 0.591220 0.498264 0.033854
0 0.473240 0.865190 0.498264 0.033854
0 0.474120 0.560670 0.498264 0.033854
0 0.484400 0.311780 0.498264 0.033854
0 0.475880 0.619420 0.498264 0.033854
0 0.477060 0.533640 0.498264 0.033854
0 0.476180 0.757670 0.498264 0.033854
0 0.482940 0.423180 0.498264 0.033854
0 0.484990 0.371710 0.498264 0.033854
0 0.471770 0.676410 0.498264 0.033854
0 0.487340 0.171950 0.498264 0.033854
0 0.485580 0.395210 0.498264 0.033854
0 0.475590 0.730060 0.498264 0.033854
0 0.475300 0.476060 0.498264 0.033854
0 0.472650 0.698920 0.498264 0.033854
0 0.474120 0.645270 0.498264 0.033854
0 0.486170 0.193100 0.498264 0.033854
0 0.475300 0.503090 0.498264 0.033854
0 0.485580 0.283580 0.498264 0.033854
0 0.486750 0.339400 0.498264 0.033854
0 0.464430 0.781760 0.498264 0.033854
0 0.473830 0.813490 0.498264 0.033854
0 0.487340 0.255380 0.498264 0.033854
0 0.481170 0.446680 0.498264 0.033854
0 0.471480 0.840510 0.498264 0.033854
0 0.483230 0.226000 0.498264 0.033854