0 0.364400 0.876237 0.133170 0.030382
0 0.224492 0.541044 0.133170 0.030382
0 0.768792 0.432000 0.133170 0.030382
0 0.104392 0.360319 0.133170 0.030382
0 0.782500 0.387400 0.133170 0.030382
0 0.466400 0.117369 0.133170 0.030382
0 0.102125 0.151681 0.133170 0.030382
0 0.775292 0.411431 0.133170 0.030382
0 0.364400 0.863900 0.133170 0.030382
0 0.121317 0.514663 0.133170 0.030382
0 0.985083 0.705319 0.133170 0.030382
0 0.470942 0.094863 0.133170 0.030382
0 0.253158 0.844512 0.133170 0.030382
0 0.219550 0.426650 0.133170 0.030382
0 0.612108 0.407494 0.133170 0.030382
0 0.867883 0.095337 0.133170 0.030382
0 0.608275 0.680644 0.133170 0.030382
0 0.257075 0.896212 0.133170 0.030382
0 0.428483 0.288106 0.133170 0.030382
0 0.981950 0.687106 0.133170 0.030382
0 0.671100 0.223244 0.133170 0.030382
0 0.980150 0.551150 0.133170 0.030382
0 0.986650 0.168775 0.133170 0.030382
0 0.666242 0.317487 0.133170 0.030382
0 0.236550 0.095863 0.133170 0.030382
0 0.603650 0.453500 0.133170 0.030382
0 0.617983 0.366837 0.133170 0.030382
0 0.980692 0.571125 0.133170 0.030382
0 0.595583 0.567488 0.133170 0.030382
0 0.745367 0.700031 0.133170 0.030382
0 0.603492 0.119837 0.133170 0.030382
0 0.228250 0.560612 0.133170 0.030382
0 0.973642 0.117900 0.133170 0.030382
0 0.548733 0.314256 0.133170 0.030382
0 0.981167 0.666544 0.133170 0.030382
0 0.235375 0.633644 0.133170 0.030382
0 0.347400 0.633644 0.133170 0.030382
0 0.802633 0.273712 0.133170 0.030382
0 0.347642 0.560612 0.133170 0.030382
0 0.238508 0.613662 0.133170 0.030382
0 0.320767 0.267719 0.133170 0.030382
0 0.207883 0.145806 0.133170 0.030382
0 0.903300 0.449625 0.133170 0.030382
0 0.460208 0.692394 0.133170 0.030382
0 0.538392 0.267719 0.133170 0.030382
0 0.342700 0.694156 0.133170 0.030382
0 0.217283 0.380412 0.133170 0.030382
0 0.460208 0.676531 0.133170 0.030382
0 0.980150 0.093394 0.133170 0.030382
0 0.125467 0.537637 0.133170 0.030382
0 0.602792 0.148212 0.133170 0.030382
0 0.227467 0.521188 0.133170 0.030382
0 0.875408 0.644219 0.133170 0.030382
0 0.601767 0.863313 0.133170 0.030382
0 0.600983 0.546275 0.133170 0.030382
0 0.234592 0.671244 0.133170 0.030382
0 0.882775 0.569894 0.133170 0.030382
0 0.139567 0.814544 0.133170 0.030382
0 0.733692 0.520131 0.133170 0.030382
0 0.461308 0.448625 0.133170 0.030382
0 0.362050 0.848625 0.133170 0.030382
0 0.903925 0.409437 0.133170 0.030382
0 0.932200 0.296919 0.133170 0.030382
0 0.752967 0.878000 0.133170 0.030382
0 0.603575 0.696506 0.133170 0.030382
0 0.462642 0.408494 0.133170 0.030382
0 0.125700 0.668894 0.133170 0.030382
0 0.981950 0.623656 0.133170 0.030382
0 0.735967 0.173713 0.133170 0.030382
0 0.754533 0.893863 0.133170 0.030382
0 0.931417 0.319250 0.133170 0.030382
0 0.606708 0.170775 0.133170 0.030382
0 0.110267 0.442981 0.133170 0.030382
0 0.258642 0.859788 0.133170 0.030382
0 0.470158 0.778119 0.133170 0.030382
0 0.801925 0.295569 0.133170 0.030382
0 0.467808 0.839225 0.133170 0.030382
0 0.421983 0.239575 0.133170 0.030382
0 0.465542 0.544156 0.133170 0.030382
0 0.756883 0.913256 0.133170 0.030382
0 0.802242 0.245688 0.133170 0.030382
0 0.347400 0.615425 0.133170 0.030382
0 0.209758 0.286112 0.133170 0.030382
0 0.207650 0.237519 0.133170 0.030382
0 0.982342 0.527881 0.133170 0.030382
0 0.325700 0.287344 0.133170 0.030382
0 0.876975 0.624831 0.133170 0.030382
0 0.424175 0.266900 0.133170 0.030382
0 0.266475 0.771069 0.133170 0.030382
0 0.728675 0.843925 0.133170 0.030382
0 0.885358 0.886225 0.133170 0.030382
0 0.606233 0.429062 0.133170 0.030382
0 0.430675 0.310144 0.133170 0.030382
0 0.888492 0.899737 0.133170 0.030382
0 0.936900 0.272831 0.133170 0.030382
0 0.346617 0.656556 0.133170 0.030382
0 0.145833 0.881525 0.133170 0.030382
0 0.867183 0.117369 0.133170 0.030382
0 0.349675 0.404087 0.133170 0.030382
0 0.348733 0.542456 0.133170 0.030382
0 0.359700 0.829825 0.133170 0.030382
0 0.895542 0.912663 0.133170 0.030382
0 0.223158 0.446037 0.133170 0.030382
0 0.464367 0.561725 0.133170 0.030382
0 0.867575 0.705319 0.133170 0.030382
0 0.463108 0.141869 0.133170 0.030382
0 0.238508 0.690044 0.133170 0.030382
0 0.601767 0.891513 0.133170 0.030382
0 0.901967 0.430000 0.133170 0.030382
0 0.745917 0.859200 0.133170 0.030382
0 0.665150 0.296275 0.133170 0.030382
0 0.137217 0.834525 0.133170 0.030382
0 0.767458 0.454969 0.133170 0.030382
0 0.459425 0.655381 0.133170 0.030382
0 0.094450 0.308556 0.133170 0.030382
0 0.250025 0.825706 0.133170 0.030382
0 0.128917 0.559200 0.133170 0.030382
0 0.204908 0.266487 0.133170 0.030382
0 0.100167 0.124712 0.133170 0.030382
0 0.935333 0.247569 0.133170 0.030382
0 0.466400 0.170775 0.133170 0.030382
0 0.907217 0.388400 0.133170 0.030382
0 0.466475 0.638931 0.133170 0.030382
0 0.667342 0.248569 0.133170 0.030382
0 0.110742 0.422537 0.133170 0.030382
0 0.600833 0.096331 0.133170 0.030382
0 0.979517 0.144806 0.133170 0.030382
0 0.884417 0.548681 0.133170 0.030382
0 0.740583 0.096331 0.133170 0.030382
0 0.465542 0.524300 0.133170 0.030382
0 0.936117 0.221131 0.133170 0.030382
0 0.096642 0.288106 0.133170 0.030382
0 0.601767 0.842750 0.133170 0.030382
0 0.976467 0.647744 0.133170 0.030382
0 0.737533 0.682994 0.133170 0.030382
0 0.218925 0.121306 0.133170 0.030382
0 0.091233 0.265725 0.133170 0.030382
0 0.218225 0.405206 0.133170 0.030382
0 0.347717 0.427588 0.133170 0.030382
0 0.612108 0.386931 0.133170 0.030382
0 0.344267 0.174181 0.133170 0.030382
0 0.126483 0.685344 0.133170 0.030382
0 0.325700 0.311375 0.133170 0.030382
0 0.346383 0.447625 0.133170 0.030382
0 0.106667 0.380412 0.133170 0.030382
0 0.124917 0.630119 0.133170 0.030382
0 0.861308 0.143337 0.133170 0.030382
0 0.211408 0.309787 0.133170 0.030382
0 0.476425 0.898563 0.133170 0.030382
0 0.547092 0.290162 0.133170 0.030382
0 0.473292 0.887400 0.133170 0.030382
0 0.735967 0.148212 0.133170 0.030382
0 0.202008 0.168306 0.133170 0.030382
0 0.467808 0.868012 0.133170 0.030382
0 0.106200 0.399800 0.133170 0.030382
0 0.878542 0.664194 0.133170 0.030382
0 0.358133 0.816894 0.133170 0.030382
0 0.464600 0.430000 0.133170 0.030382
0 0.238508 0.651856 0.133170 0.030382
0 0.670000 0.269363 0.133170 0.030382
0 0.886925 0.869187 0.133170 0.030382
0 0.218225 0.358319 0.133170 0.030382
0 0.118342 0.495450 0.133170 0.030382
0 0.125700 0.650681 0.133170 0.030382
0 0.894758 0.848625 0.133170 0.030382
0 0.146617 0.892687 0.133170 0.030382
0 0.803417 0.319069 0.133170 0.030382
0 0.462642 0.387931 0.133170 0.030382
0 0.313717 0.242044 0.133170 0.030382
0 0.104083 0.174656 0.133170 0.030382
0 0.257075 0.878587 0.133170 0.030382
0 0.145833 0.868600 0.133170 0.030382
0 0.524217 0.243687 0.133170 0.030382
0 0.132750 0.608375 0.133170 0.030382
0 0.225975 0.498569 0.133170 0.030382
0 0.468592 0.850975 0.133170 0.030382
0 0.905883 0.362963 0.133170 0.030382
0 0.601767 0.876237 0.133170 0.030382
0 0.364400 0.899150 0.133170 0.030382
0 0.347400 0.676531 0.133170 0.030382
0 0.860050 0.167838 0.133170 0.030382
0 0.138000 0.850387 0.133170 0.030382
0 0.751158 0.569894 0.133170 0.030382
0 0.869925 0.687106 0.133170 0.030382
0 0.892017 0.529937 0.133170 0.030382
0 0.604275 0.527062 0.133170 0.030382
0 0.606467 0.906200 0.133170 0.030382
0 0.607492 0.505031 0.133170 0.030382
0 0.736667 0.121775 0.133170 0.030382