0 0.528100 0.134405 0.107443 0.070312
0 0.624250 0.700302 0.107443 0.070312
0 0.295738 0.416935 0.107443 0.070312
0 0.980563 0.119246 0.107443 0.070312
0 0.976788 0.356717 0.107443 0.070312
0 0.727938 0.225360 0.107443 0.070312
0 0.622362 0.346616 0.107443 0.070312
0 0.801463 0.882194 0.107443 0.070312
0 0.412000 0.787454 0.107443 0.070312
0 0.718512 0.690201 0.107443 0.070312
0 0.184200 0.717990 0.107443 0.070312
0 0.305163 0.789564 0.107443 0.070312
0 0.520563 0.629564 0.107443 0.070312
0 0.401000 0.637990 0.107443 0.070312
0 0.511138 0.558827 0.107443 0.070312
0 0.716625 0.634623 0.107443 0.070312
0 0.799575 0.616935 0.107443 0.070312
0 0.522437 0.700302 0.107443 0.070312
0 0.624250 0.073769 0.107443 0.070312
0 0.888188 0.543668 0.107443 0.070312
0 0.416713 0.934824 0.107443 0.070312
0 0.424563 0.275879 0.107443 0.070312
0 0.907038 0.356717 0.107443 0.070312
0 0.976788 0.488090 0.107443 0.070312
0 0.718512 0.824087 0.107443 0.070312
0 0.726050 0.490620 0.107443 0.070312
0 0.978675 0.424941 0.107443 0.070312
0 0.891950 0.616935 0.107443 0.070312
0 0.292600 0.265360 0.107443 0.070312
0 0.524325 0.980720 0.107443 0.070312
0 0.622362 0.621993 0.107443 0.070312
0 0.980563 0.235461 0.107443 0.070312
0 0.820313 0.159665 0.107443 0.070312
0 0.056938 0.494824 0.107443 0.070312
0 0.419850 0.056935 0.107443 0.070312
0 0.614825 0.480519 0.107443 0.070312
0 0.053012 0.172295 0.107443 0.070312
0 0.528100 0.836717 0.107443 0.070312
0 0.618587 0.915042 0.107443 0.070312
0 0.405713 0.336935 0.107443 0.070312
0 0.899500 0.816516 0.107443 0.070312
0 0.820313 0.285980 0.107443 0.070312
0 0.302025 0.490620 0.107443 0.070312
0 0.805238 0.538610 0.107443 0.070312
0 0.714738 0.556298 0.107443 0.070312
0 0.718512 0.955461 0.107443 0.070312
0 0.820313 0.015678 0.107443 0.070312
0 0.526213 0.215243 0.107443 0.070312
0 0.712850 0.371876 0.107443 0.070312
0 0.179488 0.791675 0.107443 0.070312
0 0.631788 0.136935 0.107443 0.070312
0 0.520563 0.495678 0.107443 0.070312
0 0.166913 0.648509 0.107443 0.070312
0 0.412000 0.713769 0.107443 0.070312
0 0.901388 0.225360 0.107443 0.070312
0 0.618587 0.551256 0.107443 0.070312
0 0.733588 0.013149 0.107443 0.070312
0 0.709088 0.894824 0.107443 0.070312
0 0.891950 0.942831 0.107443 0.070312
0 0.062437 0.407253 0.107443 0.070312
0 0.526213 0.920084 0.107443 0.070312
0 0.629900 0.278409 0.107443 0.070312
0 0.305163 0.031675 0.107443 0.070312
0 0.805238 0.351675 0.107443 0.070312
0 0.731713 0.149564 0.107443 0.070312
0 0.895725 0.748308 0.107443 0.070312
0 0.054900 0.248090 0.107443 0.070312
0 0.058662 0.018191 0.107443 0.070312
0 0.426138 0.844305 0.107443 0.070312
0 0.173200 0.172730 0.107443 0.070312
0 0.893838 0.488090 0.107443 0.070312
0 0.807113 0.819045 0.107443 0.070312
0 0.402575 0.572730 0.107443 0.070312
0 0.967363 0.819045 0.107443 0.070312
0 0.413575 0.117990 0.107443 0.070312
0 0.982450 0.048509 0.107443 0.070312
0 0.176338 0.574824 0.107443 0.070312
0 0.313025 0.863250 0.107443 0.070312
0 0.531875 0.341558 0.107443 0.070312
0 0.297312 0.345360 0.107443 0.070312
0 0.058662 0.328928 0.107443 0.070312
0 0.718512 0.419883 0.107443 0.070312
0 0.055375 0.955879 0.107443 0.070312
0 0.809000 0.419883 0.107443 0.070312
0 0.174775 0.254824 0.107443 0.070312
0 0.053800 0.568509 0.107443 0.070312
0 0.181050 0.096935 0.107443 0.070312
0 0.622362 0.834204 0.107443 0.070312
0 0.973025 0.672513 0.107443 0.070312
0 0.907038 0.038409 0.107443 0.070312
0 0.907038 0.301139 0.107443 0.070312
0 0.311450 0.724305 0.107443 0.070312
0 0.416713 0.423250 0.107443 0.070312
0 0.184200 0.865360 0.107443 0.070312
0 0.816550 0.220302 0.107443 0.070312
0 0.616712 0.417353 0.107443 0.070312
0 0.978675 0.558827 0.107443 0.070312
0 0.311450 0.111675 0.107443 0.070312
0 0.298888 0.642194 0.107443 0.070312
0 0.974913 0.740720 0.107443 0.070312
0 0.624250 0.970620 0.107443 0.070312
0 0.056788 0.088928 0.107443 0.070312
0 0.801463 0.680084 0.107443 0.070312
0 0.071075 0.875879 0.107443 0.070312
0 0.412000 0.492730 0.107443 0.070312
0 0.905150 0.101558 0.107443 0.070312
0 0.522437 0.419883 0.107443 0.070312
0 0.978675 0.609347 0.107443 0.070312
0 0.069513 0.814824 0.107443 0.070312
0 0.973025 0.930201 0.107443 0.070312
0 0.182625 0.490620 0.107443 0.070312
0 0.633675 0.202613 0.107443 0.070312
0 0.890075 0.164724 0.107443 0.070312
0 0.292600 0.936935 0.107443 0.070312
0 0.805238 0.488090 0.107443 0.070312
0 0.423000 0.983250 0.107443 0.070312
0 0.976788 0.869564 0.107443 0.070312
0 0.524325 0.053568 0.107443 0.070312
0 0.974913 0.172295 0.107443 0.070312
0 0.298888 0.555879 0.107443 0.070312
0 0.903263 0.435042 0.107443 0.070312
0 0.529988 0.273350 0.107443 0.070312
0 0.809000 0.950402 0.107443 0.070312
0 0.809000 0.748308 0.107443 0.070312
0 0.716625 0.763467 0.107443 0.070312
0 0.056938 0.659045 0.107443 0.070312
0 0.195188 0.019045 0.107443 0.070312
0 0.185763 0.947454 0.107443 0.070312
0 0.816550 0.093987 0.107443 0.070312
0 0.982450 0.303668 0.107443 0.070312
0 0.891950 0.682613 0.107443 0.070312
0 0.631788 0.768509 0.107443 0.070312
0 0.890075 0.874623 0.107443 0.070312
0 0.729825 0.083886 0.107443 0.070312
0 0.295738 0.172730 0.107443 0.070312
0 0.171625 0.332730 0.107443 0.070312
0 0.416713 0.195879 0.107443 0.070312
0 0.181050 0.404305 0.107443 0.070312
0 0.528100 0.773568 0.107443 0.070312
0 0.063225 0.726415 0.107443 0.070312
0 0.722288 0.288509 0.107443 0.070312