0 0.065787 0.429667 0.046224 0.050347
0 0.022375 0.460183 0.046224 0.050347
0 0.116288 0.464400 0.046224 0.050347
0 0.155750 0.447567 0.046224 0.050347
0 0.204675 0.453867 0.046224 0.050347
0 0.233075 0.352867 0.046224 0.050347
0 0.136800 0.576983 0.046224 0.050347
0 0.258337 0.534883 0.046224 0.050347
0 0.275700 0.592767 0.046224 0.050347
0 0.255963 0.679033 0.046224 0.050347
0 0.302525 0.482283 0.046224 0.050347
0 0.250437 0.451767 0.046224 0.050347
0 0.218875 0.473867 0.046224 0.050347
0 0.280425 0.398100 0.046224 0.050347
0 0.301737 0.392850 0.046224 0.050347
0 0.404325 0.505433 0.046224 0.050347
0 0.424050 0.528583 0.046224 0.050347
0 0.415375 0.546467 0.046224 0.050347
0 0.438262 0.491750 0.046224 0.050347
0 0.429575 0.435983 0.046224 0.050347
0 0.484813 0.419150 0.046224 0.050347
0 0.549525 0.374950 0.046224 0.050347
0 0.524275 0.359183 0.046224 0.050347
0 0.500600 0.446500 0.046224 0.050347
0 0.449300 0.465450 0.046224 0.050347
0 0.446938 0.472817 0.046224 0.050347
0 0.467450 0.486483 0.046224 0.050347
0 0.496650 0.495967 0.046224 0.050347
0 0.502175 0.485433 0.046224 0.050347
0 0.586613 0.489650 0.046224 0.050347
0 0.603975 0.405467 0.046224 0.050347
0 0.664737 0.467550 0.046224 0.050347
0 0.673425 0.427567 0.046224 0.050347
0 0.704987 0.410733 0.046224 0.050347
0 0.672637 0.381267 0.046224 0.050347
0 0.650537 0.495967 0.046224 0.050347
0 0.620550 0.549617 0.046224 0.050347
0 0.512437 0.271850 0.046224 0.050347
0 0.725500 0.273950 0.046224 0.050347
0 0.738138 0.311833 0.046224 0.050347
0 0.813100 0.293933 0.046224 0.050347
0 0.793375 0.329717 0.046224 0.050347
0 0.795738 0.382317 0.046224 0.050347
0 0.743650 0.508583 0.046224 0.050347
0 0.743650 0.525417 0.046224 0.050347
0 0.805212 0.532783 0.046224 0.050347
0 0.743650 0.572767 0.046224 0.050347
0 0.755487 0.686400 0.046224 0.050347
0 0.989862 0.468600 0.046224 0.050347
0 0.955937 0.470700 0.046224 0.050347
0 0.873863 0.438083 0.046224 0.050347
0 0.887275 0.407583 0.046224 0.050347
0 0.892012 0.384433 0.046224 0.050347
0 0.933050 0.373900 0.046224 0.050347
0 0.832825 0.393900 0.046224 0.050347
0 0.851762 0.470700 0.046224 0.050347
0 0.872288 0.533833 0.046224 0.050347
0 0.848612 0.270783 0.046224 0.050347