0 0.093380 0.533982 0.033443 0.055556
0 0.470936 0.292765 0.033443 0.055556
0 0.571453 0.372544 0.033443 0.055556
0 0.628715 0.747699 0.033443 0.055556
0 0.528729 0.487611 0.033443 0.055556
0 0.272416 0.342434 0.033443 0.055556
0 0.058184 0.416040 0.033443 0.055556
0 0.692277 0.441416 0.033443 0.055556
0 0.054120 0.501659 0.033443 0.055556
0 0.633520 0.577633 0.033443 0.055556
0 0.267500 0.415863 0.033443 0.055556
0 0.721648 0.399956 0.033443 0.055556
0 0.072975 0.336681 0.033443 0.055556
0 0.480824 0.237013 0.033443 0.055556
0 0.163771 0.867146 0.033443 0.055556
0 0.739274 0.619934 0.033443 0.055556
0 0.176480 0.341416 0.033443 0.055556
0 0.821411 0.242257 0.033443 0.055556
0 0.545824 0.379314 0.033443 0.055556
0 0.326508 0.346836 0.033443 0.055556
0 0.390391 0.484978 0.033443 0.055556
0 0.304623 0.256726 0.033443 0.055556
0 0.308883 0.311128 0.033443 0.055556
0 0.189469 0.453606 0.033443 0.055556
0 0.455293 0.319668 0.033443 0.055556
0 0.384469 0.369336 0.033443 0.055556
0 0.042961 0.498695 0.033443 0.055556
0 0.577332 0.186416 0.033443 0.055556
0 0.127500 0.351394 0.033443 0.055556
0 0.500154 0.296903 0.033443 0.055556
0 0.872263 0.509956 0.033443 0.055556
0 0.118268 0.380752 0.033443 0.055556
0 0.242975 0.420929 0.033443 0.055556
0 0.465810 0.428208 0.033443 0.055556
0 0.071425 0.533473 0.033443 0.055556
0 0.463464 0.210177 0.033443 0.055556
0 0.614553 0.457655 0.033443 0.055556
0 0.451927 0.410531 0.033443 0.055556
0 0.724749 0.318407 0.033443 0.055556
0 0.307877 0.627456 0.033443 0.055556
0 0.136425 0.413673 0.033443 0.055556
0 0.175740 0.390730 0.033443 0.055556
0 0.288380 0.943296 0.033443 0.055556
0 0.652207 0.506571 0.033443 0.055556
0 0.659693 0.662235 0.033443 0.055556
0 0.217668 0.310265 0.033443 0.055556
0 0.412933 0.488363 0.033443 0.055556
0 0.051830 0.471792 0.033443 0.055556
0 0.655307 0.210951 0.033443 0.055556
0 0.790545 0.705376 0.033443 0.055556
0 0.950237 0.572544 0.033443 0.055556
0 0.095615 0.343097 0.033443 0.055556
0 0.284427 0.383208 0.033443 0.055556
0 0.448506 0.440907 0.033443 0.055556
0 0.111913 0.465951 0.033443 0.055556
0 0.192025 0.325509 0.033443 0.055556
0 0.968408 0.759535 0.033443 0.055556
0 0.271816 0.512323 0.033443 0.055556
0 0.451439 0.250973 0.033443 0.055556
0 0.346704 0.431858 0.033443 0.055556
0 0.355894 0.267633 0.033443 0.055556