0 0.532941 0.852824 0.052083 0.104818
0 0.331035 0.111153 0.052083 0.104818
0 0.298871 0.252965 0.052083 0.104818
0 0.718471 0.735412 0.052083 0.104818
0 0.662918 0.731035 0.052083 0.104818
0 0.178988 0.659388 0.052083 0.104818
0 0.193600 0.381624 0.052083 0.104818
0 0.779859 0.750047 0.052083 0.104818
0 0.266706 0.245647 0.052083 0.104818
0 0.433365 0.551224 0.052083 0.104818
0 0.219788 0.796824 0.052083 0.104818
0 0.301788 0.394776 0.052083 0.104818
0 0.297412 0.111153 0.052083 0.104818
0 0.763788 0.276353 0.052083 0.104818
0 0.325200 0.542447 0.052083 0.104818
0 0.190682 0.242729 0.052083 0.104818
0 0.638047 0.421106 0.052083 0.104818
0 0.838353 0.122847 0.052083 0.104818
0 0.443600 0.409388 0.052083 0.104818
0 0.782353 0.888494 0.052083 0.104818
0 0.225765 0.105318 0.052083 0.104818
0 0.719929 0.273435 0.052083 0.104818
0 0.228706 0.388941 0.052083 0.104818
0 0.651224 0.574612 0.052083 0.104818
0 0.230165 0.248588 0.052083 0.104818
0 0.601506 0.419624 0.052083 0.104818
0 0.396682 0.827388 0.052083 0.104818
0 0.488941 0.707647 0.052083 0.104818
0 0.317741 0.807059 0.052083 0.104818
0 0.364659 0.105318 0.052083 0.104818
0 0.715529 0.119929 0.052083 0.104818
0 0.826659 0.757365 0.052083 0.104818
0 0.680447 0.870659 0.052083 0.104818
0 0.411435 0.258824 0.052083 0.104818
0 0.282800 0.682800 0.052083 0.104818
0 0.328118 0.688635 0.052083 0.104818
0 0.350918 0.818471 0.052083 0.104818
0 0.739082 0.875765 0.052083 0.104818
0 0.633671 0.118471 0.052083 0.104818
0 0.433365 0.701788 0.052083 0.104818
0 0.481624 0.552682 0.052083 0.104818
0 0.582494 0.856612 0.052083 0.104818
0 0.377812 0.694494 0.052083 0.104818
0 0.401224 0.108235 0.052083 0.104818
0 0.774024 0.595082 0.052083 0.104818
0 0.828118 0.602376 0.052083 0.104818
0 0.172706 0.791718 0.052083 0.104818
0 0.265247 0.391859 0.052083 0.104818
0 0.190682 0.106776 0.052083 0.104818
0 0.602965 0.267576 0.052083 0.104818
0 0.281341 0.533671 0.052083 0.104818
0 0.680447 0.426941 0.052083 0.104818
0 0.630894 0.864235 0.052083 0.104818
0 0.562024 0.415247 0.052083 0.104818
0 0.594188 0.568753 0.052083 0.104818
0 0.594188 0.115529 0.052083 0.104818
0 0.803271 0.435718 0.052083 0.104818
0 0.151224 0.108235 0.052083 0.104818
0 0.408518 0.402094 0.052083 0.104818
0 0.488941 0.260282 0.052083 0.104818
0 0.450918 0.260282 0.052083 0.104818
0 0.376353 0.255882 0.052083 0.104818
0 0.255012 0.106776 0.052083 0.104818
0 0.560565 0.266118 0.052083 0.104818
0 0.481624 0.403553 0.052083 0.104818
0 0.759388 0.122847 0.052083 0.104818
0 0.670212 0.118471 0.052083 0.104818
0 0.332494 0.399176 0.052083 0.104818
0 0.556188 0.115529 0.052083 0.104818
0 0.338353 0.254424 0.052083 0.104818
0 0.382212 0.551224 0.052083 0.104818
0 0.477247 0.117012 0.052083 0.104818
0 0.538635 0.567294 0.052083 0.104818
0 0.681906 0.271976 0.052083 0.104818
0 0.518165 0.114071 0.052083 0.104818
0 0.524024 0.263200 0.052083 0.104818
0 0.803271 0.121388 0.052083 0.104818
0 0.722847 0.426941 0.052083 0.104818
0 0.765247 0.431341 0.052083 0.104818
0 0.443765 0.832494 0.052083 0.104818
0 0.712612 0.583365 0.052083 0.104818
0 0.839812 0.434259 0.052083 0.104818
0 0.178988 0.529294 0.052083 0.104818
0 0.545953 0.709106 0.052083 0.104818
0 0.803271 0.277812 0.052083 0.104818
0 0.374894 0.399176 0.052083 0.104818
0 0.265529 0.798141 0.052083 0.104818
0 0.164376 0.383082 0.052083 0.104818
0 0.518165 0.409388 0.052083 0.104818
0 0.635129 0.269059 0.052083 0.104818
0 0.228706 0.532212 0.052083 0.104818
0 0.488353 0.837459 0.052083 0.104818
0 0.443600 0.115529 0.052083 0.104818
0 0.597129 0.717882 0.052083 0.104818
0 0.157059 0.239812 0.052083 0.104818
0 0.828118 0.898588 0.052083 0.104818
0 0.230165 0.675482 0.052083 0.104818
0 0.844188 0.283671 0.052083 0.104818