0 0.084812 0.360974 0.026087 0.023438
0 0.200700 0.287884 0.026087 0.023438
0 0.286087 0.316816 0.026087 0.023438
0 0.437550 0.388390 0.026087 0.023438
0 0.071600 0.284831 0.026087 0.023438
0 0.748613 0.531554 0.026087 0.023438
0 0.060412 0.103614 0.026087 0.023438
0 0.488387 0.300075 0.026087 0.023438
0 0.470088 0.377734 0.026087 0.023438
0 0.782163 0.172135 0.026087 0.023438
0 0.832987 0.336610 0.026087 0.023438
0 0.490413 0.216311 0.026087 0.023438
0 0.667288 0.380787 0.026087 0.023438
0 0.472113 0.272659 0.026087 0.023438
0 0.899062 0.507172 0.026087 0.023438
0 0.086850 0.239157 0.026087 0.023438
0 0.543275 0.236105 0.026087 0.023438
0 0.136663 0.179757 0.026087 0.023438
0 0.723200 0.322903 0.026087 0.023438
0 0.886862 0.412753 0.026087 0.023438
0 0.721175 0.403614 0.026087 0.023438