0 0.318250 0.511223 0.057093 0.123264
0 0.335750 0.355831 0.057093 0.123264
0 0.241646 0.407210 0.057093 0.123264
0 0.160021 0.345799 0.057093 0.123264
0 0.274958 0.427241 0.057093 0.123264
0 0.347396 0.281881 0.057093 0.123264
0 0.653875 0.526238 0.057093 0.123264
0 0.778792 0.487398 0.057093 0.123264
0 0.456500 0.315737 0.057093 0.123264
0 0.329917 0.423480 0.057093 0.123264
0 0.548937 0.468621 0.057093 0.123264
0 0.270792 0.309467 0.057093 0.123264
0 0.406542 0.481129 0.057093 0.123264
0 0.714667 0.493668 0.057093 0.123264
0 0.196667 0.462351 0.057093 0.123264
0 0.389042 0.340784 0.057093 0.123264
0 0.304937 0.254326 0.057093 0.123264
0 0.420687 0.276865 0.057093 0.123264
0 0.259958 0.753072 0.057093 0.123264
0 0.224979 0.306959 0.057093 0.123264