0 0.384339 0.056780 0.074653 0.103299
0 0.113032 0.051356 0.074653 0.103299
0 0.475161 0.841961 0.074653 0.103299
0 0.268758 0.417191 0.074653 0.103299
0 0.646532 0.228596 0.074653 0.103299
0 0.616032 0.175521 0.074653 0.103299
0 0.354242 0.069419 0.074653 0.103299
0 0.249484 0.183293 0.074653 0.103299
0 0.833242 0.348862 0.074653 0.103299
0 0.290419 0.065811 0.074653 0.103299
0 0.671500 0.166126 0.074653 0.103299
0 0.465532 0.299395 0.074653 0.103299
0 0.186355 0.437119 0.074653 0.103299
0 0.919645 0.867312 0.074653 0.103299
0 0.065274 0.164625 0.074653 0.103299
0 0.426871 0.889419 0.074653 0.103299
0 0.017435 0.791937 0.074653 0.103299
0 0.487726 0.070339 0.074653 0.103299
0 0.575823 0.516973 0.074653 0.103299
0 0.377516 0.128475 0.074653 0.103299
0 0.800290 0.894600 0.074653 0.103299
0 0.402000 0.096538 0.074653 0.103299
0 0.592435 0.249395 0.074653 0.103299
0 0.068887 0.122446 0.074653 0.103299
0 0.468500 0.519613 0.074653 0.103299
0 0.535565 0.376465 0.074653 0.103299
0 0.237968 0.473390 0.074653 0.103299
0 0.663871 0.388935 0.074653 0.103299
0 0.557758 0.280654 0.074653 0.103299
0 0.931452 0.024068 0.074653 0.103299
0 0.198839 0.627046 0.074653 0.103299
0 0.696097 0.982809 0.074653 0.103299
0 0.397984 0.204383 0.074653 0.103299
0 0.849855 0.246441 0.074653 0.103299
0 0.943935 0.570048 0.074653 0.103299
0 0.292032 0.006174 0.074653 0.103299
0 0.097371 0.347167 0.074653 0.103299
0 0.763323 0.950993 0.074653 0.103299
0 0.388355 0.014600 0.074653 0.103299
0 0.681887 0.642954 0.074653 0.103299
0 0.602145 0.213002 0.074653 0.103299
0 0.195500 0.696998 0.074653 0.103299
0 0.595242 0.817312 0.074653 0.103299
0 0.399984 0.253801 0.074653 0.103299
0 0.641677 0.169249 0.074653 0.103299
0 0.110629 0.292349 0.074653 0.103299
0 0.105645 0.894431 0.074653 0.103299
0 0.574419 0.170291 0.074653 0.103299
0 0.882081 0.658136 0.074653 0.103299
0 0.711032 0.476344 0.074653 0.103299
0 0.051548 0.713245 0.074653 0.103299
0 0.044032 0.776998 0.074653 0.103299
0 0.661097 0.362906 0.074653 0.103299
0 0.665274 0.424286 0.074653 0.103299
0 0.361984 0.522082 0.074653 0.103299
0 0.105645 0.675787 0.074653 0.103299
0 0.904790 0.322663 0.074653 0.103299
0 0.160548 0.474600 0.074653 0.103299
0 0.121855 0.303801 0.074653 0.103299
0 0.558000 0.982034 0.074653 0.103299
0 0.258758 0.885690 0.074653 0.103299
0 0.742742 0.924600 0.074653 0.103299
0 0.629871 0.031840 0.074653 0.103299
0 0.625016 0.636731 0.074653 0.103299
0 0.623661 0.611743 0.074653 0.103299
0 0.825726 0.212688 0.074653 0.103299
0 0.894806 0.348862 0.074653 0.103299
0 0.132290 0.264625 0.074653 0.103299
0 0.751677 0.073995 0.074653 0.103299
0 0.785806 0.024068 0.074653 0.103299
0 0.144742 0.118838 0.074653 0.103299
0 0.136710 0.018208 0.074653 0.103299
0 0.911452 0.570048 0.074653 0.103299
0 0.932371 0.764528 0.074653 0.103299
0 0.190887 0.107990 0.074653 0.103299
0 0.481468 0.186973 0.074653 0.103299
0 0.299532 0.593293 0.074653 0.103299
0 0.045597 0.107990 0.074653 0.103299
0 0.751677 0.574988 0.074653 0.103299
0 0.791613 0.343874 0.074653 0.103299
0 0.290016 0.047724 0.074653 0.103299
0 0.907290 0.212688 0.074653 0.103299
0 0.157258 0.900630 0.074653 0.103299
0 0.476806 0.672034 0.074653 0.103299
0 0.017113 0.056174 0.074653 0.103299
0 0.430855 0.110944 0.074653 0.103299
0 0.072903 0.111598 0.074653 0.103299
0 0.059855 0.790726 0.074653 0.103299
0 0.506468 0.338983 0.074653 0.103299
0 0.021919 0.104964 0.074653 0.103299
0 0.566790 0.201550 0.074653 0.103299
0 0.074500 0.041719 0.074653 0.103299
0 0.666645 0.032857 0.074653 0.103299
0 0.016306 0.167022 0.074653 0.103299
0 0.708935 0.358741 0.074653 0.103299
0 0.030758 0.861961 0.074653 0.103299
0 0.166000 0.007361 0.074653 0.103299
0 0.890629 0.453826 0.074653 0.103299
0 0.510597 0.133826 0.074653 0.103299
0 0.971742 0.852785 0.074653 0.103299
0 0.109823 0.415932 0.074653 0.103299
0 0.663871 0.104722 0.074653 0.103299
0 0.165210 0.335738 0.074653 0.103299
0 0.464129 0.378499 0.074653 0.103299
0 0.118968 0.624576 0.074653 0.103299
0 0.719339 0.042252 0.074653 0.103299
0 0.616032 0.247337 0.074653 0.103299
0 0.184468 0.089903 0.074653 0.103299
0 0.727000 0.113051 0.074653 0.103299
0 0.837258 0.839128 0.074653 0.103299
0 0.187677 0.243559 0.074653 0.103299
0 0.099387 0.361041 0.074653 0.103299
0 0.448194 0.046416 0.074653 0.103299
0 0.023129 0.366465 0.074653 0.103299
0 0.784952 0.634988 0.074653 0.103299
0 0.434306 0.179685 0.074653 0.103299
0 0.874016 0.182688 0.074653 0.103299
0 0.628387 0.935400 0.074653 0.103299
0 0.487726 0.044310 0.074653 0.103299
0 0.547355 0.003705 0.074653 0.103299
0 0.780903 0.684528 0.074653 0.103299
0 0.320919 0.142324 0.074653 0.103299
0 0.323339 0.272470 0.074653 0.103299
0 0.849855 0.611259 0.074653 0.103299
0 0.920613 0.077797 0.074653 0.103299
0 0.491177 0.018281 0.074653 0.103299
0 0.248806 0.605835 0.074653 0.103299
0 0.930597 0.137748 0.074653 0.103299
0 0.415242 0.502131 0.074653 0.103299
0 0.615952 0.773753 0.074653 0.103299
0 0.240452 0.759467 0.074653 0.103299
0 0.244274 0.067022 0.074653 0.103299
0 0.105000 0.139322 0.074653 0.103299
0 0.067274 0.135109 0.074653 0.103299
0 0.407742 0.407191 0.074653 0.103299
0 0.473839 0.224455 0.074653 0.103299
0 0.396371 0.324286 0.074653 0.103299
0 0.549452 0.563826 0.074653 0.103299
0 0.837855 0.678136 0.074653 0.103299