0 0.436650 0.622900 0.195964 0.084201
0 0.109025 0.140450 0.195964 0.084201
0 0.603762 0.528167 0.195964 0.084201
0 0.959025 0.894833 0.195964 0.084201
0 0.316912 0.379050 0.195964 0.084201
0 0.436650 0.807117 0.195964 0.084201
0 0.437975 0.556233 0.195964 0.084201
0 0.593237 0.928167 0.195964 0.084201
0 0.795863 0.215883 0.195964 0.084201
0 0.327437 0.521150 0.195964 0.084201
0 0.316912 0.452733 0.195964 0.084201
0 0.301125 0.222900 0.195964 0.084201
0 0.595862 0.794833 0.195964 0.084201
0 0.330075 0.591333 0.195964 0.084201
0 0.803763 0.135183 0.195964 0.084201
0 0.286650 0.056233 0.195964 0.084201
0 0.791913 0.300100 0.195964 0.084201
0 0.609025 0.303600 0.195964 0.084201
0 0.287963 0.128167 0.195964 0.084201
0 0.953762 0.972033 0.195964 0.084201
0 0.766912 0.768517 0.195964 0.084201
0 0.593237 0.217650 0.195964 0.084201
0 0.436650 0.686067 0.195964 0.084201
0 0.136650 0.433433 0.195964 0.084201
0 0.434025 0.210617 0.195964 0.084201
0 0.312963 0.742200 0.195964 0.084201
0 0.601125 0.045717 0.195964 0.084201
0 0.302437 0.300100 0.195964 0.084201
0 0.961650 0.833433 0.195964 0.084201
0 0.597175 0.733433 0.195964 0.084201
0 0.148500 0.519400 0.195964 0.084201
0 0.976125 0.749217 0.195964 0.084201
0 0.599813 0.377283 0.195964 0.084201
0 0.439287 0.494833 0.195964 0.084201
0 0.435337 0.736950 0.195964 0.084201
0 0.593237 0.659750 0.195964 0.084201
0 0.610337 0.450983 0.195964 0.084201
0 0.431388 0.359750 0.195964 0.084201
0 0.435337 0.428167 0.195964 0.084201
0 0.753763 0.912383 0.195964 0.084201
0 0.790600 0.393083 0.195964 0.084201
0 0.127438 0.336933 0.195964 0.084201
0 0.769550 0.635183 0.195964 0.084201
0 0.431388 0.284317 0.195964 0.084201
0 0.753763 0.977300 0.195964 0.084201
0 0.437975 0.147467 0.195964 0.084201
0 0.786650 0.466767 0.195964 0.084201
0 0.769550 0.710633 0.195964 0.084201
0 0.431388 0.065017 0.195964 0.084201
0 0.301125 0.672033 0.195964 0.084201
0 0.587975 0.124667 0.195964 0.084201
0 0.103763 0.033433 0.195964 0.084201
0 0.755075 0.840450 0.195964 0.084201
0 0.601125 0.591333 0.195964 0.084201
0 0.594550 0.861500 0.195964 0.084201
0 0.778763 0.554483 0.195964 0.084201
0 0.118225 0.243950 0.195964 0.084201
0 0.153762 0.677300 0.195964 0.084201