0 0.123282 0.398843 0.151961 0.082682
0 0.513893 0.231629 0.151961 0.082682
0 0.106183 0.472857 0.151961 0.082682
0 0.657913 0.304271 0.151961 0.082682
0 0.882519 0.222029 0.151961 0.082682
0 0.738499 0.231629 0.151961 0.082682
0 0.894733 0.389257 0.151961 0.082682
0 0.660356 0.475600 0.151961 0.082682
0 0.682341 0.555100 0.151961 0.082682
0 0.545623 0.474229 0.151961 0.082682
0 0.238015 0.472857 0.151961 0.082682
0 0.384504 0.313871 0.151961 0.082682
0 0.653053 0.774400 0.151961 0.082682
0 0.140356 0.322086 0.151961 0.082682
0 0.406463 0.238486 0.151961 0.082682
0 0.279517 0.313871 0.151961 0.082682
0 0.538295 0.863486 0.151961 0.082682
0 0.347888 0.474229 0.151961 0.082682
0 0.316132 0.626371 0.151961 0.082682
0 0.113511 0.544129 0.151961 0.082682
0 0.230687 0.394729 0.151961 0.082682
0 0.303944 0.863486 0.151961 0.082682
0 0.179415 0.859371 0.151961 0.082682
0 0.469949 0.400214 0.151961 0.082682
0 0.579796 0.556471 0.151961 0.082682
0 0.821501 0.300157 0.151961 0.082682
0 0.123282 0.623629 0.151961 0.082682
0 0.179415 0.775771 0.151961 0.082682
0 0.206285 0.245343 0.151961 0.082682
0 0.457735 0.471486 0.151961 0.082682
0 0.347888 0.396100 0.151961 0.082682
0 0.618855 0.234371 0.151961 0.082682
0 0.133053 0.703129 0.151961 0.082682
0 0.421120 0.782614 0.151961 0.082682
0 0.521221 0.634600 0.151961 0.082682
0 0.238015 0.541386 0.151961 0.082682
0 0.587125 0.393357 0.151961 0.082682
0 0.386947 0.703129 0.151961 0.082682
0 0.091527 0.252186 0.151961 0.082682
0 0.596896 0.700386 0.151961 0.082682
0 0.465064 0.550986 0.151961 0.082682
0 0.308804 0.237114 0.151961 0.082682
0 0.360076 0.549614 0.151961 0.082682
0 0.675013 0.393357 0.151961 0.082682
0 0.684784 0.705871 0.151961 0.082682
0 0.716514 0.623629 0.151961 0.082682
0 0.850789 0.550986 0.151961 0.082682
0 0.784860 0.391986 0.151961 0.082682
0 0.770229 0.476971 0.151961 0.082682
0 0.516336 0.313871 0.151961 0.082682
0 0.435776 0.860743 0.151961 0.082682
0 0.880076 0.467371 0.151961 0.082682