0 0.397861 0.267318 0.076172 0.177083
0 0.838857 0.974557 0.076172 0.177083
0 0.327959 0.042539 0.076172 0.177083
0 0.589063 0.028828 0.076172 0.177083
0 0.163486 0.771706 0.076172 0.177083
0 0.940625 0.751146 0.076172 0.177083
0 0.715498 0.533216 0.076172 0.177083
0 0.898477 0.534596 0.076172 0.177083
0 0.871758 0.032943 0.076172 0.177083
0 0.568506 0.271432 0.076172 0.177083
0 0.179932 0.235794 0.076172 0.177083
0 0.317676 0.518138 0.076172 0.177083
0 0.510938 0.552409 0.076172 0.177083
0 0.282725 0.275547 0.076172 0.177083
0 0.037041 0.257721 0.076172 0.177083
0 0.724756 0.749779 0.076172 0.177083
0 0.127500 0.039792 0.076172 0.177083
0 0.040127 0.907396 0.076172 0.177083
0 0.431787 0.545560 0.076172 0.177083
0 0.367021 0.762109 0.076172 0.177083
0 0.137783 0.530482 0.076172 0.177083
0 0.225156 0.246758 0.076172 0.177083
0 0.677471 0.778568 0.076172 0.177083
0 0.459541 0.275547 0.076172 0.177083
0 0.272451 0.977305 0.076172 0.177083
0 0.056572 0.030195 0.076172 0.177083
0 0.680547 0.981419 0.076172 0.177083
0 0.311514 0.768971 0.076172 0.177083
0 0.441035 0.042539 0.076172 0.177083
0 0.355713 0.276914 0.076172 0.177083
0 0.569531 0.767591 0.076172 0.177083
0 0.370107 0.538698 0.076172 0.177083
0 0.935488 0.974557 0.076172 0.177083
0 0.986885 0.268685 0.076172 0.177083
0 0.049375 0.555156 0.076172 0.177083
0 0.193291 0.034310 0.076172 0.177083
0 0.815215 0.246758 0.076172 0.177083
0 0.373184 0.966341 0.076172 0.177083
0 0.507852 0.970456 0.076172 0.177083
0 0.806992 0.537331 0.076172 0.177083
0 0.240576 0.767591 0.076172 0.177083
0 0.721670 0.034310 0.076172 0.177083
0 0.014424 0.773086 0.076172 0.177083
0 0.613730 0.768971 0.076172 0.177083
0 0.515049 0.274167 0.076172 0.177083
0 0.254971 0.522253 0.076172 0.177083
0 0.967354 0.523620 0.076172 0.177083
0 0.524297 0.026094 0.076172 0.177083
0 0.957070 0.034310 0.076172 0.177083
0 0.181982 0.509922 0.076172 0.177083
0 0.109004 0.249505 0.076172 0.177083
0 0.013398 0.023346 0.076172 0.177083
0 0.599346 0.975938 0.076172 0.177083
0 0.629150 0.256354 0.076172 0.177083
0 0.580840 0.548294 0.076172 0.177083
0 0.440010 0.762109 0.076172 0.177083
0 0.746338 0.975938 0.076172 0.177083
0 0.088438 0.767591 0.076172 0.177083
0 0.435898 0.964961 0.076172 0.177083
0 0.794658 0.038424 0.076172 0.177083
0 0.648682 0.034310 0.076172 0.177083
0 0.787461 0.733333 0.076172 0.177083
0 0.651768 0.540078 0.076172 0.177083
0 0.252920 0.042539 0.076172 0.177083
0 0.938574 0.256354 0.076172 0.177083
0 0.485234 0.762109 0.076172 0.177083
0 0.889229 0.250872 0.076172 0.177083
0 0.713447 0.256354 0.076172 0.177083