0 0.538803 0.691583 0.034213 0.046875
0 0.249319 0.730208 0.034213 0.046875
0 0.387371 0.722771 0.034213 0.046875
0 0.367289 0.721292 0.034213 0.046875
0 0.313744 0.724271 0.034213 0.046875
0 0.413310 0.712375 0.034213 0.046875
0 0.661796 0.678229 0.034213 0.046875
0 0.569765 0.679708 0.034213 0.046875
0 0.435059 0.724271 0.034213 0.046875
0 0.640880 0.669313 0.034213 0.046875
0 0.691080 0.673771 0.034213 0.046875
0 0.606585 0.676729 0.034213 0.046875
0 0.476890 0.715354 0.034213 0.046875
0 0.510364 0.700500 0.034213 0.046875
0 0.337171 0.734667 0.034213 0.046875
0 0.180704 0.728708 0.034213 0.046875
0 0.209155 0.727229 0.034213 0.046875
0 0.280270 0.724271 0.034213 0.046875