0 0.620822 0.082274 0.041522 0.057292
0 0.115956 0.034916 0.041522 0.057292
0 0.031067 0.142341 0.041522 0.057292
0 0.315511 0.794415 0.041522 0.057292
0 0.397200 0.329933 0.041522 0.057292
0 0.546267 0.911338 0.041522 0.057292
0 0.703178 0.288896 0.041522 0.057292
0 0.117622 0.151672 0.041522 0.057292
0 0.296067 0.053177 0.041522 0.057292
0 0.301067 0.257993 0.041522 0.057292
0 0.976378 0.098763 0.041522 0.057292
0 0.918200 0.803980 0.041522 0.057292
0 0.272622 0.790769 0.041522 0.057292
0 0.641000 0.886957 0.041522 0.057292
0 0.008178 0.754883 0.041522 0.057292
0 0.485444 0.325686 0.041522 0.057292
0 0.582133 0.077525 0.041522 0.057292
0 0.891667 0.327559 0.041522 0.057292
0 0.099311 0.253846 0.041522 0.057292
0 0.900556 0.489565 0.041522 0.057292
0 0.662578 0.138027 0.041522 0.057292
0 0.073956 0.885184 0.041522 0.057292
0 0.722733 0.757860 0.041522 0.057292
0 0.878689 0.521204 0.041522 0.057292
0 0.276556 0.081338 0.041522 0.057292
0 0.247667 0.350234 0.041522 0.057292
0 0.667756 0.233043 0.041522 0.057292
0 0.581911 0.900401 0.041522 0.057292
0 0.773844 0.095217 0.041522 0.057292
0 0.155978 0.328997 0.041522 0.057292
0 0.641111 0.048194 0.041522 0.057292
0 0.972178 0.136187 0.041522 0.057292
0 0.136356 0.787893 0.041522 0.057292
0 0.076378 0.585853 0.041522 0.057292
0 0.962044 0.252007 0.041522 0.057292
0 0.431267 0.776120 0.041522 0.057292
0 0.684622 0.256722 0.041522 0.057292
0 0.744044 0.461304 0.041522 0.057292
0 0.239400 0.924783 0.041522 0.057292
0 0.636956 0.809030 0.041522 0.057292
0 0.472911 0.125418 0.041522 0.057292
0 0.811778 0.712776 0.041522 0.057292
0 0.593489 0.538060 0.041522 0.057292
0 0.841467 0.256890 0.041522 0.057292
0 0.907511 0.073411 0.041522 0.057292
0 0.991844 0.066388 0.041522 0.057292
0 0.969911 0.820033 0.041522 0.057292
0 0.881333 0.131940 0.041522 0.057292
0 0.376222 0.885786 0.041522 0.057292
0 0.289822 0.114247 0.041522 0.057292
0 0.134378 0.587893 0.041522 0.057292
0 0.687556 0.126355 0.041522 0.057292
0 0.211111 0.890702 0.041522 0.057292
0 0.444244 0.826120 0.041522 0.057292
0 0.378644 0.789599 0.041522 0.057292
0 0.785089 0.766388 0.041522 0.057292
0 0.716556 0.568495 0.041522 0.057292
0 0.655844 0.608696 0.041522 0.057292
0 0.168778 0.299532 0.041522 0.057292
0 0.201956 0.029833 0.041522 0.057292
0 0.126956 0.304615 0.041522 0.057292
0 0.428067 0.871137 0.041522 0.057292
0 0.987178 0.291003 0.041522 0.057292
0 0.191844 0.100903 0.041522 0.057292
0 0.286444 0.357826 0.041522 0.057292
0 0.471733 0.911405 0.041522 0.057292
0 0.903578 0.730368 0.041522 0.057292
0 0.869133 0.080401 0.041522 0.057292
0 0.641289 0.529498 0.041522 0.057292
0 0.763222 0.889431 0.041522 0.057292
0 0.047533 0.756589 0.041522 0.057292
0 0.947489 0.482308 0.041522 0.057292
0 0.823933 0.894314 0.041522 0.057292
0 0.938600 0.527291 0.041522 0.057292
0 0.876267 0.361639 0.041522 0.057292
0 0.335067 0.528930 0.041522 0.057292
0 0.167444 0.532040 0.041522 0.057292
0 0.901333 0.607759 0.041522 0.057292
0 0.561067 0.029398 0.041522 0.057292
0 0.682889 0.047592 0.041522 0.057292
0 0.996067 0.499298 0.041522 0.057292
0 0.102067 0.917324 0.041522 0.057292
0 0.561689 0.843144 0.041522 0.057292
0 0.924889 0.134047 0.041522 0.057292
0 0.622333 0.137525 0.041522 0.057292
0 0.726956 0.047592 0.041522 0.057292
0 0.861711 0.507860 0.041522 0.057292
0 0.034556 0.579766 0.041522 0.057292
0 0.553022 0.606254 0.041522 0.057292
0 0.162044 0.631538 0.041522 0.057292
0 0.292578 0.523846 0.041522 0.057292
0 0.548978 0.540502 0.041522 0.057292
0 0.079022 0.798060 0.041522 0.057292
0 0.600133 0.042843 0.041522 0.057292
0 0.052089 0.257926 0.041522 0.057292
0 0.987911 0.771806 0.041522 0.057292
0 0.078289 0.138127 0.041522 0.057292
0 0.702000 0.460033 0.041522 0.057292
0 0.592422 0.717659 0.041522 0.057292
0 0.176200 0.492441 0.041522 0.057292
0 0.819089 0.827324 0.041522 0.057292
0 0.360044 0.569532 0.041522 0.057292
0 0.965644 0.021940 0.041522 0.057292
0 0.583333 0.141003 0.041522 0.057292
0 0.211111 0.826120 0.041522 0.057292
0 0.371889 0.290167 0.041522 0.057292
0 0.814267 0.768763 0.041522 0.057292
0 0.908644 0.362843 0.041522 0.057292
0 0.649889 0.723746 0.041522 0.057292
0 0.649378 0.457659 0.041522 0.057292
0 0.442156 0.264783 0.041522 0.057292
0 0.300156 0.838328 0.041522 0.057292
0 0.124267 0.378729 0.041522 0.057292
0 0.621667 0.354883 0.041522 0.057292
0 0.342222 0.837057 0.041522 0.057292
0 0.313267 0.141839 0.041522 0.057292
0 0.704356 0.019431 0.041522 0.057292
0 0.770533 0.722475 0.041522 0.057292
0 0.611311 0.490602 0.041522 0.057292
0 0.572200 0.348963 0.041522 0.057292
0 0.891778 0.880970 0.041522 0.057292
0 0.481467 0.818763 0.041522 0.057292
0 0.445600 0.081940 0.041522 0.057292
0 0.404556 0.732308 0.041522 0.057292
0 0.673667 0.563612 0.041522 0.057292
0 0.551956 0.323579 0.041522 0.057292
0 0.786378 0.337960 0.041522 0.057292
0 0.359356 0.484247 0.041522 0.057292
0 0.316867 0.481204 0.041522 0.057292
0 0.385667 0.606087 0.041522 0.057292
0 0.448356 0.141338 0.041522 0.057292
0 0.736333 0.317659 0.041522 0.057292
0 0.759956 0.357425 0.041522 0.057292
0 0.430867 0.520803 0.041522 0.057292
0 0.027844 0.787057 0.041522 0.057292
0 0.025778 0.548294 0.041522 0.057292
0 0.478267 0.872408 0.041522 0.057292
0 0.960933 0.864883 0.041522 0.057292
0 0.597489 0.316823 0.041522 0.057292
0 0.093911 0.636622 0.041522 0.057292
0 0.548578 0.131003 0.041522 0.057292
0 0.404222 0.078395 0.041522 0.057292
0 0.693911 0.531973 0.041522 0.057292
0 0.840067 0.040234 0.041522 0.057292
0 0.894600 0.822575 0.041522 0.057292
0 0.666067 0.761505 0.041522 0.057292
0 0.363244 0.082542 0.041522 0.057292
0 0.615933 0.771237 0.041522 0.057292
0 0.620022 0.017057 0.041522 0.057292
0 0.337089 0.613177 0.041522 0.057292
0 0.025444 0.033211 0.041522 0.057292
0 0.061978 0.031505 0.041522 0.057292
0 0.226467 0.617258 0.041522 0.057292
0 0.010267 0.252843 0.041522 0.057292
0 0.102689 0.383813 0.041522 0.057292
0 0.014756 0.098361 0.041522 0.057292
0 0.071644 0.371639 0.041522 0.057292
0 0.604022 0.607525 0.041522 0.057292
0 0.656356 0.015853 0.041522 0.057292
0 0.444244 0.733478 0.041522 0.057292
0 0.183622 0.337124 0.041522 0.057292
0 0.823711 0.073411 0.041522 0.057292
0 0.388378 0.527893 0.041522 0.057292
0 0.990156 0.865719 0.041522 0.057292
0 0.670400 0.488127 0.041522 0.057292
0 0.254978 0.325686 0.041522 0.057292
0 0.550933 0.089298 0.041522 0.057292
0 0.870578 0.284916 0.041522 0.057292
0 0.753200 0.282977 0.041522 0.057292
0 0.137867 0.010368 0.041522 0.057292
0 0.488267 0.254615 0.041522 0.057292
0 0.609400 0.852876 0.041522 0.057292
0 0.753556 0.141003 0.041522 0.057292
0 0.985556 0.541940 0.041522 0.057292
0 0.567578 0.573411 0.041522 0.057292
0 0.302178 0.336689 0.041522 0.057292
0 0.661800 0.082274 0.041522 0.057292
0 0.727356 0.115184 0.041522 0.057292
0 0.500622 0.081338 0.041522 0.057292
0 0.945022 0.067057 0.041522 0.057292
0 0.845689 0.108662 0.041522 0.057292
0 0.771200 0.251672 0.041522 0.057292
0 0.765911 0.503946 0.041522 0.057292
0 0.757822 0.070535 0.041522 0.057292
0 0.321200 0.887057 0.041522 0.057292
0 0.694400 0.890602 0.041522 0.057292
0 0.931689 0.907191 0.041522 0.057292
0 0.160022 0.368595 0.041522 0.057292
0 0.644711 0.320201 0.041522 0.057292
0 0.056911 0.108495 0.041522 0.057292
0 0.841467 0.294649 0.041522 0.057292
0 0.284489 0.608094 0.041522 0.057292
0 0.324178 0.083110 0.041522 0.057292
0 0.598333 0.455217 0.041522 0.057292
0 0.106378 0.098361 0.041522 0.057292
0 0.394044 0.827324 0.041522 0.057292
0 0.584333 0.807759 0.041522 0.057292
0 0.164844 0.142341 0.041522 0.057292
0 0.693622 0.323579 0.041522 0.057292
0 0.792622 0.474682 0.041522 0.057292
0 0.738422 0.612341 0.041522 0.057292
0 0.027800 0.293445 0.041522 0.057292
0 0.111622 0.830201 0.041522 0.057292
0 0.731667 0.845585 0.041522 0.057292
0 0.466333 0.359532 0.041522 0.057292
0 0.013244 0.832742 0.041522 0.057292
0 0.252378 0.841940 0.041522 0.057292
0 0.163400 0.559465 0.041522 0.057292
0 0.381178 0.118395 0.041522 0.057292
0 0.721733 0.355719 0.041522 0.057292
0 0.868956 0.578495 0.041522 0.057292
0 0.270978 0.877224 0.041522 0.057292
0 0.693622 0.805318 0.041522 0.057292
0 0.705756 0.721304 0.041522 0.057292
0 0.778622 0.851672 0.041522 0.057292
0 0.266267 0.486288 0.041522 0.057292
0 0.032911 0.879264 0.041522 0.057292
0 0.495956 0.138361 0.041522 0.057292
0 0.345467 0.735953 0.041522 0.057292
0 0.719756 0.495418 0.041522 0.057292
0 0.082778 0.068729 0.041522 0.057292
0 0.428178 0.622308 0.041522 0.057292
0 0.351933 0.918696 0.041522 0.057292
0 0.665511 0.359097 0.041522 0.057292
0 0.797511 0.535585 0.041522 0.057292
0 0.299311 0.919866 0.041522 0.057292
0 0.461889 0.564448 0.041522 0.057292
0 0.444978 0.336689 0.041522 0.057292
0 0.092333 0.009532 0.041522 0.057292
0 0.057489 0.635585 0.041522 0.057292
0 0.014311 0.369599 0.041522 0.057292
0 0.150244 0.102575 0.041522 0.057292
0 0.923489 0.026187 0.041522 0.057292
0 0.645778 0.112809 0.041522 0.057292
0 0.773844 0.045819 0.041522 0.057292
0 0.264244 0.580702 0.041522 0.057292
0 0.675022 0.839498 0.041522 0.057292
0 0.066089 0.830201 0.041522 0.057292
0 0.923200 0.248361 0.041522 0.057292
0 0.550556 0.046990 0.041522 0.057292
0 0.628289 0.566054 0.041522 0.057292
0 0.746511 0.544147 0.041522 0.057292
0 0.925622 0.563846 0.041522 0.057292
0 0.869800 0.250803 0.041522 0.057292
0 0.560044 0.744415 0.041522 0.057292
0 0.415356 0.478161 0.041522 0.057292
0 0.114822 0.557425 0.041522 0.057292
0 0.960467 0.574849 0.041522 0.057292
0 0.703578 0.076355 0.041522 0.057292
0 0.150578 0.258930 0.041522 0.057292
0 0.416867 0.356990 0.041522 0.057292
0 0.435578 0.597960 0.041522 0.057292
0 0.133378 0.069599 0.041522 0.057292
0 0.990378 0.357993 0.041522 0.057292
0 0.667756 0.291438 0.041522 0.057292
0 0.573267 0.497860 0.041522 0.057292
0 0.753556 0.810702 0.041522 0.057292
0 0.464600 0.479164 0.041522 0.057292
0 0.350533 0.258863 0.041522 0.057292
0 0.050067 0.501572 0.041522 0.057292
0 0.650333 0.255886 0.041522 0.057292
0 0.038933 0.004448 0.041522 0.057292
0 0.881667 0.765886 0.041522 0.057292
0 0.176667 0.066221 0.041522 0.057292
0 0.270711 0.147759 0.041522 0.057292
0 0.412933 0.296087 0.041522 0.057292
0 0.845511 0.333645 0.041522 0.057292
0 0.195089 0.267057 0.041522 0.057292
0 0.961267 0.366555 0.041522 0.057292
0 0.362844 0.141839 0.041522 0.057292
0 0.946711 0.615050 0.041522 0.057292
0 0.829333 0.134749 0.041522 0.057292
0 0.046978 0.920736 0.041522 0.057292
0 0.483489 0.609130 0.041522 0.057292
0 0.697956 0.614783 0.041522 0.057292
0 0.300156 0.735953 0.041522 0.057292
0 0.799933 0.617258 0.041522 0.057292
0 0.437778 0.895518 0.041522 0.057292
0 0.151933 0.029833 0.041522 0.057292
0 0.879422 0.033211 0.041522 0.057292
0 0.384711 0.044983 0.041522 0.057292
0 0.774000 0.575786 0.041522 0.057292
0 0.946311 0.756589 0.041522 0.057292
0 0.339000 0.047860 0.041522 0.057292
0 0.399733 0.915050 0.041522 0.057292
0 0.603622 0.105786 0.041522 0.057292
0 0.558711 0.452776 0.041522 0.057292
0 0.404556 0.556321 0.041522 0.057292
0 0.037800 0.075518 0.041522 0.057292
0 0.245911 0.737124 0.041522 0.057292
0 0.939844 0.117124 0.041522 0.057292
0 0.897689 0.107926 0.041522 0.057292
0 0.093911 0.339130 0.041522 0.057292
0 0.138600 0.876722 0.041522 0.057292
0 0.018356 0.630535 0.041522 0.057292
0 0.108800 0.755753 0.041522 0.057292
0 0.340978 0.120702 0.041522 0.057292
0 0.739778 0.726120 0.041522 0.057292