0 0.453832 0.592156 0.129870 0.150174
0 0.740193 0.080464 0.129870 0.150174
0 0.746581 0.136014 0.129870 0.150174
0 0.029764 0.080464 0.129870 0.150174
0 0.569657 0.497131 0.129870 0.150174
0 0.712288 0.862766 0.129870 0.150174
0 0.641699 0.274905 0.129870 0.150174
0 0.475354 0.888651 0.129870 0.150174
0 0.462042 0.280756 0.129870 0.150174
0 0.956334 0.078995 0.129870 0.150174
0 0.458392 0.109699 0.129870 0.150174
0 0.113666 0.342156 0.129870 0.150174
0 0.377229 0.508823 0.129870 0.150174
0 0.877905 0.051220 0.129870 0.150174
0 0.164737 0.146254 0.129870 0.150174
0 0.164737 0.229588 0.129870 0.150174
0 0.743842 0.467887 0.129870 0.150174
0 0.715573 0.327534 0.129870 0.150174
0 0.539561 0.111160 0.129870 0.150174
0 0.356892 0.816718 0.129870 0.150174
0 0.289678 0.320223 0.129870 0.150174
0 0.908912 0.437182 0.129870 0.150174
0 0.462953 0.368471 0.129870 0.150174
0 0.978221 0.193033 0.129870 0.150174
0 0.884561 0.718909 0.129870 0.150174
0 0.834126 0.457655 0.129870 0.150174
0 0.452010 0.027826 0.129870 0.150174
0 0.468242 0.787921 0.129870 0.150174
0 0.010338 0.175928 0.129870 0.150174
0 0.970927 0.475198 0.129870 0.150174
0 0.892497 0.108239 0.129870 0.150174
0 0.922224 0.808093 0.129870 0.150174
0 0.099073 0.394785 0.129870 0.150174
0 0.601576 0.102388 0.129870 0.150174
0 0.945391 0.226658 0.129870 0.150174
0 0.554153 0.346546 0.129870 0.150174
0 0.384523 0.106778 0.129870 0.150174
0 0.575129 0.017595 0.129870 0.150174
0 0.793092 0.304141 0.129870 0.150174
0 0.972567 0.764966 0.129870 0.150174
0 0.588441 0.862766 0.129870 0.150174
0 0.645348 0.014674 0.129870 0.150174
0 0.086308 0.179880 0.129870 0.150174
0 0.312476 0.136014 0.129870 0.150174
0 0.034325 0.042448 0.129870 0.150174
0 0.479368 0.507363 0.129870 0.150174
0 0.300622 0.045369 0.129870 0.150174
0 0.095423 0.029287 0.129870 0.150174
0 0.782235 0.736160 0.129870 0.150174
0 0.069887 0.241280 0.129870 0.150174
0 0.167471 0.636014 0.129870 0.150174
0 0.280557 0.539527 0.129870 0.150174
0 0.878816 0.307070 0.129870 0.150174
0 0.087219 0.561452 0.129870 0.150174
0 0.369930 0.612620 0.129870 0.150174
0 0.662674 0.564381 0.129870 0.150174
0 0.959068 0.289527 0.129870 0.150174
0 0.213344 0.923153 0.129870 0.150174
0 0.756613 0.546838 0.129870 0.150174
0 0.531350 0.171100 0.129870 0.150174
0 0.238607 0.052680 0.129870 0.150174
0 0.381785 0.309991 0.129870 0.150174
0 0.368108 0.374321 0.129870 0.150174
0 0.513114 0.027826 0.129870 0.150174
0 0.977947 0.693033 0.129870 0.150174
0 0.179325 0.545369 0.129870 0.150174
0 0.190273 0.386014 0.129870 0.150174
0 0.369019 0.198883 0.129870 0.150174
0 0.168382 0.048299 0.129870 0.150174
0 0.598837 0.160868 0.129870 0.150174
0 0.378140 0.042448 0.129870 0.150174
0 0.093601 0.073153 0.129870 0.150174
0 0.868783 0.225198 0.129870 0.150174
0 0.626195 0.326074 0.129870 0.150174
0 0.275086 0.614089 0.129870 0.150174
0 0.794914 0.255902 0.129870 0.150174
0 0.199389 0.318763 0.129870 0.150174
0 0.563269 0.580464 0.129870 0.150174
0 0.814979 0.055610 0.129870 0.150174
0 0.659432 0.487715 0.129870 0.150174
0 0.071715 0.653557 0.129870 0.150174
0 0.227663 0.220808 0.129870 0.150174
0 0.812787 0.842595 0.129870 0.150174
0 0.252835 0.828265 0.129870 0.150174
0 0.937181 0.524905 0.129870 0.150174
0 0.719218 0.251512 0.129870 0.150174
0 0.595648 0.779287 0.129870 0.150174
0 0.280557 0.368471 0.129870 0.150174
0 0.841426 0.540988 0.129870 0.150174
0 0.241340 0.157947 0.129870 0.150174
0 0.922680 0.020077 0.129870 0.150174
0 0.378505 0.914527 0.129870 0.150174
0 0.668146 0.099467 0.129870 0.150174
0 0.694325 0.767741 0.129870 0.150174
0 0.036147 0.409407 0.129870 0.150174
0 0.677267 0.147715 0.129870 0.150174
0 0.462042 0.187182 0.129870 0.150174
0 0.824094 0.112620 0.129870 0.150174
0 0.136190 0.856924 0.129870 0.150174