0 0.461698 0.499474 0.118781 0.179688
0 0.516755 0.634737 0.118781 0.179688
0 0.402302 0.370316 0.118781 0.179688
0 0.598868 0.486053 0.118781 0.179688
0 0.315849 0.505579 0.118781 0.179688
0 0.759585 0.233895 0.118781 0.179688
0 0.531585 0.370316 0.118781 0.179688
0 0.597094 0.220474 0.118781 0.179688
0 0.590981 0.751684 0.118781 0.179688
0 0.142000 0.506789 0.118781 0.179688
0 0.745623 0.493368 0.118781 0.179688
0 0.837321 0.615211 0.118781 0.179688
0 0.383962 0.620105 0.118781 0.179688
0 0.162981 0.720000 0.118781 0.179688
0 0.247698 0.356947 0.118781 0.179688
0 0.761321 0.722421 0.118781 0.179688
0 0.432000 0.744368 0.118781 0.179688
0 0.674868 0.628632 0.118781 0.179688
0 0.680981 0.367895 0.118781 0.179688
0 0.313208 0.222895 0.118781 0.179688
0 0.471321 0.225368 0.118781 0.179688
0 0.232000 0.622526 0.118781 0.179688
0 0.289623 0.743158 0.118781 0.179688
0 0.162981 0.233895 0.118781 0.179688
0 0.833849 0.387368 0.118781 0.179688