0 0.729074 0.744096 0.127451 0.110243
0 0.592444 0.412229 0.127451 0.110243
0 0.445037 0.725090 0.127451 0.110243
0 0.853111 0.649066 0.127451 0.110243
0 0.346167 0.594970 0.127451 0.110243
0 0.511556 0.312801 0.127451 0.110243
0 0.597852 0.472169 0.127451 0.110243
0 0.880093 0.749940 0.127451 0.110243
0 0.101685 0.817199 0.127451 0.110243
0 0.364148 0.524789 0.127451 0.110243
0 0.912444 0.872741 0.127451 0.110243
0 0.694926 0.361054 0.127451 0.110243
0 0.743463 0.874217 0.127451 0.110243
0 0.213130 0.590587 0.127451 0.110243
0 0.338981 0.309880 0.127451 0.110243
0 0.261667 0.448765 0.127451 0.110243
0 0.407296 0.352274 0.127451 0.110243
0 0.594241 0.320120 0.127451 0.110243
0 0.597852 0.524789 0.127451 0.110243
0 0.464815 0.630060 0.127451 0.110243
0 0.818963 0.478012 0.127451 0.110243
0 0.696722 0.413690 0.127451 0.110243
0 0.712889 0.545256 0.127451 0.110243
0 0.428852 0.840587 0.127451 0.110243
0 0.385722 0.391762 0.127451 0.110243
0 0.502574 0.355211 0.127451 0.110243
0 0.691333 0.317199 0.127451 0.110243
0 0.382130 0.456084 0.127451 0.110243
0 0.838741 0.542334 0.127451 0.110243
0 0.797389 0.418072 0.127451 0.110243
0 0.588852 0.723630 0.127451 0.110243
0 0.772222 0.318660 0.127451 0.110243
0 0.477407 0.529187 0.127451 0.110243
0 0.587056 0.856672 0.127451 0.110243
0 0.299426 0.704623 0.127451 0.110243
0 0.164593 0.685617 0.127451 0.110243
0 0.234704 0.521867 0.127451 0.110243
0 0.268870 0.820120 0.127451 0.110243
0 0.784815 0.365437 0.127451 0.110243
0 0.285037 0.404910 0.127451 0.110243
0 0.718296 0.634443 0.127451 0.110243
0 0.587056 0.622756 0.127451 0.110243
0 0.594241 0.361054 0.127451 0.110243
0 0.495370 0.403449 0.127451 0.110243
0 0.421667 0.309880 0.127451 0.110243
0 0.703907 0.479473 0.127451 0.110243
0 0.319204 0.349352 0.127451 0.110243