0 0.249267 0.539711 0.043620 0.132161
0 0.233422 0.425178 0.043620 0.132161
0 0.751200 0.374022 0.043620 0.132161
0 0.687867 0.674933 0.043620 0.132161
0 0.375956 0.298489 0.043620 0.132161
0 0.561156 0.393511 0.043620 0.132161
0 0.235867 0.322844 0.043620 0.132161
0 0.294333 0.539711 0.043620 0.132161
0 0.188333 0.431267 0.043620 0.132161
0 0.500244 0.398378 0.043620 0.132161
0 0.506333 0.278978 0.043620 0.132161
0 0.444200 0.534844 0.043620 0.132161
0 0.674444 0.254622 0.043620 0.132161
0 0.541667 0.673733 0.043620 0.132161
0 0.987556 0.219289 0.043620 0.132161
0 0.103067 0.544578 0.043620 0.132161
0 0.615978 0.261933 0.043620 0.132161
0 0.728067 0.521422 0.043620 0.132161
0 0.774356 0.240000 0.043620 0.132161
0 0.315044 0.310667 0.043620 0.132161
0 0.414956 0.670067 0.043620 0.132161
0 0.405200 0.297267 0.043620 0.132161
0 0.172511 0.539711 0.043620 0.132161
0 0.887667 0.354511 0.043620 0.132161
0 0.525822 0.393511 0.043620 0.132161
0 0.388156 0.536044 0.043620 0.132161
0 0.134733 0.539711 0.043620 0.132161
0 0.366222 0.668844 0.043620 0.132161
0 0.322356 0.416667 0.043620 0.132161
0 0.031178 0.668844 0.043620 0.132161
0 0.531911 0.276556 0.043620 0.132161
0 0.495356 0.529956 0.043620 0.132161
0 0.873044 0.231467 0.043620 0.132161
0 0.675667 0.528733 0.043620 0.132161
0 0.834044 0.676156 0.043620 0.132161
0 0.076244 0.666422 0.043620 0.132161
0 0.483178 0.672511 0.043620 0.132161
0 0.936400 0.692000 0.043620 0.132161
0 0.004378 0.660311 0.043620 0.132161
0 0.118889 0.667622 0.043620 0.132161
0 0.201733 0.671289 0.043620 0.132161
0 0.432000 0.291178 0.043620 0.132161
0 0.949800 0.508022 0.043620 0.132161
0 0.644000 0.258267 0.043620 0.132161
0 0.396667 0.409356 0.043620 0.132161
0 0.824311 0.363044 0.043620 0.132161
0 0.345511 0.413000 0.043620 0.132161
0 0.619622 0.387422 0.043620 0.132161
0 0.206622 0.540933 0.043620 0.132161
0 0.853556 0.355733 0.043620 0.132161
0 0.647644 0.383756 0.043620 0.132161
0 0.256578 0.672511 0.043620 0.132161
0 0.873044 0.515333 0.043620 0.132161
0 0.068956 0.540933 0.043620 0.132161
0 0.355244 0.303356 0.043620 0.132161
0 0.747556 0.674933 0.043620 0.132161
0 0.785333 0.365489 0.043620 0.132161
0 0.276067 0.419089 0.043620 0.132161
0 0.608667 0.532400 0.043620 0.132161
0 0.561156 0.271667 0.043620 0.132161
0 0.340622 0.537267 0.043620 0.132161
0 0.935178 0.347222 0.043620 0.132161
0 0.910800 0.224156 0.043620 0.132161
0 0.587956 0.269244 0.043620 0.132161
0 0.952222 0.220511 0.043620 0.132161
0 0.838933 0.235133 0.043620 0.132161
0 0.737800 0.246089 0.043620 0.132161
0 0.295556 0.419089 0.043620 0.132161
0 0.369867 0.413000 0.043620 0.132161
0 0.273622 0.319200 0.043620 0.132161
0 0.166422 0.433711 0.043620 0.132161
0 0.681756 0.382533 0.043620 0.132161
0 0.151800 0.433711 0.043620 0.132161
0 0.717089 0.377667 0.043620 0.132161
0 0.552622 0.529956 0.043620 0.132161
0 0.481956 0.282644 0.043620 0.132161
0 0.307733 0.671289 0.043620 0.132161
0 0.291889 0.315533 0.043620 0.132161
0 0.455156 0.286289 0.043620 0.132161
0 0.605000 0.677378 0.043620 0.132161
0 0.474644 0.399600 0.043620 0.132161
0 0.980244 0.350867 0.043620 0.132161
0 0.210267 0.428844 0.043620 0.132161
0 0.416178 0.408133 0.043620 0.132161
0 0.445400 0.405689 0.043620 0.132161
0 0.250467 0.321622 0.043620 0.132161
0 0.707356 0.249756 0.043620 0.132161
0 0.336978 0.305778 0.043620 0.132161
0 0.806044 0.517778 0.043620 0.132161
0 0.586733 0.393511 0.043620 0.132161
0 0.804822 0.237556 0.043620 0.132161
0 0.160311 0.671289 0.043620 0.132161
0 0.252911 0.423956 0.043620 0.132161