0 0.211045 0.724840 0.040829 0.052951
0 0.514440 0.502500 0.040829 0.052951
0 0.046530 0.963936 0.040829 0.052951
0 0.201418 0.750691 0.040829 0.052951
0 0.826381 0.033404 0.040829 0.052951
0 0.052948 0.884894 0.040829 0.052951
0 0.488806 0.409574 0.040829 0.052951
0 0.094590 0.880160 0.040829 0.052951
0 0.566791 0.274043 0.040829 0.052951
0 0.096716 0.837500 0.040829 0.052951
0 0.479179 0.826862 0.040829 0.052951
0 0.271940 0.574202 0.040829 0.052951
0 0.716343 0.203989 0.040829 0.052951
0 0.168321 0.896915 0.040829 0.052951
0 0.295448 0.622766 0.040829 0.052951
0 0.634104 0.475053 0.040829 0.052951
0 0.488806 0.348670 0.040829 0.052951
0 0.215299 0.696064 0.040829 0.052951
0 0.370224 0.507181 0.040829 0.052951
0 0.435373 0.452234 0.040829 0.052951
0 0.800746 0.257447 0.040829 0.052951
0 0.354179 0.758351 0.040829 0.052951
0 0.073246 0.892500 0.040829 0.052951
0 0.689627 0.150691 0.040829 0.052951
0 0.253769 0.743085 0.040829 0.052951
0 0.609515 0.498085 0.040829 0.052951
0 0.784739 0.076064 0.040829 0.052951
0 0.606306 0.293989 0.040829 0.052951
0 0.198209 0.927500 0.040829 0.052951
0 0.315746 0.540691 0.040829 0.052951
0 0.595634 0.251330 0.040829 0.052951
0 0.748396 0.099043 0.040829 0.052951
0 0.653321 0.202447 0.040829 0.052951
0 0.754813 0.038138 0.040829 0.052951
0 0.159776 0.744787 0.040829 0.052951
0 0.688582 0.361011 0.040829 0.052951
0 0.718507 0.092819 0.040829 0.052951
0 0.469590 0.380798 0.040829 0.052951
0 0.144813 0.714149 0.040829 0.052951
0 0.674701 0.213138 0.040829 0.052951
0 0.635149 0.277234 0.040829 0.052951
0 0.202500 0.677766 0.040829 0.052951
0 0.831716 0.001596 0.040829 0.052951
0 0.326418 0.575745 0.040829 0.052951
0 0.052948 0.924468 0.040829 0.052951
0 0.080709 0.928883 0.040829 0.052951
0 0.390522 0.507181 0.040829 0.052951
0 0.633022 0.191968 0.040829 0.052951
0 0.033694 0.950372 0.040829 0.052951
0 0.279403 0.603138 0.040829 0.052951
0 0.111679 0.884894 0.040829 0.052951
0 0.640485 0.433936 0.040829 0.052951
0 0.145858 0.965426 0.040829 0.052951
0 0.177910 0.921277 0.040829 0.052951
0 0.876604 0.062500 0.040829 0.052951
0 0.826381 0.181277 0.040829 0.052951
0 0.155485 0.811649 0.040829 0.052951
0 0.260187 0.651862 0.040829 0.052951
0 0.899030 0.056436 0.040829 0.052951
0 0.182201 0.735638 0.040829 0.052951
0 0.155485 0.893883 0.040829 0.052951
0 0.229216 0.702128 0.040829 0.052951
0 0.729179 0.156915 0.040829 0.052951
0 0.395858 0.476596 0.040829 0.052951
0 0.255896 0.698936 0.040829 0.052951
0 0.134142 0.866596 0.040829 0.052951
0 0.662948 0.420372 0.040829 0.052951
0 0.432164 0.673032 0.040829 0.052951
0 0.565709 0.312287 0.040829 0.052951
0 0.620187 0.257447 0.040829 0.052951
0 0.862724 0.074521 0.040829 0.052951
0 0.370224 0.472181 0.040829 0.052951