0 0.560463 0.722526 0.077323 0.107639
0 0.540386 0.371649 0.077323 0.107639
0 0.337799 0.372835 0.077323 0.107639
0 0.167143 0.499588 0.077323 0.107639
0 0.533089 0.251031 0.077323 0.107639
0 0.620695 0.548299 0.077323 0.107639
0 0.747529 0.313144 0.077323 0.107639
0 0.179923 0.360670 0.077323 0.107639
0 0.421737 0.679897 0.077323 0.107639
0 0.255637 0.439845 0.077323 0.107639
0 0.335058 0.493454 0.077323 0.107639
0 0.801351 0.673763 0.077323 0.107639
0 0.422664 0.411856 0.077323 0.107639
0 0.760309 0.419175 0.077323 0.107639
0 0.240154 0.678660 0.077323 0.107639
0 0.697336 0.484948 0.077323 0.107639
0 0.778533 0.542216 0.077323 0.107639
0 0.617027 0.431340 0.077323 0.107639
0 0.145212 0.650619 0.077323 0.107639
0 0.341429 0.248608 0.077323 0.107639
0 0.679073 0.370412 0.077323 0.107639
0 0.428108 0.188918 0.077323 0.107639
0 0.341429 0.627474 0.077323 0.107639
0 0.556795 0.617732 0.077323 0.107639
0 0.265676 0.308299 0.077323 0.107639
0 0.423552 0.286340 0.077323 0.107639
0 0.247452 0.570206 0.077323 0.107639
0 0.269344 0.201082 0.077323 0.107639
0 0.703707 0.609227 0.077323 0.107639
0 0.608803 0.310722 0.077323 0.107639
0 0.725637 0.728608 0.077323 0.107639
0 0.673591 0.259536 0.077323 0.107639
0 0.552239 0.484948 0.077323 0.107639
0 0.193591 0.247371 0.077323 0.107639
0 0.636178 0.682320 0.077323 0.107639
0 0.414440 0.537320 0.077323 0.107639