0 0.956195 0.446368 0.138072 0.098958
0 0.343459 0.572101 0.138072 0.098958
0 0.827752 0.382042 0.138072 0.098958
0 0.429792 0.382042 0.138072 0.098958
0 0.404523 0.820640 0.138072 0.098958
0 0.688783 0.171515 0.138072 0.098958
0 0.398207 0.477071 0.138072 0.098958
0 0.360304 0.909821 0.138072 0.098958
0 0.295030 0.678826 0.138072 0.098958
0 0.823542 0.241690 0.138072 0.098958
0 0.503487 0.186134 0.138072 0.098958
0 0.720367 0.311865 0.138072 0.098958
0 0.575079 0.415668 0.138072 0.098958
0 0.526650 0.513620 0.138072 0.098958
0 0.484537 0.042859 0.138072 0.098958
0 0.215016 0.886429 0.138072 0.098958
0 0.486642 0.614499 0.138072 0.098958
0 0.257130 0.779703 0.138072 0.098958
0 0.379254 0.113034 0.138072 0.098958
0 0.935140 0.297246 0.138072 0.098958
0 0.587711 0.104263 0.138072 0.098958
0 0.602451 0.247539 0.138072 0.098958
0 0.438213 0.709528 0.138072 0.098958