0 0.222100 0.247840 0.041260 0.283854
0 0.494450 0.690200 0.041260 0.283854
0 0.563487 0.212300 0.041260 0.283854
0 0.156738 0.255960 0.041260 0.283854
0 0.475275 0.222460 0.041260 0.283854
0 0.662475 0.211280 0.041260 0.283854
0 0.062312 0.742980 0.041260 0.283854
0 0.139100 0.732840 0.041260 0.283854
0 0.908238 0.671400 0.041260 0.283854
0 0.442287 0.225500 0.041260 0.283854
0 0.253312 0.718620 0.041260 0.283854
0 0.279200 0.242760 0.041260 0.283854
0 0.764000 0.195040 0.041260 0.283854
0 0.537463 0.214340 0.041260 0.283854
0 0.326925 0.712520 0.041260 0.283854
0 0.215875 0.718620 0.041260 0.283854
0 0.628837 0.213320 0.041260 0.283854
0 0.373125 0.227540 0.041260 0.283854
0 0.500663 0.223480 0.041260 0.283854
0 0.294562 0.712520 0.041260 0.283854
0 0.170187 0.728780 0.041260 0.283854
0 0.732913 0.201140 0.041260 0.283854
0 0.595850 0.211280 0.041260 0.283854
0 0.864887 0.665520 0.041260 0.283854
0 0.785000 0.675680 0.041260 0.283854
0 0.824150 0.667140 0.041260 0.283854
0 0.793825 0.194020 0.041260 0.283854
0 0.687975 0.679020 0.041260 0.283854
0 0.192275 0.253920 0.041260 0.283854
0 0.344562 0.233620 0.041260 0.283854
0 0.533787 0.687140 0.041260 0.283854
0 0.828725 0.192000 0.041260 0.283854
0 0.458912 0.697300 0.041260 0.283854
0 0.650537 0.683080 0.041260 0.283854
0 0.309025 0.239720 0.041260 0.283854
0 0.571863 0.684100 0.041260 0.283854
0 0.418937 0.695260 0.041260 0.283854
0 0.943638 0.657900 0.041260 0.283854
0 0.100387 0.733840 0.041260 0.283854
0 0.609300 0.685120 0.041260 0.283854
0 0.242400 0.244800 0.041260 0.283854