0 0.646250 0.603041 0.044793 0.110243
0 0.279550 0.948265 0.044793 0.110243
0 0.008825 0.745205 0.044793 0.110243
0 0.850888 0.378097 0.044793 0.110243
0 0.992663 0.490597 0.044793 0.110243
0 0.271450 0.156716 0.044793 0.110243
0 0.636350 0.987892 0.044793 0.110243
0 0.641162 0.519272 0.044793 0.110243
0 0.352488 0.448358 0.044793 0.110243
0 0.482575 0.744907 0.044793 0.110243
0 0.915575 0.533843 0.044793 0.110243
0 0.980100 0.024776 0.044793 0.110243
0 0.711038 0.198134 0.044793 0.110243
0 0.112625 0.398713 0.044793 0.110243
0 0.936838 0.753396 0.044793 0.110243
0 0.121862 0.055560 0.044793 0.110243
0 0.689788 0.358937 0.044793 0.110243
0 0.886413 0.025951 0.044793 0.110243
0 0.643975 0.427071 0.044793 0.110243
0 0.947150 0.136194 0.044793 0.110243
0 0.044038 0.146604 0.044793 0.110243
0 0.856088 0.862668 0.044793 0.110243
0 0.108113 0.893433 0.044793 0.110243
0 0.425613 0.493209 0.044793 0.110243
0 0.789788 0.925466 0.044793 0.110243
0 0.853350 0.023172 0.044793 0.110243
0 0.789025 0.475093 0.044793 0.110243
0 0.498738 0.418750 0.044793 0.110243
0 0.906138 0.617332 0.044793 0.110243
0 0.246900 0.586847 0.044793 0.110243
0 0.424738 0.020485 0.044793 0.110243
0 0.702013 0.105466 0.044793 0.110243
0 0.844137 0.187593 0.044793 0.110243
0 0.598513 0.267537 0.044793 0.110243
0 0.387062 0.587127 0.044793 0.110243
0 0.782987 0.382463 0.044793 0.110243
0 0.731238 0.838022 0.044793 0.110243
0 0.551875 0.944235 0.044793 0.110243
0 0.099012 0.306493 0.044793 0.110243
0 0.368663 0.919832 0.044793 0.110243
0 0.199913 0.510392 0.044793 0.110243
0 0.319163 0.647444 0.044793 0.110243
0 0.076838 0.658899 0.044793 0.110243
0 0.699500 0.742593 0.044793 0.110243
0 0.164600 0.708675 0.044793 0.110243
0 0.266613 0.823377 0.044793 0.110243
0 0.316700 0.540000 0.044793 0.110243
0 0.457925 0.192873 0.044793 0.110243
0 0.197838 0.047090 0.044793 0.110243
0 0.852150 0.467332 0.044793 0.110243
0 0.122275 0.506175 0.044793 0.110243
0 0.548188 0.689347 0.044793 0.110243
0 0.360438 0.235131 0.044793 0.110243
0 0.769813 0.156511 0.044793 0.110243
0 0.250975 0.688358 0.044793 0.110243
0 0.681288 0.022593 0.044793 0.110243
0 0.122825 0.138153 0.044793 0.110243
0 0.833975 0.128358 0.044793 0.110243
0 0.418988 0.817295 0.044793 0.110243
0 0.916275 0.065896 0.044793 0.110243
0 0.461863 0.938097 0.044793 0.110243
0 0.921313 0.362799 0.044793 0.110243
0 0.810675 0.064216 0.044793 0.110243
0 0.338537 0.031940 0.044793 0.110243
0 0.614975 0.355541 0.044793 0.110243
0 0.412025 0.142929 0.044793 0.110243
0 0.665375 0.270746 0.044793 0.110243
0 0.187037 0.928974 0.044793 0.110243
0 0.721913 0.623358 0.044793 0.110243
0 0.944875 0.318862 0.044793 0.110243
0 0.610325 0.034720 0.044793 0.110243
0 0.023075 0.326810 0.044793 0.110243
0 0.562925 0.604757 0.044793 0.110243
0 0.746000 0.020690 0.044793 0.110243
0 0.930250 0.845037 0.044793 0.110243
0 0.211263 0.213433 0.044793 0.110243
0 0.803463 0.004981 0.044793 0.110243
0 0.970675 0.067519 0.044793 0.110243
0 0.784737 0.682892 0.044793 0.110243
0 0.559750 0.794851 0.044793 0.110243
0 0.923225 0.444123 0.044793 0.110243
0 0.267213 0.052388 0.044793 0.110243
0 0.578700 0.178713 0.044793 0.110243
0 0.288488 0.251213 0.044793 0.110243
0 0.853238 0.660336 0.044793 0.110243
0 0.902363 0.220280 0.044793 0.110243
0 0.545238 0.291847 0.044793 0.110243
0 0.866937 0.763974 0.044793 0.110243
0 0.638050 0.104701 0.044793 0.110243
0 0.861938 0.994701 0.044793 0.110243
0 0.718938 0.958582 0.044793 0.110243
0 0.275313 0.448657 0.044793 0.110243
0 0.996838 0.833769 0.044793 0.110243
0 0.890062 0.149907 0.044793 0.110243
0 0.527088 0.206362 0.044793 0.110243
0 0.935275 0.967761 0.044793 0.110243
0 0.411500 0.695466 0.044793 0.110243
0 0.644875 0.203433 0.044793 0.110243
0 0.574900 0.100989 0.044793 0.110243
0 0.780000 0.567948 0.044793 0.110243
0 0.988475 0.164104 0.044793 0.110243
0 0.135313 0.215951 0.044793 0.110243
0 0.868225 0.301362 0.044793 0.110243
0 0.342863 0.143787 0.044793 0.110243
0 0.659888 0.815448 0.044793 0.110243
0 0.753763 0.074795 0.044793 0.110243
0 0.566888 0.497295 0.044793 0.110243
0 0.961825 0.247164 0.044793 0.110243
0 0.572575 0.408451 0.044793 0.110243
0 0.996213 0.970578 0.044793 0.110243
0 0.166612 0.595989 0.044793 0.110243
0 0.729625 0.294422 0.044793 0.110243
0 0.188400 0.804104 0.044793 0.110243
0 0.499888 0.529608 0.044793 0.110243
0 0.981725 0.589832 0.044793 0.110243
0 0.873038 0.062332 0.044793 0.110243
0 0.006088 0.848787 0.044793 0.110243
0 0.336050 0.361213 0.044793 0.110243
0 0.044038 0.234608 0.044793 0.110243
0 0.187450 0.298060 0.044793 0.110243
0 0.087038 0.755354 0.044793 0.110243
0 0.260000 0.348806 0.044793 0.110243
0 0.630613 0.720261 0.044793 0.110243
0 0.198962 0.127463 0.044793 0.110243
0 0.342800 0.755354 0.044793 0.110243
0 0.402950 0.312127 0.044793 0.110243
0 0.036113 0.446119 0.044793 0.110243
0 0.707725 0.541101 0.044793 0.110243
0 0.470963 0.335840 0.044793 0.110243
0 0.711338 0.454534 0.044793 0.110243
0 0.429025 0.394216 0.044793 0.110243
0 0.843125 0.556287 0.044793 0.110243
0 0.969450 0.679384 0.044793 0.110243
0 0.800150 0.306660 0.044793 0.110243
0 0.049313 0.057239 0.044793 0.110243
0 0.781563 0.231175 0.044793 0.110243
0 0.792313 0.786530 0.044793 0.110243
0 0.038050 0.563470 0.044793 0.110243
0 0.531975 0.042313 0.044793 0.110243
0 0.194250 0.409720 0.044793 0.110243
0 0.518663 0.112239 0.044793 0.110243
0 0.478338 0.628582 0.044793 0.110243
0 0.989463 0.418377 0.044793 0.110243
0 0.934438 0.021250 0.044793 0.110243