0 0.015612 0.879944 0.087384 0.131944
0 0.020775 0.589625 0.087384 0.131944
0 0.012175 0.265760 0.087384 0.131944
0 0.105013 0.012852 0.087384 0.131944
0 0.215912 0.019306 0.087384 0.131944
0 0.326812 0.019306 0.087384 0.131944
0 0.437713 0.018011 0.087384 0.131944
0 0.566662 0.014146 0.087384 0.131944
0 0.675850 0.016717 0.087384 0.131944
0 0.805650 0.021876 0.087384 0.131944
0 0.919987 0.020600 0.087384 0.131944
0 0.018188 0.016717 0.087384 0.131944
0 0.047425 0.978011 0.087384 0.131944
0 0.153162 0.987036 0.087384 0.131944
0 0.285550 0.983171 0.087384 0.131944
0 0.394725 0.985760 0.087384 0.131944
0 0.517662 0.984465 0.087384 0.131944
0 0.628563 0.985760 0.087384 0.131944
0 0.746337 0.983171 0.087384 0.131944
0 0.030613 0.113677 0.087384 0.131944
0 0.150737 0.103077 0.087384 0.131944
0 0.266825 0.101557 0.087384 0.131944
0 0.388975 0.101557 0.087384 0.131944
0 0.510112 0.101557 0.087384 0.131944
0 0.632262 0.098518 0.087384 0.131944
0 0.757437 0.101557 0.087384 0.131944
0 0.872512 0.103077 0.087384 0.131944
0 0.986575 0.109137 0.087384 0.131944
0 0.938125 0.265197 0.087384 0.131944
0 0.819012 0.257617 0.087384 0.131944
0 0.693838 0.253077 0.087384 0.131944
0 0.568662 0.256098 0.087384 0.131944
0 0.446512 0.253077 0.087384 0.131944
0 0.324375 0.259137 0.087384 0.131944
0 0.206262 0.259137 0.087384 0.131944
0 0.086137 0.260638 0.087384 0.131944
0 0.027588 0.424278 0.087384 0.131944
0 0.145687 0.425797 0.087384 0.131944
0 0.264812 0.419737 0.087384 0.131944
0 0.386950 0.418218 0.087384 0.131944
0 0.507088 0.413677 0.087384 0.131944
0 0.758437 0.418218 0.087384 0.131944
0 0.881600 0.419737 0.087384 0.131944
0 0.986575 0.419737 0.087384 0.131944
0 0.943175 0.595497 0.087384 0.131944
0 0.818000 0.586398 0.087384 0.131944
0 0.695850 0.581857 0.087384 0.131944
0 0.571688 0.586398 0.087384 0.131944
0 0.448537 0.584897 0.087384 0.131944
0 0.325375 0.578818 0.087384 0.131944
0 0.207275 0.580338 0.087384 0.131944
0 0.080075 0.580338 0.087384 0.131944
0 0.025562 0.743977 0.087384 0.131944
0 0.088150 0.897017 0.087384 0.131944
0 0.144687 0.743977 0.087384 0.131944
0 0.203237 0.898518 0.087384 0.131944
0 0.268850 0.737917 0.087384 0.131944
0 0.326387 0.901557 0.087384 0.131944
0 0.386950 0.742458 0.087384 0.131944
0 0.514150 0.742458 0.087384 0.131944
0 0.637300 0.748518 0.087384 0.131944
0 0.760462 0.743977 0.087384 0.131944
0 0.881600 0.748518 0.087384 0.131944
0 0.989613 0.750038 0.087384 0.131944
0 0.944187 0.903077 0.087384 0.131944
0 0.823050 0.906098 0.087384 0.131944
0 0.693838 0.906098 0.087384 0.131944
0 0.574712 0.903077 0.087384 0.131944
0 0.447525 0.904578 0.087384 0.131944