0 0.066600 0.046312 0.106209 0.085069
0 0.066600 0.169950 0.106209 0.085069
0 0.209633 0.059050 0.106209 0.085069
0 0.216917 0.169950 0.106209 0.085069
0 0.362367 0.049950 0.106209 0.085069
0 0.359933 0.171775 0.106209 0.085069
0 0.510250 0.057225 0.106209 0.085069
0 0.522367 0.184500 0.106209 0.085069
0 0.650850 0.062687 0.106209 0.085069
0 0.662967 0.177225 0.106209 0.085069
0 0.825400 0.059050 0.106209 0.085069
0 0.810850 0.177225 0.106209 0.085069
0 0.953883 0.071775 0.106209 0.085069
0 0.958733 0.191775 0.106209 0.085069
0 0.958733 0.286313 0.106209 0.085069
0 0.944183 0.411775 0.106209 0.085069
0 0.808417 0.288137 0.106209 0.085069
0 0.815700 0.413587 0.106209 0.085069
0 0.665400 0.293588 0.106209 0.085069
0 0.660550 0.409950 0.106209 0.085069
0 0.517517 0.302687 0.106209 0.085069
0 0.522367 0.413587 0.106209 0.085069
0 0.372067 0.286313 0.106209 0.085069
0 0.372067 0.406313 0.106209 0.085069
0 0.209633 0.291775 0.106209 0.085069
0 0.219333 0.411775 0.106209 0.085069
0 0.076300 0.404500 0.106209 0.085069
0 0.061750 0.286313 0.106209 0.085069
0 0.073883 0.500862 0.106209 0.085069
0 0.066600 0.619050 0.106209 0.085069
0 0.226600 0.513587 0.106209 0.085069
0 0.229033 0.626312 0.106209 0.085069
0 0.376917 0.504500 0.106209 0.085069
0 0.374483 0.620862 0.106209 0.085069
0 0.517517 0.517225 0.106209 0.085069
0 0.505400 0.622687 0.106209 0.085069
0 0.653267 0.513587 0.106209 0.085069
0 0.653267 0.624500 0.106209 0.085069
0 0.784183 0.515412 0.106209 0.085069
0 0.784183 0.620862 0.106209 0.085069
0 0.936917 0.509950 0.106209 0.085069
0 0.936917 0.615413 0.106209 0.085069
0 0.936917 0.735412 0.106209 0.085069
0 0.798733 0.728137 0.106209 0.085069
0 0.660550 0.724500 0.106209 0.085069
0 0.522367 0.726312 0.106209 0.085069
0 0.379333 0.729950 0.106209 0.085069
0 0.224183 0.724500 0.106209 0.085069
0 0.081150 0.728137 0.106209 0.085069
0 0.081150 0.831775 0.106209 0.085069
0 0.233883 0.833588 0.106209 0.085069
0 0.372067 0.826312 0.106209 0.085069
0 0.505400 0.829950 0.106209 0.085069
0 0.643583 0.829950 0.106209 0.085069
0 0.781750 0.829950 0.106209 0.085069
0 0.924783 0.835413 0.106209 0.085069
0 0.932067 0.928137 0.106209 0.085069
0 0.793883 0.933587 0.106209 0.085069
0 0.641150 0.933587 0.106209 0.085069
0 0.515083 0.929950 0.106209 0.085069
0 0.372067 0.924500 0.106209 0.085069
0 0.221750 0.929950 0.106209 0.085069
0 0.086000 0.939050 0.106209 0.085069