0 0.196588 0.168183 0.222656 0.269097
0 0.154550 0.372733 0.222656 0.269097
0 0.109088 0.650000 0.222656 0.269097
0 0.323862 0.739400 0.222656 0.269097
0 0.356812 0.404550 0.222656 0.269097
0 0.547725 0.710600 0.222656 0.269097
0 0.611363 0.400000 0.222656 0.269097
0 0.565913 0.168183 0.222656 0.269097
0 0.765912 0.168183 0.222656 0.269097
0 0.961363 0.142417 0.222656 0.269097
0 0.962500 0.295450 0.222656 0.269097
0 0.972725 0.537883 0.222656 0.269097
0 0.831813 0.446967 0.222656 0.269097
0 0.861363 0.693933 0.222656 0.269097