0 0.005044 0.367936 0.053819 0.021701
0 0.005044 0.410019 0.053819 0.021701
0 0.004456 0.452983 0.053819 0.021701
0 0.004456 0.494184 0.053819 0.021701
0 0.007372 0.533640 0.053819 0.021701
0 0.003867 0.573096 0.053819 0.021701
0 0.006208 0.615197 0.053819 0.021701
0 0.005620 0.658161 0.053819 0.021701
0 0.018486 0.678330 0.053819 0.021701
0 0.041890 0.658161 0.053819 0.021701
0 0.070551 0.634484 0.053819 0.021701
0 0.096283 0.615197 0.053819 0.021701
0 0.119687 0.595028 0.053819 0.021701
0 0.142491 0.576604 0.053819 0.021701
0 0.196896 0.531013 0.053819 0.021701
0 0.178173 0.552946 0.053819 0.021701
0 0.220876 0.514353 0.053819 0.021701
0 0.247196 0.494184 0.053819 0.021701
0 0.247772 0.533640 0.053819 0.021701
0 0.219700 0.553809 0.053819 0.021701
0 0.195720 0.573977 0.053819 0.021701
0 0.177584 0.595028 0.053819 0.021701
0 0.144831 0.613433 0.053819 0.021701
0 0.119687 0.632720 0.053819 0.021701
0 0.094531 0.656398 0.053819 0.021701
0 0.068210 0.680957 0.053819 0.021701
0 0.120263 0.679193 0.053819 0.021701
0 0.141327 0.658161 0.053819 0.021701
0 0.179925 0.637111 0.053819 0.021701
0 0.198648 0.617824 0.053819 0.021701
0 0.221452 0.595910 0.053819 0.021701
0 0.247196 0.574859 0.053819 0.021701
0 0.244856 0.616942 0.053819 0.021701
0 0.220288 0.634484 0.053819 0.021701
0 0.196896 0.656398 0.053819 0.021701
0 0.181101 0.676567 0.053819 0.021701
0 0.220288 0.679193 0.053819 0.021701
0 0.246020 0.657280 0.053819 0.021701
0 0.122015 0.346886 0.053819 0.021701
0 0.146008 0.369681 0.053819 0.021701
0 0.176421 0.389850 0.053819 0.021701
0 0.194556 0.411764 0.053819 0.021701
0 0.223217 0.431051 0.053819 0.021701
0 0.245444 0.454728 0.053819 0.021701
0 0.218536 0.475779 0.053819 0.021701
0 0.193967 0.453865 0.053819 0.021701
0 0.176421 0.435441 0.053819 0.021701
0 0.144831 0.409137 0.053819 0.021701
0 0.120263 0.390732 0.053819 0.021701
0 0.093942 0.373189 0.053819 0.021701
0 0.048323 0.368799 0.053819 0.021701
0 0.019662 0.390732 0.053819 0.021701
0 0.045394 0.409137 0.053819 0.021701
0 0.069374 0.391595 0.053819 0.021701
0 0.092190 0.410019 0.053819 0.021701
0 0.119099 0.431051 0.053819 0.021701
0 0.145419 0.452101 0.053819 0.021701
0 0.177584 0.474015 0.053819 0.021701
0 0.195131 0.494184 0.053819 0.021701
0 0.178761 0.514353 0.053819 0.021701
0 0.146583 0.532777 0.053819 0.021701
0 0.119099 0.513471 0.053819 0.021701
0 0.142491 0.492439 0.053819 0.021701
0 0.120851 0.471388 0.053819 0.021701
0 0.094531 0.492439 0.053819 0.021701
0 0.093942 0.531895 0.053819 0.021701
0 0.048911 0.536285 0.053819 0.021701
0 0.020826 0.430188 0.053819 0.021701
0 0.043642 0.451220 0.053819 0.021701
0 0.047146 0.493321 0.053819 0.021701
0 0.043642 0.572233 0.053819 0.021701
0 0.017322 0.635366 0.053819 0.021701
0 0.041890 0.613433 0.053819 0.021701
0 0.068798 0.595910 0.053819 0.021701
0 0.094531 0.575741 0.053819 0.021701
0 0.117922 0.555572 0.053819 0.021701
0 0.018486 0.553809 0.053819 0.021701
0 0.019662 0.517861 0.053819 0.021701
0 0.072303 0.512608 0.053819 0.021701
0 0.072303 0.473152 0.053819 0.021701
0 0.026683 0.478405 0.053819 0.021701
0 0.095119 0.451220 0.053819 0.021701
0 0.070551 0.430188 0.053819 0.021701
0 0.017910 0.595910 0.053819 0.021701
0 0.069374 0.555572 0.053819 0.021701
0 0.769524 0.265347 0.053819 0.021701
0 0.773617 0.307430 0.053819 0.021701
0 0.771865 0.353902 0.053819 0.021701
0 0.768348 0.393358 0.053819 0.021701
0 0.773617 0.431932 0.053819 0.021701
0 0.773617 0.476660 0.053819 0.021701
0 0.770688 0.514353 0.053819 0.021701
0 0.773029 0.555572 0.053819 0.021701
0 0.745544 0.577486 0.053819 0.021701
0 0.744368 0.494184 0.053819 0.021701
0 0.743780 0.453865 0.053819 0.021701
0 0.744368 0.413527 0.053819 0.021701
0 0.945582 0.413527 0.053819 0.021701
0 0.918085 0.392477 0.053819 0.021701
0 0.895282 0.373189 0.053819 0.021701
0 0.868961 0.353021 0.053819 0.021701
0 0.846145 0.331970 0.053819 0.021701
0 0.821577 0.310056 0.053819 0.021701
0 0.795845 0.331970 0.053819 0.021701
0 0.819825 0.350394 0.053819 0.021701
0 0.797597 0.373189 0.053819 0.021701
0 0.820413 0.391595 0.053819 0.021701
0 0.845557 0.372308 0.053819 0.021701
0 0.867785 0.392477 0.053819 0.021701
0 0.895282 0.411764 0.053819 0.021701
0 0.921014 0.432814 0.053819 0.021701
0 0.898786 0.453865 0.053819 0.021701
0 0.871302 0.474015 0.053819 0.021701
0 0.843805 0.495066 0.053819 0.021701
0 0.818073 0.516116 0.053819 0.021701
0 0.797009 0.535403 0.053819 0.021701
0 0.795257 0.494184 0.053819 0.021701
0 0.819237 0.474015 0.053819 0.021701
0 0.844981 0.456492 0.053819 0.021701
0 0.869537 0.434559 0.053819 0.021701
0 0.844981 0.412645 0.053819 0.021701
0 0.797009 0.414390 0.053819 0.021701
0 0.819237 0.434559 0.053819 0.021701
0 0.792916 0.452983 0.053819 0.021701
0 0.120851 0.268837 0.053819 0.021701
0 0.141327 0.283752 0.053819 0.021701
0 0.121439 0.305666 0.053819 0.021701
0 0.144831 0.325835 0.053819 0.021701
0 0.177009 0.350394 0.053819 0.021701
0 0.197472 0.368799 0.053819 0.021701
0 0.220876 0.389850 0.053819 0.021701
0 0.247196 0.411764 0.053819 0.021701
0 0.248360 0.368799 0.053819 0.021701
0 0.246608 0.328462 0.053819 0.021701
0 0.245444 0.289887 0.053819 0.021701
0 0.244856 0.245178 0.053819 0.021701
0 0.219111 0.268837 0.053819 0.021701
0 0.219111 0.310938 0.053819 0.021701
0 0.177584 0.310056 0.053819 0.021701
0 0.197472 0.331107 0.053819 0.021701
0 0.219700 0.347767 0.053819 0.021701
0 0.196896 0.286379 0.053819 0.021701
0 0.121439 0.105760 0.053819 0.021701
0 0.119687 0.146098 0.053819 0.021701
0 0.146008 0.168011 0.053819 0.021701
0 0.194556 0.165385 0.053819 0.021701
0 0.222628 0.144334 0.053819 0.021701
0 0.222628 0.107505 0.053819 0.021701
0 0.223217 0.063677 0.053819 0.021701
0 0.223217 0.020713 0.053819 0.021701
0 0.196308 0.045253 0.053819 0.021701
0 0.171151 0.062795 0.053819 0.021701
0 0.196308 0.085591 0.053819 0.021701
0 0.170563 0.105760 0.053819 0.021701
0 0.196308 0.125929 0.053819 0.021701
0 0.172328 0.146098 0.053819 0.021701
0 0.147171 0.124165 0.053819 0.021701
0 0.220288 0.185553 0.053819 0.021701
0 0.244856 0.207467 0.053819 0.021701
0 0.244856 0.165385 0.053819 0.021701
0 0.244268 0.006679 0.053819 0.021701
0 0.245444 0.041745 0.053819 0.021701
0 0.244856 0.085591 0.053819 0.021701
0 0.245444 0.125929 0.053819 0.021701
0 0.294568 0.004916 0.053819 0.021701
0 0.344869 0.004053 0.053819 0.021701
0 0.395757 0.006679 0.053819 0.021701
0 0.698160 0.006679 0.053819 0.021701
0 0.644355 0.008424 0.053819 0.021701
0 0.595219 0.008424 0.053819 0.021701
0 0.543154 0.008424 0.053819 0.021701
0 0.493442 0.006679 0.053819 0.021701
0 0.443141 0.008424 0.053819 0.021701
0 0.605982 0.761538 0.053819 0.021701
0 0.728636 0.862026 0.053819 0.021701
0 0.271589 0.265872 0.053819 0.021701
0 0.271589 0.311107 0.053819 0.021701
0 0.272991 0.351088 0.053819 0.021701
0 0.270175 0.388968 0.053819 0.021701
0 0.268773 0.433171 0.053819 0.021701
0 0.270175 0.471051 0.053819 0.021701
0 0.270175 0.512083 0.053819 0.021701
0 0.270175 0.554165 0.053819 0.021701
0 0.269474 0.596248 0.053819 0.021701
0 0.270876 0.636229 0.053819 0.021701
0 0.269474 0.677280 0.053819 0.021701
0 0.294743 0.289006 0.053819 0.021701
0 0.296846 0.331107 0.053819 0.021701
0 0.295444 0.368987 0.053819 0.021701
0 0.295444 0.411069 0.053819 0.021701
0 0.296145 0.453152 0.053819 0.021701
0 0.295444 0.492083 0.053819 0.021701
0 0.296145 0.533114 0.053819 0.021701
0 0.298260 0.575216 0.053819 0.021701
0 0.296145 0.615197 0.053819 0.021701
0 0.299662 0.656229 0.053819 0.021701
0 0.320013 0.269024 0.053819 0.021701
0 0.320713 0.311107 0.053819 0.021701
0 0.322115 0.352139 0.053819 0.021701
0 0.320713 0.391069 0.053819 0.021701
0 0.320713 0.432101 0.053819 0.021701
0 0.320013 0.474203 0.053819 0.021701
0 0.320713 0.509981 0.053819 0.021701
0 0.320013 0.551013 0.053819 0.021701
0 0.321414 0.594146 0.053819 0.021701
0 0.321414 0.636229 0.053819 0.021701
0 0.321414 0.679381 0.053819 0.021701
0 0.346683 0.656229 0.053819 0.021701
0 0.368448 0.679381 0.053819 0.021701
0 0.418986 0.680432 0.053819 0.021701
0 0.423191 0.352139 0.053819 0.021701
0 0.373354 0.351088 0.053819 0.021701
0 0.473730 0.353189 0.053819 0.021701
0 0.520763 0.351088 0.053819 0.021701
0 0.572703 0.352139 0.053819 0.021701
0 0.621827 0.350038 0.053819 0.021701
0 0.666758 0.351088 0.053819 0.021701
0 0.722904 0.352139 0.053819 0.021701
0 0.697635 0.373189 0.053819 0.021701
0 0.720801 0.393171 0.053819 0.021701
0 0.722904 0.433171 0.053819 0.021701
0 0.720801 0.469981 0.053819 0.021701
0 0.720801 0.512083 0.053819 0.021701
0 0.722203 0.553114 0.053819 0.021701
0 0.720801 0.593096 0.053819 0.021701
0 0.720801 0.635178 0.053819 0.021701
0 0.717985 0.674109 0.053819 0.021701
0 0.675181 0.678330 0.053819 0.021701
0 0.621126 0.676210 0.053819 0.021701
0 0.567785 0.678330 0.053819 0.021701
0 0.522165 0.680432 0.053819 0.021701
0 0.470926 0.684634 0.053819 0.021701
0 0.345982 0.371088 0.053819 0.021701
0 0.395119 0.373189 0.053819 0.021701
0 0.366345 0.393171 0.053819 0.021701
0 0.345982 0.415272 0.053819 0.021701
0 0.369850 0.430000 0.053819 0.021701
0 0.343179 0.452101 0.053819 0.021701
0 0.369149 0.474203 0.053819 0.021701
0 0.343179 0.494184 0.053819 0.021701
0 0.369850 0.512083 0.053819 0.021701
0 0.367046 0.554165 0.053819 0.021701
0 0.393016 0.533114 0.053819 0.021701
0 0.345982 0.533114 0.053819 0.021701
0 0.346683 0.573096 0.053819 0.021701
0 0.342478 0.618349 0.053819 0.021701
0 0.369850 0.597298 0.053819 0.021701
0 0.395119 0.573096 0.053819 0.021701
0 0.395119 0.616248 0.053819 0.021701
0 0.366345 0.637280 0.053819 0.021701
0 0.395820 0.656229 0.053819 0.021701
0 0.444543 0.658424 0.053819 0.021701
0 0.494380 0.661576 0.053819 0.021701
0 0.546320 0.658424 0.053819 0.021701
0 0.595457 0.661576 0.053819 0.021701
0 0.572991 0.639475 0.053819 0.021701
0 0.542165 0.617392 0.053819 0.021701
0 0.518949 0.598443 0.053819 0.021701
0 0.516834 0.391163 0.053819 0.021701
0 0.518949 0.432195 0.053819 0.021701
0 0.522453 0.471126 0.053819 0.021701
0 0.522453 0.515328 0.053819 0.021701
0 0.521051 0.554259 0.053819 0.021701
0 0.471915 0.557411 0.053819 0.021701
0 0.420676 0.556360 0.053819 0.021701
0 0.446646 0.576341 0.053819 0.021701
0 0.419274 0.597392 0.053819 0.021701
0 0.445244 0.614221 0.053819 0.021701
0 0.419975 0.639475 0.053819 0.021701
0 0.468461 0.639475 0.053819 0.021701
0 0.495081 0.617392 0.053819 0.021701
0 0.471214 0.597392 0.053819 0.021701
0 0.519650 0.637373 0.053819 0.021701
0 0.622829 0.636323 0.053819 0.021701
0 0.669149 0.637373 0.053819 0.021701
0 0.648098 0.656323 0.053819 0.021701
0 0.697284 0.658424 0.053819 0.021701
0 0.746358 0.656323 0.053819 0.021701
0 0.444543 0.370113 0.053819 0.021701
0 0.419274 0.392214 0.053819 0.021701
0 0.421377 0.430094 0.053819 0.021701
0 0.422778 0.469024 0.053819 0.021701
0 0.420676 0.514278 0.053819 0.021701
0 0.395407 0.410094 0.053819 0.021701
0 0.395407 0.450094 0.053819 0.021701
0 0.394768 0.492176 0.053819 0.021701
0 0.469111 0.392214 0.053819 0.021701
0 0.468461 0.433246 0.053819 0.021701
0 0.469111 0.472176 0.053819 0.021701
0 0.471214 0.511107 0.053819 0.021701
0 0.445244 0.536360 0.053819 0.021701
0 0.444543 0.491126 0.053819 0.021701
0 0.444543 0.453246 0.053819 0.021701
0 0.445244 0.413265 0.053819 0.021701
0 0.495782 0.412214 0.053819 0.021701
0 0.497184 0.453246 0.053819 0.021701
0 0.495782 0.495328 0.053819 0.021701
0 0.497184 0.534259 0.053819 0.021701
0 0.495782 0.575291 0.053819 0.021701
0 0.495081 0.370113 0.053819 0.021701
0 0.544919 0.371163 0.053819 0.021701
0 0.594043 0.372233 0.053819 0.021701
0 0.644581 0.372233 0.053819 0.021701
0 0.669149 0.391163 0.053819 0.021701
0 0.671252 0.431144 0.053819 0.021701
0 0.693717 0.413265 0.053819 0.021701
0 0.643942 0.413265 0.053819 0.021701
0 0.621427 0.392214 0.053819 0.021701
0 0.595457 0.413265 0.053819 0.021701
0 0.568773 0.392214 0.053819 0.021701
0 0.544919 0.413265 0.053819 0.021701
0 0.569487 0.433246 0.053819 0.021701
0 0.548423 0.449024 0.053819 0.021701
0 0.570889 0.473227 0.053819 0.021701
0 0.547021 0.492176 0.053819 0.021701
0 0.597559 0.453246 0.053819 0.021701
0 0.620013 0.432195 0.053819 0.021701
0 0.648098 0.454296 0.053819 0.021701
0 0.672666 0.471126 0.053819 0.021701
0 0.696521 0.492176 0.053819 0.021701
0 0.670551 0.515328 0.053819 0.021701
0 0.647397 0.534259 0.053819 0.021701
0 0.620726 0.555310 0.053819 0.021701
0 0.596859 0.574240 0.053819 0.021701
0 0.569487 0.592139 0.053819 0.021701
0 0.596158 0.614221 0.053819 0.021701
0 0.620726 0.596341 0.053819 0.021701
0 0.645282 0.575291 0.053819 0.021701
0 0.673367 0.556360 0.053819 0.021701
0 0.695820 0.536360 0.053819 0.021701
0 0.748461 0.535310 0.053819 0.021701
0 0.697284 0.576341 0.053819 0.021701
0 0.670551 0.596341 0.053819 0.021701
0 0.646696 0.613171 0.053819 0.021701
0 0.697922 0.617392 0.053819 0.021701
0 0.622128 0.472176 0.053819 0.021701
0 0.646696 0.494278 0.053819 0.021701
0 0.620726 0.515328 0.053819 0.021701
0 0.596158 0.533208 0.053819 0.021701
0 0.595457 0.493227 0.053819 0.021701
0 0.570889 0.516379 0.053819 0.021701
0 0.546320 0.534259 0.053819 0.021701
0 0.546320 0.572139 0.053819 0.021701
0 0.570188 0.554259 0.053819 0.021701
0 0.693717 0.452195 0.053819 0.021701
0 0.145945 0.007636 0.053819 0.021701
0 0.194781 0.006417 0.053819 0.021701
0 0.120676 0.025347 0.053819 0.021701
0 0.145069 0.041745 0.053819 0.021701
0 0.171214 0.025347 0.053819 0.021701
0 0.145945 0.084709 0.053819 0.021701
0 0.120676 0.066998 0.053819 0.021701
0 0.773091 0.680169 0.053819 0.021701
0 0.798824 0.657373 0.053819 0.021701
0 0.822228 0.678405 0.053819 0.021701
0 0.975056 0.681745 0.053819 0.021701
0 0.994944 0.659812 0.053819 0.021701
0 0.970388 0.638780 0.053819 0.021701
0 0.945820 0.657186 0.053819 0.021701
0 0.921840 0.680863 0.053819 0.021701
0 0.872703 0.679118 0.053819 0.021701
0 0.846959 0.659812 0.053819 0.021701
0 0.819474 0.638780 0.053819 0.021701
0 0.768586 0.638780 0.053819 0.021701
0 0.744018 0.616848 0.053819 0.021701
0 0.769174 0.595816 0.053819 0.021701
0 0.796083 0.573884 0.053819 0.021701
0 0.819474 0.552852 0.053819 0.021701
0 0.845207 0.536191 0.053819 0.021701
0 0.869775 0.514278 0.053819 0.021701
0 0.894581 0.495235 0.053819 0.021701
0 0.920951 0.473321 0.053819 0.021701
0 0.948974 0.452627 0.053819 0.021701
0 0.972954 0.473940 0.053819 0.021701
0 0.946170 0.495854 0.053819 0.021701
0 0.919324 0.515328 0.053819 0.021701
0 0.894981 0.534878 0.053819 0.021701
0 0.868135 0.555572 0.053819 0.021701
0 0.844155 0.576867 0.053819 0.021701
0 0.820638 0.596341 0.053819 0.021701
0 0.797071 0.617036 0.053819 0.021701
0 0.846208 0.615797 0.053819 0.021701
0 0.870601 0.596961 0.053819 0.021701
0 0.896158 0.658424 0.053819 0.021701
0 0.919324 0.638330 0.053819 0.021701
0 0.945757 0.617655 0.053819 0.021701
0 0.968861 0.598799 0.053819 0.021701
0 0.947334 0.576266 0.053819 0.021701
0 0.896158 0.576266 0.053819 0.021701
0 0.921364 0.596341 0.053819 0.021701
0 0.894581 0.618874 0.053819 0.021701
0 0.871827 0.638330 0.053819 0.021701
0 0.920551 0.557411 0.053819 0.021701
0 0.947747 0.536623 0.053819 0.021701
0 0.970914 0.514090 0.053819 0.021701
0 0.970088 0.557411 0.053819 0.021701
0 0.971665 0.394240 0.053819 0.021701
0 0.997760 0.412552 0.053819 0.021701
0 0.970325 0.436848 0.053819 0.021701
0 0.993016 0.453583 0.053819 0.021701
0 0.992666 0.495760 0.053819 0.021701
0 0.995069 0.534784 0.053819 0.021701
0 0.994018 0.571876 0.053819 0.021701
0 0.996758 0.616510 0.053819 0.021701
0 0.774906 0.229043 0.053819 0.021701
0 0.797134 0.251839 0.053819 0.021701
0 0.821702 0.270244 0.053819 0.021701
0 0.846258 0.291295 0.053819 0.021701
0 0.873755 0.311463 0.053819 0.021701
0 0.895982 0.333377 0.053819 0.021701
0 0.922303 0.353546 0.053819 0.021701
0 0.947459 0.372833 0.053819 0.021701
0 0.971439 0.351801 0.053819 0.021701
0 0.948035 0.334259 0.053819 0.021701
0 0.969675 0.312345 0.053819 0.021701
0 0.993667 0.291295 0.053819 0.021701
0 0.969675 0.271126 0.053819 0.021701
0 0.995995 0.251839 0.053819 0.021701
0 0.972603 0.227280 0.053819 0.021701
0 0.993667 0.374597 0.053819 0.021701
0 0.995995 0.331632 0.053819 0.021701
0 0.920551 0.311463 0.053819 0.021701
0 0.945695 0.292176 0.053819 0.021701
0 0.945695 0.249212 0.053819 0.021701
0 0.921715 0.228161 0.053819 0.021701
0 0.873755 0.230788 0.053819 0.021701
0 0.822278 0.228161 0.053819 0.021701
0 0.846846 0.250957 0.053819 0.021701
0 0.895394 0.250957 0.053819 0.021701
0 0.918798 0.271126 0.053819 0.021701
0 0.895982 0.291295 0.053819 0.021701
0 0.869662 0.271126 0.053819 0.021701
0 0.744718 0.250432 0.053819 0.021701
0 0.720851 0.227280 0.053819 0.021701
0 0.720851 0.273583 0.053819 0.021701
0 0.721564 0.313565 0.053819 0.021701
0 0.743317 0.335666 0.053819 0.021701
0 0.744718 0.288311 0.053819 0.021701
0 0.696295 0.328293 0.053819 0.021701
0 0.744718 0.373546 0.053819 0.021701
0 0.345344 0.249381 0.053819 0.021701
0 0.372015 0.228330 0.053819 0.021701
0 0.393767 0.206248 0.053819 0.021701
0 0.419737 0.186248 0.053819 0.021701
0 0.442203 0.169418 0.053819 0.021701
0 0.468874 0.146266 0.053819 0.021701
0 0.496245 0.127336 0.053819 0.021701
0 0.520113 0.107336 0.053819 0.021701
0 0.542578 0.084184 0.053819 0.021701
0 0.543279 0.128386 0.053819 0.021701
0 0.546083 0.165197 0.053819 0.021701
0 0.544681 0.209400 0.053819 0.021701
0 0.546083 0.246229 0.053819 0.021701
0 0.543279 0.290413 0.053819 0.021701
0 0.546083 0.332495 0.053819 0.021701
0 0.598023 0.331445 0.053819 0.021701
0 0.647159 0.331445 0.053819 0.021701
0 0.668210 0.308311 0.053819 0.021701
0 0.694881 0.290413 0.053819 0.021701
0 0.694180 0.247280 0.053819 0.021701
0 0.694180 0.211501 0.053819 0.021701
0 0.696295 0.168368 0.053819 0.021701
0 0.696295 0.127336 0.053819 0.021701
0 0.694881 0.086285 0.053819 0.021701
0 0.546083 0.044203 0.053819 0.021701
0 0.570651 0.026323 0.053819 0.021701
0 0.619787 0.026323 0.053819 0.021701
0 0.669625 0.022101 0.053819 0.021701
0 0.647159 0.043152 0.053819 0.021701
0 0.593817 0.044203 0.053819 0.021701
0 0.571352 0.066304 0.053819 0.021701
0 0.595219 0.084184 0.053819 0.021701
0 0.619086 0.106285 0.053819 0.021701
0 0.645056 0.130488 0.053819 0.021701
0 0.670325 0.148368 0.053819 0.021701
0 0.668210 0.103133 0.053819 0.021701
0 0.668911 0.066304 0.053819 0.021701
0 0.689274 0.043152 0.053819 0.021701
0 0.618385 0.064203 0.053819 0.021701
0 0.642240 0.086285 0.053819 0.021701
0 0.597322 0.129437 0.053819 0.021701
0 0.568548 0.106285 0.053819 0.021701
0 0.570651 0.144165 0.053819 0.021701
0 0.569950 0.184146 0.053819 0.021701
0 0.569950 0.229381 0.053819 0.021701
0 0.573454 0.268311 0.053819 0.021701
0 0.569950 0.310413 0.053819 0.021701
0 0.622591 0.309362 0.053819 0.021701
0 0.645757 0.290413 0.053819 0.021701
0 0.596621 0.290413 0.053819 0.021701
0 0.619787 0.268311 0.053819 0.021701
0 0.671026 0.270432 0.053819 0.021701
0 0.646458 0.246229 0.053819 0.021701
0 0.621189 0.224128 0.053819 0.021701
0 0.600839 0.209400 0.053819 0.021701
0 0.596621 0.248330 0.053819 0.021701
0 0.647159 0.207298 0.053819 0.021701
0 0.674531 0.188349 0.053819 0.021701
0 0.645757 0.168368 0.053819 0.021701
0 0.622591 0.147317 0.053819 0.021701
0 0.601539 0.165197 0.053819 0.021701
0 0.620488 0.188349 0.053819 0.021701
0 0.671026 0.225178 0.053819 0.021701
0 0.371314 0.309362 0.053819 0.021701
0 0.347447 0.331445 0.053819 0.021701
0 0.398686 0.327242 0.053819 0.021701
0 0.449224 0.331445 0.053819 0.021701
0 0.499061 0.329343 0.053819 0.021701
0 0.522215 0.308311 0.053819 0.021701
0 0.525031 0.267261 0.053819 0.021701
0 0.473091 0.268311 0.053819 0.021701
0 0.421151 0.269381 0.053819 0.021701
0 0.371314 0.265159 0.053819 0.021701
0 0.346746 0.291463 0.053819 0.021701
0 0.400788 0.286210 0.053819 0.021701
0 0.421852 0.308311 0.053819 0.021701
0 0.446421 0.288311 0.053819 0.021701
0 0.470976 0.308311 0.053819 0.021701
0 0.495544 0.287261 0.053819 0.021701
0 0.520814 0.144165 0.053819 0.021701
0 0.521514 0.185197 0.053819 0.021701
0 0.521514 0.229381 0.053819 0.021701
0 0.494143 0.206248 0.053819 0.021701
0 0.494844 0.170469 0.053819 0.021701
0 0.466771 0.186248 0.053819 0.021701
0 0.445006 0.204128 0.053819 0.021701
0 0.419036 0.227280 0.053819 0.021701
0 0.396583 0.243058 0.053819 0.021701
0 0.445006 0.246229 0.053819 0.021701
0 0.496245 0.249381 0.053819 0.021701
0 0.470275 0.230450 0.053819 0.021701
0 0.002115 0.986961 0.053819 0.021701
0 0.292003 0.043152 0.053819 0.021701
0 0.270238 0.024221 0.053819 0.021701
0 0.320075 0.065253 0.053819 0.021701
0 0.343942 0.084184 0.053819 0.021701
0 0.372015 0.108386 0.053819 0.021701
0 0.396583 0.123114 0.053819 0.021701
0 0.424656 0.147317 0.053819 0.021701
0 0.368498 0.147317 0.053819 0.021701
0 0.324280 0.147317 0.053819 0.021701
0 0.270238 0.145216 0.053819 0.021701
0 0.296909 0.164146 0.053819 0.021701
0 0.324981 0.186248 0.053819 0.021701
0 0.345344 0.206248 0.053819 0.021701
0 0.372015 0.184146 0.053819 0.021701
0 0.345344 0.165197 0.053819 0.021701
0 0.270939 0.189400 0.053819 0.021701
0 0.292003 0.207298 0.053819 0.021701
0 0.322178 0.226229 0.053819 0.021701
0 0.298310 0.249381 0.053819 0.021701
0 0.271640 0.226229 0.053819 0.021701
0 0.272340 0.065253 0.053819 0.021701
0 0.295507 0.082083 0.053819 0.021701
0 0.273742 0.103133 0.053819 0.021701
0 0.320075 0.107336 0.053819 0.021701
0 0.296909 0.124165 0.053819 0.021701
0 0.346746 0.126266 0.053819 0.021701
0 0.397284 0.168368 0.053819 0.021701
0 0.320075 0.024221 0.053819 0.021701
0 0.346746 0.044203 0.053819 0.021701
0 0.369912 0.020000 0.053819 0.021701
0 0.394481 0.045253 0.053819 0.021701
0 0.421852 0.025272 0.053819 0.021701
0 0.470976 0.024221 0.053819 0.021701
0 0.522215 0.023152 0.053819 0.021701
0 0.496245 0.045253 0.053819 0.021701
0 0.447822 0.045253 0.053819 0.021701
0 0.421852 0.065253 0.053819 0.021701
0 0.368498 0.065253 0.053819 0.021701
0 0.394481 0.084184 0.053819 0.021701
0 0.445006 0.086285 0.053819 0.021701
0 0.470976 0.067355 0.053819 0.021701
0 0.519412 0.063152 0.053819 0.021701
0 0.494143 0.086285 0.053819 0.021701
0 0.468874 0.105235 0.053819 0.021701
0 0.421852 0.104184 0.053819 0.021701
0 0.445707 0.127336 0.053819 0.021701
0 0.004643 0.006961 0.053819 0.021701
0 0.047059 0.006961 0.053819 0.021701
0 0.046083 0.047148 0.053819 0.021701
0 0.047059 0.085159 0.053819 0.021701
0 0.045106 0.124615 0.053819 0.021701
0 0.045594 0.166979 0.053819 0.021701
0 0.047059 0.207899 0.053819 0.021701
0 0.045594 0.246642 0.053819 0.021701
0 0.046083 0.288274 0.053819 0.021701
0 0.045594 0.330657 0.053819 0.021701
0 0.021702 0.023039 0.053819 0.021701
0 0.020738 0.068349 0.053819 0.021701
0 0.021702 0.106341 0.053819 0.021701
0 0.020738 0.145797 0.053819 0.021701
0 0.019762 0.186717 0.053819 0.021701
0 0.019762 0.223977 0.053819 0.021701
0 0.021702 0.267092 0.053819 0.021701
0 0.021702 0.308743 0.053819 0.021701
0 0.021702 0.346004 0.053819 0.021701
0 0.004155 0.044240 0.053819 0.021701
0 0.004643 0.085159 0.053819 0.021701
0 0.003680 0.123884 0.053819 0.021701
0 0.004155 0.164071 0.053819 0.021701
0 0.004643 0.204259 0.053819 0.021701
0 0.004643 0.245178 0.053819 0.021701
0 0.004643 0.286829 0.053819 0.021701
0 0.004155 0.329193 0.053819 0.021701
0 0.070939 0.023039 0.053819 0.021701
0 0.070939 0.066154 0.053819 0.021701
0 0.069474 0.104878 0.053819 0.021701
0 0.068498 0.147261 0.053819 0.021701
0 0.068498 0.185253 0.053819 0.021701
0 0.069962 0.226173 0.053819 0.021701
0 0.069962 0.267824 0.053819 0.021701
0 0.070451 0.305816 0.053819 0.021701
0 0.094819 0.008424 0.053819 0.021701
0 0.095307 0.044240 0.053819 0.021701
0 0.095795 0.085891 0.053819 0.021701
0 0.095307 0.125347 0.053819 0.021701
0 0.095795 0.164071 0.053819 0.021701
0 0.094819 0.205722 0.053819 0.021701
0 0.094819 0.246642 0.053819 0.021701
0 0.094330 0.289006 0.053819 0.021701
0 0.094819 0.329925 0.053819 0.021701
0 0.068498 0.347467 0.053819 0.021701
0 0.744080 0.008424 0.053819 0.021701
0 0.795745 0.006961 0.053819 0.021701
0 0.844981 0.006961 0.053819 0.021701
0 0.894205 0.006961 0.053819 0.021701
0 0.944894 0.008424 0.053819 0.021701
0 0.995106 0.008424 0.053819 0.021701
0 0.970738 0.026698 0.053819 0.021701
0 0.919549 0.025966 0.053819 0.021701
0 0.869349 0.025235 0.053819 0.021701
0 0.818661 0.025966 0.053819 0.021701
0 0.768936 0.028161 0.053819 0.021701
0 0.720200 0.028161 0.053819 0.021701
0 0.720200 0.063959 0.053819 0.021701
0 0.719224 0.109268 0.053819 0.021701
0 0.719224 0.147992 0.053819 0.021701
0 0.718248 0.189644 0.053819 0.021701
0 0.745544 0.045704 0.053819 0.021701
0 0.744080 0.088068 0.053819 0.021701
0 0.744568 0.127523 0.053819 0.021701
0 0.745544 0.167711 0.053819 0.021701
0 0.745544 0.208630 0.053819 0.021701
0 0.769912 0.185985 0.053819 0.021701
0 0.795745 0.168443 0.053819 0.021701
0 0.771377 0.147992 0.053819 0.021701
0 0.796233 0.128255 0.053819 0.021701
0 0.794768 0.088068 0.053819 0.021701
0 0.767960 0.066886 0.053819 0.021701
0 0.769912 0.107805 0.053819 0.021701
0 0.820113 0.065422 0.053819 0.021701
0 0.794280 0.047880 0.053819 0.021701
0 0.844493 0.046417 0.053819 0.021701
0 0.895181 0.047148 0.053819 0.021701
0 0.944406 0.047880 0.053819 0.021701
0 0.995106 0.046417 0.053819 0.021701
0 0.970250 0.066886 0.053819 0.021701
0 0.969274 0.110000 0.053819 0.021701
0 0.995106 0.088068 0.053819 0.021701
0 0.996083 0.130450 0.053819 0.021701
0 0.795745 0.210826 0.053819 0.021701
0 0.820113 0.188180 0.053819 0.021701
0 0.848385 0.169174 0.053819 0.021701
0 0.820113 0.148724 0.053819 0.021701
0 0.844493 0.129719 0.053819 0.021701
0 0.820113 0.107805 0.053819 0.021701
0 0.845945 0.088068 0.053819 0.021701
0 0.895181 0.089531 0.053819 0.021701
0 0.869349 0.068349 0.053819 0.021701
0 0.920038 0.067617 0.053819 0.021701
0 0.946358 0.088068 0.053819 0.021701
0 0.919549 0.107805 0.053819 0.021701
0 0.872278 0.107073 0.053819 0.021701
0 0.868861 0.146529 0.053819 0.021701
0 0.869837 0.191107 0.053819 0.021701
0 0.846921 0.207899 0.053819 0.021701
0 0.895181 0.211557 0.053819 0.021701
0 0.895181 0.169906 0.053819 0.021701
0 0.921990 0.150188 0.053819 0.021701
0 0.894205 0.127523 0.053819 0.021701
0 0.945870 0.127523 0.053819 0.021701
0 0.971702 0.149456 0.053819 0.021701
0 0.946358 0.171370 0.053819 0.021701
0 0.922478 0.189644 0.053819 0.021701
0 0.947334 0.210094 0.053819 0.021701
0 0.969274 0.189644 0.053819 0.021701
0 0.992666 0.169906 0.053819 0.021701
0 0.991690 0.210826 0.053819 0.021701
0 0.830350 0.699662 0.053819 0.021701
0 0.828886 0.740582 0.053819 0.021701
0 0.829862 0.779306 0.053819 0.021701
0 0.829374 0.820957 0.053819 0.021701
0 0.829374 0.861876 0.053819 0.021701
0 0.827910 0.901332 0.053819 0.021701
0 0.827434 0.943715 0.053819 0.021701
0 0.827434 0.985366 0.053819 0.021701
0 0.804030 0.966360 0.053819 0.021701
0 0.751877 0.966360 0.053819 0.021701
0 0.735307 0.985366 0.053819 0.021701
0 0.777710 0.986079 0.053819 0.021701
0 0.881539 0.989006 0.053819 0.021701
0 0.931740 0.985366 0.053819 0.021701
0 0.979024 0.984634 0.053819 0.021701
0 0.877635 0.699662 0.053819 0.021701
0 0.853755 0.717917 0.053819 0.021701
0 0.882991 0.742045 0.053819 0.021701
0 0.854243 0.760300 0.053819 0.021701
0 0.855695 0.800488 0.053819 0.021701
0 0.853267 0.843602 0.053819 0.021701
0 0.879587 0.865516 0.053819 0.021701
0 0.854243 0.882326 0.053819 0.021701
0 0.880075 0.904991 0.053819 0.021701
0 0.903467 0.922514 0.053819 0.021701
0 0.879099 0.948086 0.053819 0.021701
0 0.853267 0.926173 0.053819 0.021701
0 0.853267 0.965629 0.053819 0.021701
0 0.903467 0.965629 0.053819 0.021701
0 0.951727 0.968555 0.053819 0.021701
0 0.994618 0.967092 0.053819 0.021701
0 0.929299 0.699662 0.053819 0.021701
0 0.978536 0.699662 0.053819 0.021701
0 0.996571 0.721576 0.053819 0.021701
0 0.955131 0.720113 0.053819 0.021701
0 0.905419 0.721576 0.053819 0.021701
0 0.930275 0.740582 0.053819 0.021701
0 0.955131 0.760300 0.053819 0.021701
0 0.955131 0.801951 0.053819 0.021701
0 0.955131 0.841407 0.053819 0.021701
0 0.952703 0.882326 0.053819 0.021701
0 0.980964 0.905704 0.053819 0.021701
0 0.997059 0.924709 0.053819 0.021701
0 0.977071 0.946623 0.053819 0.021701
0 0.954643 0.924709 0.053819 0.021701
0 0.928811 0.945891 0.053819 0.021701
0 0.928323 0.906435 0.053819 0.021701
0 0.904931 0.886717 0.053819 0.021701
0 0.929787 0.862608 0.053819 0.021701
0 0.928811 0.822420 0.053819 0.021701
0 0.930275 0.781501 0.053819 0.021701
0 0.906395 0.760300 0.053819 0.021701
0 0.879099 0.781501 0.053819 0.021701
0 0.905907 0.799024 0.053819 0.021701
0 0.880075 0.822420 0.053819 0.021701
0 0.904931 0.842871 0.053819 0.021701
0 0.997059 0.760300 0.053819 0.021701
0 0.978536 0.740582 0.053819 0.021701
0 0.980000 0.779306 0.053819 0.021701
0 0.995594 0.800488 0.053819 0.021701
0 0.980000 0.820957 0.053819 0.021701
0 0.997547 0.842871 0.053819 0.021701
0 0.979024 0.863340 0.053819 0.021701
0 0.996083 0.883058 0.053819 0.021701
0 0.036333 0.696735 0.053819 0.021701
0 0.087509 0.696004 0.053819 0.021701
0 0.059725 0.718649 0.053819 0.021701
0 0.085069 0.738386 0.053819 0.021701
0 0.014393 0.716473 0.053819 0.021701
0 0.005131 0.698931 0.053819 0.021701
0 0.004155 0.740582 0.053819 0.021701
0 0.035845 0.736191 0.053819 0.021701
0 0.013905 0.757392 0.053819 0.021701
0 0.036333 0.779306 0.053819 0.021701
0 0.060701 0.758837 0.053819 0.021701
0 0.034380 0.983902 0.053819 0.021701
0 0.084105 0.986811 0.053819 0.021701
0 0.136258 0.985366 0.053819 0.021701
0 0.152340 0.964897 0.053819 0.021701
0 0.132353 0.943715 0.053819 0.021701
0 0.107985 0.963433 0.053819 0.021701
0 0.056320 0.963433 0.053819 0.021701
0 0.009524 0.963433 0.053819 0.021701
0 0.033892 0.942251 0.053819 0.021701
0 0.002703 0.781501 0.053819 0.021701
0 0.001727 0.819493 0.053819 0.021701
0 0.003191 0.860413 0.053819 0.021701
0 0.000751 0.903527 0.053819 0.021701
0 0.010989 0.880863 0.053819 0.021701
0 0.010989 0.922514 0.053819 0.021701
0 0.004155 0.945178 0.053819 0.021701
0 0.033404 0.901332 0.053819 0.021701
0 0.058748 0.881595 0.053819 0.021701
0 0.034380 0.863340 0.053819 0.021701
0 0.059725 0.923977 0.053819 0.021701
0 0.084105 0.945891 0.053819 0.021701
0 0.108961 0.923246 0.053819 0.021701
0 0.152340 0.922514 0.053819 0.021701
0 0.134305 0.900600 0.053819 0.021701
0 0.087021 0.903527 0.053819 0.021701
0 0.109449 0.881595 0.053819 0.021701
0 0.150876 0.880863 0.053819 0.021701
0 0.134305 0.861876 0.053819 0.021701
0 0.152340 0.839944 0.053819 0.021701
0 0.133329 0.820957 0.053819 0.021701
0 0.109449 0.839212 0.053819 0.021701
0 0.083129 0.860413 0.053819 0.021701
0 0.059237 0.842139 0.053819 0.021701
0 0.011965 0.839212 0.053819 0.021701
0 0.035845 0.820225 0.053819 0.021701
0 0.011965 0.799756 0.053819 0.021701
0 0.061677 0.799756 0.053819 0.021701
0 0.109449 0.799024 0.053819 0.021701
0 0.084105 0.821689 0.053819 0.021701
0 0.086045 0.779306 0.053819 0.021701
0 0.110914 0.757392 0.053819 0.021701
0 0.135282 0.779306 0.053819 0.021701
0 0.154781 0.799024 0.053819 0.021701
0 0.154781 0.761032 0.053819 0.021701
0 0.135770 0.739850 0.053819 0.021701
0 0.152340 0.719381 0.053819 0.021701
0 0.137722 0.699662 0.053819 0.021701
0 0.113342 0.719381 0.053819 0.021701
0 0.184018 0.696735 0.053819 0.021701
0 0.233254 0.699662 0.053819 0.021701
0 0.282966 0.698199 0.053819 0.021701
0 0.334155 0.698199 0.053819 0.021701
0 0.386308 0.698199 0.053819 0.021701
0 0.434068 0.698199 0.053819 0.021701
0 0.480864 0.698199 0.053819 0.021701
0 0.530588 0.697467 0.053819 0.021701
0 0.579812 0.702589 0.053819 0.021701
0 0.628561 0.699662 0.053819 0.021701
0 0.605645 0.720844 0.053819 0.021701
0 0.556909 0.719381 0.053819 0.021701
0 0.507672 0.720844 0.053819 0.021701
0 0.457960 0.719381 0.053819 0.021701
0 0.407259 0.719381 0.053819 0.021701
0 0.362416 0.719381 0.053819 0.021701
0 0.311239 0.718649 0.053819 0.021701
0 0.259086 0.717205 0.053819 0.021701
0 0.212778 0.719381 0.053819 0.021701
0 0.185970 0.740582 0.053819 0.021701
0 0.209374 0.759568 0.053819 0.021701
0 0.207910 0.798293 0.053819 0.021701
0 0.208398 0.840675 0.053819 0.021701
0 0.207422 0.883790 0.053819 0.021701
0 0.207910 0.922514 0.053819 0.021701
0 0.209374 0.962702 0.053819 0.021701
0 0.186946 0.986079 0.053819 0.021701
0 0.184018 0.943715 0.053819 0.021701
0 0.184018 0.903527 0.053819 0.021701
0 0.182078 0.860413 0.053819 0.021701
0 0.183529 0.822420 0.053819 0.021701
0 0.184018 0.780769 0.053819 0.021701
0 0.779662 0.696735 0.053819 0.021701
0 0.726533 0.698931 0.053819 0.021701
0 0.679249 0.701126 0.053819 0.021701
0 0.652441 0.720113 0.053819 0.021701
0 0.631477 0.739118 0.053819 0.021701
0 0.655857 0.760300 0.053819 0.021701
0 0.629537 0.780038 0.053819 0.021701
0 0.654881 0.801951 0.053819 0.021701
0 0.679249 0.822420 0.053819 0.021701
0 0.679737 0.781501 0.053819 0.021701
0 0.705569 0.763227 0.053819 0.021701
0 0.731890 0.742045 0.053819 0.021701
0 0.681202 0.740582 0.053819 0.021701
0 0.705081 0.719381 0.053819 0.021701
0 0.754806 0.720113 0.053819 0.021701
0 0.804030 0.719381 0.053819 0.021701
0 0.806959 0.761032 0.053819 0.021701
0 0.778686 0.741313 0.053819 0.021701
0 0.756258 0.759568 0.053819 0.021701
0 0.779662 0.781501 0.053819 0.021701
0 0.805982 0.801951 0.053819 0.021701
0 0.775757 0.822420 0.053819 0.021701
0 0.728486 0.781501 0.053819 0.021701
0 0.755782 0.800488 0.053819 0.021701
0 0.727021 0.822420 0.053819 0.021701
0 0.705081 0.801951 0.053819 0.021701
0 0.802566 0.842871 0.053819 0.021701
0 0.802078 0.885253 0.053819 0.021701
0 0.803054 0.925441 0.053819 0.021701
0 0.751877 0.924709 0.053819 0.021701
0 0.752365 0.883058 0.053819 0.021701
0 0.779174 0.861876 0.053819 0.021701
0 0.751877 0.842139 0.053819 0.021701
0 0.776245 0.945178 0.053819 0.021701
0 0.729449 0.946623 0.053819 0.021701
0 0.778686 0.901332 0.053819 0.021701
0 0.727997 0.904259 0.053819 0.021701
0 0.703129 0.883790 0.053819 0.021701
0 0.702641 0.842871 0.053819 0.021701
0 0.682178 0.986811 0.053819 0.021701
0 0.630025 0.986811 0.053819 0.021701
0 0.581765 0.986079 0.053819 0.021701
0 0.530588 0.986079 0.053819 0.021701
0 0.479887 0.987542 0.053819 0.021701
0 0.429687 0.986079 0.053819 0.021701
0 0.380939 0.986079 0.053819 0.021701
0 0.331227 0.986811 0.053819 0.021701
0 0.355106 0.966360 0.053819 0.021701
0 0.381915 0.944447 0.053819 0.021701
0 0.404831 0.964897 0.053819 0.021701
0 0.455031 0.964165 0.053819 0.021701
0 0.506696 0.966360 0.053819 0.021701
0 0.553004 0.965629 0.053819 0.021701
0 0.604180 0.964897 0.053819 0.021701
0 0.652929 0.965629 0.053819 0.021701
0 0.704593 0.968555 0.053819 0.021701
0 0.680225 0.944447 0.053819 0.021701
0 0.703617 0.923246 0.053819 0.021701
0 0.654881 0.923246 0.053819 0.021701
0 0.629049 0.943715 0.053819 0.021701
0 0.604180 0.923246 0.053819 0.021701
0 0.579812 0.943715 0.053819 0.021701
0 0.556421 0.926904 0.053819 0.021701
0 0.529124 0.944447 0.053819 0.021701
0 0.504756 0.926173 0.053819 0.021701
0 0.479887 0.945178 0.053819 0.021701
0 0.429687 0.945178 0.053819 0.021701
0 0.331227 0.944447 0.053819 0.021701
0 0.332203 0.738386 0.053819 0.021701
0 0.384355 0.737655 0.053819 0.021701
0 0.433592 0.739118 0.053819 0.021701
0 0.483792 0.738386 0.053819 0.021701
0 0.533504 0.741313 0.053819 0.021701
0 0.583229 0.741313 0.053819 0.021701
0 0.582741 0.780769 0.053819 0.021701
0 0.580300 0.822420 0.053819 0.021701
0 0.578836 0.861144 0.053819 0.021701
0 0.580300 0.902795 0.053819 0.021701
0 0.631965 0.905704 0.053819 0.021701
0 0.676320 0.904991 0.053819 0.021701
0 0.677297 0.864803 0.053819 0.021701
0 0.653417 0.841407 0.053819 0.021701
0 0.607109 0.844334 0.053819 0.021701
0 0.629049 0.820957 0.053819 0.021701
0 0.605156 0.800488 0.053819 0.021701
0 0.630025 0.861144 0.053819 0.021701
0 0.654881 0.881595 0.053819 0.021701
0 0.605156 0.885985 0.053819 0.021701
0 0.555932 0.883790 0.053819 0.021701
0 0.530100 0.904259 0.053819 0.021701
0 0.357059 0.882326 0.053819 0.021701
0 0.331227 0.904259 0.053819 0.021701
0 0.381427 0.904259 0.053819 0.021701
0 0.355594 0.925441 0.053819 0.021701
0 0.407259 0.923246 0.053819 0.021701
0 0.456496 0.924709 0.053819 0.021701
0 0.358035 0.761032 0.053819 0.021701
0 0.333179 0.780769 0.053819 0.021701
0 0.332203 0.820225 0.053819 0.021701
0 0.358523 0.802683 0.053819 0.021701
0 0.357547 0.839944 0.053819 0.021701
0 0.331227 0.863340 0.053819 0.021701
0 0.406295 0.760300 0.053819 0.021701
0 0.381427 0.780038 0.053819 0.021701
0 0.383379 0.820225 0.053819 0.021701
0 0.380939 0.863340 0.053819 0.021701
0 0.407747 0.883058 0.053819 0.021701
0 0.406783 0.839212 0.053819 0.021701
0 0.406783 0.799756 0.053819 0.021701
0 0.456984 0.760300 0.053819 0.021701
0 0.506696 0.760300 0.053819 0.021701
0 0.531076 0.781501 0.053819 0.021701
0 0.555932 0.758837 0.053819 0.021701
0 0.553004 0.800488 0.053819 0.021701
0 0.530588 0.820957 0.053819 0.021701
0 0.506208 0.842871 0.053819 0.021701
0 0.531076 0.861144 0.053819 0.021701
0 0.506696 0.885253 0.053819 0.021701
0 0.483304 0.905704 0.053819 0.021701
0 0.433592 0.904991 0.053819 0.021701
0 0.456496 0.883058 0.053819 0.021701
0 0.431151 0.863340 0.053819 0.021701
0 0.456984 0.842139 0.053819 0.021701
0 0.479887 0.822420 0.053819 0.021701
0 0.456984 0.800488 0.053819 0.021701
0 0.482328 0.782233 0.053819 0.021701
0 0.431640 0.782233 0.053819 0.021701
0 0.431640 0.820957 0.053819 0.021701
0 0.480864 0.863340 0.053819 0.021701
0 0.555932 0.842139 0.053819 0.021701
0 0.506208 0.800488 0.053819 0.021701
0 0.235207 0.737655 0.053819 0.021701
0 0.232766 0.777842 0.053819 0.021701
0 0.233742 0.817298 0.053819 0.021701
0 0.233254 0.861144 0.053819 0.021701
0 0.231790 0.902795 0.053819 0.021701
0 0.232766 0.945178 0.053819 0.021701
0 0.232766 0.984634 0.053819 0.021701
0 0.258598 0.966360 0.053819 0.021701
0 0.257134 0.925441 0.053819 0.021701
0 0.258110 0.881595 0.053819 0.021701
0 0.256646 0.841407 0.053819 0.021701
0 0.257134 0.799024 0.053819 0.021701
0 0.258598 0.759568 0.053819 0.021701
0 0.285407 0.740582 0.053819 0.021701
0 0.311727 0.759568 0.053819 0.021701
0 0.283454 0.778574 0.053819 0.021701
0 0.280050 0.819493 0.053819 0.021701
0 0.309287 0.801951 0.053819 0.021701
0 0.305882 0.842871 0.053819 0.021701
0 0.310751 0.880863 0.053819 0.021701
0 0.283454 0.863340 0.053819 0.021701
0 0.306859 0.925441 0.053819 0.021701
0 0.283454 0.904991 0.053819 0.021701
0 0.281502 0.942251 0.053819 0.021701
0 0.308310 0.964165 0.053819 0.021701
0 0.281990 0.984634 0.053819 0.021701