0 0.223379 0.777200 0.103299 0.103299
0 0.323504 0.778713 0.103299 0.103299
0 0.449424 0.792350 0.103299 0.103299
0 0.585957 0.789312 0.103299 0.103299
0 0.693667 0.790837 0.103299 0.103299
0 0.812003 0.792350 0.103299 0.103299
0 0.813517 0.677200 0.103299 0.103299
0 0.684568 0.671137 0.103299 0.103299
0 0.566233 0.671137 0.103299 0.103299
0 0.453980 0.681737 0.103299 0.103299
0 0.332616 0.668100 0.103299 0.103299
0 0.220350 0.672650 0.103299 0.103299
0 0.224906 0.557500 0.103299 0.103299
0 0.238561 0.210525 0.103299 0.103299
0 0.244618 0.334775 0.103299 0.103299
0 0.238561 0.440837 0.103299 0.103299
0 0.361439 0.443862 0.103299 0.103299
0 0.349299 0.562050 0.103299 0.103299
0 0.362954 0.330225 0.103299 0.103299
0 0.359925 0.216588 0.103299 0.103299
0 0.476733 0.210525 0.103299 0.103299
0 0.587472 0.212050 0.103299 0.103299
0 0.695181 0.224163 0.103299 0.103299
0 0.816546 0.228712 0.103299 0.103299
0 0.813517 0.345375 0.103299 0.103299
0 0.808961 0.460525 0.103299 0.103299
0 0.805932 0.574163 0.103299 0.103299
0 0.689124 0.563563 0.103299 0.103299
0 0.575344 0.560525 0.103299 0.103299
0 0.460050 0.559013 0.103299 0.103299
0 0.473692 0.440837 0.103299 0.103299
0 0.473692 0.331737 0.103299 0.103299
0 0.588999 0.325688 0.103299 0.103299
0 0.701252 0.331737 0.103299 0.103299
0 0.698223 0.442350 0.103299 0.103299
0 0.588999 0.437800 0.103299 0.103299