0 0.027259 0.614822 0.131944 0.138021
0 0.064318 0.732495 0.131944 0.138021
0 0.007635 0.856698 0.131944 0.138021
0 0.123191 0.859962 0.131944 0.138021
0 0.214768 0.745572 0.131944 0.138021
0 0.164618 0.621370 0.131944 0.138021
0 0.299812 0.621370 0.131944 0.138021
0 0.360864 0.748837 0.131944 0.138021
0 0.286721 0.889381 0.131944 0.138021
0 0.437171 0.889381 0.131944 0.138021
0 0.511314 0.761914 0.131944 0.138021
0 0.437171 0.627899 0.131944 0.138021
0 0.572365 0.637711 0.131944 0.138021
0 0.659587 0.739024 0.131944 0.138021
0 0.602891 0.876323 0.131944 0.138021
0 0.779512 0.889381 0.131944 0.138021
0 0.801314 0.761914 0.131944 0.138021
0 0.707547 0.637711 0.131944 0.138021
0 0.834018 0.654053 0.131944 0.138021
0 0.960488 0.640976 0.131944 0.138021
0 0.951765 0.758649 0.131944 0.138021
0 0.916871 0.876323 0.131944 0.138021