0 0.579350 0.573617 0.036621 0.047526
0 0.601137 0.530683 0.036621 0.047526
0 0.572725 0.483967 0.036621 0.047526
0 0.617237 0.472600 0.036621 0.047526
0 0.645650 0.511750 0.036621 0.047526
0 0.626700 0.567300 0.036621 0.047526
0 0.612500 0.612750 0.036621 0.047526
0 0.660800 0.588767 0.036621 0.047526
0 0.650375 0.639267 0.036621 0.047526
0 0.692050 0.621583 0.036621 0.047526
0 0.677837 0.673367 0.036621 0.047526
0 0.720450 0.658200 0.036621 0.047526
0 0.747913 0.697350 0.036621 0.047526
0 0.768750 0.663250 0.036621 0.047526
0 0.817050 0.664517 0.036621 0.047526
0 0.820837 0.610233 0.036621 0.047526
0 0.783900 0.605183 0.036621 0.047526
0 0.744125 0.606433 0.036621 0.047526
0 0.713825 0.576133 0.036621 0.047526
0 0.679737 0.543300 0.036621 0.047526
0 0.597350 0.422100 0.036621 0.047526
0 0.608713 0.364017 0.036621 0.047526
0 0.638062 0.413250 0.036621 0.047526
0 0.662687 0.467550 0.036621 0.047526
0 0.718562 0.505433 0.036621 0.047526
0 0.769700 0.544567 0.036621 0.047526
0 0.813262 0.559717 0.036621 0.047526
0 0.851137 0.560983 0.036621 0.047526
0 0.889013 0.582450 0.036621 0.047526
0 0.930688 0.579917 0.036621 0.047526
0 0.939113 0.477900 0.036621 0.047526
0 0.911275 0.526017 0.036621 0.047526
0 0.863825 0.507700 0.036621 0.047526
0 0.898487 0.438883 0.036621 0.047526
0 0.848300 0.443183 0.036621 0.047526
0 0.819038 0.497350 0.036621 0.047526
0 0.803500 0.424367 0.036621 0.047526
0 0.771975 0.482833 0.036621 0.047526
0 0.751900 0.424367 0.036621 0.047526
0 0.699813 0.426133 0.036621 0.047526
0 0.680300 0.362000 0.036621 0.047526
0 0.879075 0.389517 0.036621 0.047526
0 0.835225 0.367050 0.036621 0.047526
0 0.865438 0.335983 0.036621 0.047526
0 0.819700 0.313250 0.036621 0.047526
0 0.775663 0.364133 0.036621 0.047526
0 0.776988 0.296717 0.036621 0.047526
0 0.728313 0.356317 0.036621 0.047526
0 0.722350 0.289650 0.036621 0.047526
0 0.681625 0.294067 0.036621 0.047526
0 0.648775 0.322100 0.036621 0.047526