0 0.011014 0.401419 0.039216 0.062500
0 0.469812 0.043535 0.039216 0.062500
0 0.506158 0.036767 0.039216 0.062500
0 0.449825 0.097558 0.039216 0.062500
0 0.431652 0.161698 0.039216 0.062500
0 0.409850 0.212349 0.039216 0.062500
0 0.389862 0.273116 0.039216 0.062500
0 0.369875 0.330512 0.039216 0.062500
0 0.351702 0.387907 0.039216 0.062500
0 0.331715 0.445302 0.039216 0.062500
0 0.311727 0.516209 0.039216 0.062500
0 0.288110 0.566860 0.039216 0.062500
0 0.264481 0.634372 0.039216 0.062500
0 0.244493 0.701907 0.039216 0.062500
0 0.231777 0.752558 0.039216 0.062500
0 0.209975 0.826837 0.039216 0.062500
0 0.199074 0.961884 0.039216 0.062500
0 0.222691 0.894349 0.039216 0.062500
0 0.244493 0.830209 0.039216 0.062500
0 0.264481 0.766070 0.039216 0.062500
0 0.280839 0.701907 0.039216 0.062500
0 0.306283 0.634372 0.039216 0.062500
0 0.320814 0.580372 0.039216 0.062500
0 0.342616 0.522953 0.039216 0.062500
0 0.360788 0.452070 0.039216 0.062500
0 0.388048 0.404791 0.039216 0.062500
0 0.411665 0.333884 0.039216 0.062500
0 0.424380 0.286628 0.039216 0.062500
0 0.448010 0.215721 0.039216 0.062500
0 0.464355 0.158326 0.039216 0.062500
0 0.484343 0.094163 0.039216 0.062500
0 0.538861 0.036767 0.039216 0.062500
0 0.522503 0.097558 0.039216 0.062500
0 0.507972 0.151581 0.039216 0.062500
0 0.487985 0.212349 0.039216 0.062500
0 0.466183 0.273116 0.039216 0.062500
0 0.446195 0.330512 0.039216 0.062500
0 0.431652 0.387907 0.039216 0.062500
0 0.406220 0.455442 0.039216 0.062500
0 0.386233 0.512837 0.039216 0.062500
0 0.371690 0.573605 0.039216 0.062500
0 0.342616 0.634372 0.039216 0.062500
0 0.328085 0.701907 0.039216 0.062500
0 0.300826 0.766070 0.039216 0.062500
0 0.284468 0.816698 0.039216 0.062500
0 0.262666 0.890977 0.039216 0.062500
0 0.242678 0.955140 0.039216 0.062500
0 0.583529 0.040163 0.039216 0.062500
0 0.559599 0.094163 0.039216 0.062500
0 0.543254 0.159721 0.039216 0.062500
0 0.519174 0.216000 0.039216 0.062500
0 0.504030 0.284093 0.039216 0.062500
0 0.483892 0.338116 0.039216 0.062500
0 0.463755 0.384814 0.039216 0.062500
0 0.444831 0.462186 0.039216 0.062500
0 0.427109 0.513953 0.039216 0.062500
0 0.403191 0.579512 0.039216 0.062500
0 0.381690 0.645070 0.039216 0.062500
0 0.357760 0.696837 0.039216 0.062500
0 0.347610 0.762395 0.039216 0.062500
0 0.324906 0.832744 0.039216 0.062500
0 0.299612 0.893791 0.039216 0.062500
0 0.340050 0.896047 0.039216 0.062500
0 0.363967 0.827953 0.039216 0.062500
0 0.381690 0.769442 0.039216 0.062500
0 0.398035 0.706140 0.039216 0.062500
0 0.423329 0.640581 0.039216 0.062500
0 0.444831 0.581767 0.039216 0.062500
0 0.459975 0.518465 0.039216 0.062500
0 0.483892 0.457698 0.039216 0.062500
0 0.500250 0.394395 0.039216 0.062500
0 0.522954 0.335581 0.039216 0.062500
0 0.540676 0.277047 0.039216 0.062500
0 0.562178 0.220791 0.039216 0.062500
0 0.575957 0.155233 0.039216 0.062500
0 0.596245 0.098953 0.039216 0.062500
0 0.615169 0.040163 0.039216 0.062500
0 0.656809 0.040163 0.039216 0.062500
0 0.635307 0.096419 0.039216 0.062500
0 0.616383 0.155233 0.039216 0.062500
0 0.596245 0.213744 0.039216 0.062500
0 0.578536 0.272279 0.039216 0.062500
0 0.562178 0.333326 0.039216 0.062500
0 0.540676 0.396628 0.039216 0.062500
0 0.516746 0.450651 0.039216 0.062500
0 0.500250 0.516209 0.039216 0.062500
0 0.476320 0.577256 0.039216 0.062500
0 0.461176 0.640581 0.039216 0.062500
0 0.439675 0.701349 0.039216 0.062500
0 0.419537 0.764651 0.039216 0.062500
0 0.403191 0.823465 0.039216 0.062500
0 0.382891 0.886767 0.039216 0.062500
0 0.422115 0.891256 0.039216 0.062500
0 0.439675 0.823465 0.039216 0.062500
0 0.459975 0.757628 0.039216 0.062500
0 0.478899 0.701349 0.039216 0.062500
0 0.494043 0.635791 0.039216 0.062500
0 0.521752 0.579512 0.039216 0.062500
0 0.539462 0.516209 0.039216 0.062500
0 0.559599 0.455163 0.039216 0.062500
0 0.577322 0.398884 0.039216 0.062500
0 0.597459 0.335581 0.039216 0.062500
0 0.616383 0.270023 0.039216 0.062500
0 0.637885 0.216000 0.039216 0.062500
0 0.655457 0.157488 0.039216 0.062500
0 0.670588 0.106000 0.039216 0.062500
0 0.689524 0.044930 0.039216 0.062500
0 0.727372 0.047186 0.039216 0.062500
0 0.712228 0.096419 0.039216 0.062500
0 0.698461 0.159721 0.039216 0.062500
0 0.675745 0.216000 0.039216 0.062500
0 0.655457 0.272279 0.039216 0.062500
0 0.634105 0.331070 0.039216 0.062500
0 0.616383 0.394395 0.039216 0.062500
0 0.598673 0.448116 0.039216 0.062500
0 0.581101 0.506930 0.039216 0.062500
0 0.557034 0.570233 0.039216 0.062500
0 0.543254 0.626512 0.039216 0.062500
0 0.519174 0.696837 0.039216 0.062500
0 0.496458 0.757628 0.039216 0.062500
0 0.477534 0.823465 0.039216 0.062500
0 0.457397 0.889023 0.039216 0.062500
0 0.499036 0.886767 0.039216 0.062500
0 0.517960 0.816419 0.039216 0.062500
0 0.539462 0.762395 0.039216 0.062500
0 0.559599 0.699093 0.039216 0.062500
0 0.575957 0.640581 0.039216 0.062500
0 0.597459 0.570233 0.039216 0.062500
0 0.616383 0.511419 0.039216 0.062500
0 0.635307 0.457698 0.039216 0.062500
0 0.655457 0.391860 0.039216 0.062500
0 0.671952 0.338116 0.039216 0.062500
0 0.688310 0.274814 0.039216 0.062500
0 0.711026 0.216000 0.039216 0.062500
0 0.728736 0.159721 0.039216 0.062500
0 0.748874 0.091930 0.039216 0.062500
0 0.767810 0.044930 0.039216 0.062500
0 0.804443 0.044930 0.039216 0.062500
0 0.824593 0.004977 0.039216 0.062500
0 0.842303 0.044930 0.039216 0.062500
0 0.789312 0.096419 0.039216 0.062500
0 0.827159 0.096419 0.039216 0.062500
0 0.771589 0.152698 0.039216 0.062500
0 0.755232 0.211512 0.039216 0.062500
0 0.734944 0.263000 0.039216 0.062500
0 0.711026 0.328535 0.039216 0.062500
0 0.695882 0.387349 0.039216 0.062500
0 0.731164 0.391860 0.039216 0.062500
0 0.750088 0.338116 0.039216 0.062500
0 0.769011 0.281837 0.039216 0.062500
0 0.790513 0.218535 0.039216 0.062500
0 0.808235 0.155233 0.039216 0.062500
0 0.843517 0.164512 0.039216 0.062500
0 0.861227 0.108233 0.039216 0.062500
0 0.899086 0.108233 0.039216 0.062500
0 0.880163 0.044930 0.039216 0.062500
0 0.918010 0.042674 0.039216 0.062500
0 0.953292 0.047186 0.039216 0.062500
0 0.987359 0.051977 0.039216 0.062500
0 0.971014 0.108233 0.039216 0.062500
0 0.936946 0.098953 0.039216 0.062500
0 0.958285 0.159721 0.039216 0.062500
0 0.991151 0.164512 0.039216 0.062500
0 0.924218 0.157488 0.039216 0.062500
0 0.882578 0.157488 0.039216 0.062500
0 0.827159 0.216000 0.039216 0.062500
0 0.862441 0.216000 0.039216 0.062500
0 0.904080 0.220791 0.039216 0.062500
0 0.934368 0.216000 0.039216 0.062500
0 0.969650 0.218535 0.039216 0.062500
0 0.992365 0.277047 0.039216 0.062500
0 0.959650 0.277047 0.039216 0.062500
0 0.921802 0.279302 0.039216 0.062500
0 0.880163 0.277047 0.039216 0.062500
0 0.844731 0.274814 0.039216 0.062500
0 0.809449 0.274814 0.039216 0.062500
0 0.789312 0.333326 0.039216 0.062500
0 0.769011 0.391860 0.039216 0.062500
0 0.829587 0.340372 0.039216 0.062500
0 0.809449 0.396628 0.039216 0.062500
0 0.866233 0.340372 0.039216 0.062500
0 0.902866 0.340372 0.039216 0.062500
0 0.936946 0.335581 0.039216 0.062500
0 0.977222 0.338116 0.039216 0.062500
0 0.994931 0.394395 0.039216 0.062500
0 0.963442 0.394395 0.039216 0.062500
0 0.924218 0.394395 0.039216 0.062500
0 0.885156 0.396628 0.039216 0.062500
0 0.847297 0.396628 0.039216 0.062500
0 0.981001 0.462186 0.039216 0.062500
0 0.939362 0.457698 0.039216 0.062500
0 0.902866 0.455163 0.039216 0.062500
0 0.865019 0.459930 0.039216 0.062500
0 0.830951 0.455163 0.039216 0.062500
0 0.791727 0.457698 0.039216 0.062500
0 0.755232 0.450651 0.039216 0.062500
0 0.712228 0.450651 0.039216 0.062500
0 0.675745 0.452907 0.039216 0.062500
0 0.654243 0.513953 0.039216 0.062500
0 0.690889 0.523256 0.039216 0.062500
0 0.729950 0.523256 0.039216 0.062500
0 0.767810 0.516209 0.039216 0.062500
0 0.806871 0.523256 0.039216 0.062500
0 0.849875 0.509186 0.039216 0.062500
0 0.882578 0.518465 0.039216 0.062500
0 0.931790 0.521000 0.039216 0.062500
0 0.963442 0.511419 0.039216 0.062500
0 0.993717 0.516209 0.039216 0.062500
0 0.983579 0.581767 0.039216 0.062500
0 0.944506 0.581767 0.039216 0.062500
0 0.907872 0.577256 0.039216 0.062500
0 0.870013 0.577256 0.039216 0.062500
0 0.825795 0.570233 0.039216 0.062500
0 0.787947 0.577256 0.039216 0.062500
0 0.756446 0.574744 0.039216 0.062500
0 0.718598 0.574744 0.039216 0.062500
0 0.674380 0.574744 0.039216 0.062500
0 0.635307 0.574744 0.039216 0.062500
0 0.617597 0.633535 0.039216 0.062500
0 0.654243 0.638047 0.039216 0.062500
0 0.695882 0.638047 0.039216 0.062500
0 0.733730 0.642814 0.039216 0.062500
0 0.770375 0.638047 0.039216 0.062500
0 0.810651 0.638047 0.039216 0.062500
0 0.848511 0.640581 0.039216 0.062500
0 0.888936 0.640581 0.039216 0.062500
0 0.924218 0.640581 0.039216 0.062500
0 0.959650 0.645070 0.039216 0.062500
0 0.996145 0.642814 0.039216 0.062500
0 0.984793 0.710907 0.039216 0.062500
0 0.967222 0.767186 0.039216 0.062500
0 0.946934 0.701349 0.039216 0.062500
0 0.909074 0.701349 0.039216 0.062500
0 0.931790 0.764651 0.039216 0.062500
0 0.887735 0.762395 0.039216 0.062500
0 0.872591 0.706140 0.039216 0.062500
0 0.833367 0.699093 0.039216 0.062500
0 0.857447 0.760140 0.039216 0.062500
0 0.814443 0.760140 0.039216 0.062500
0 0.791727 0.701349 0.039216 0.062500
0 0.770375 0.767186 0.039216 0.062500
0 0.753880 0.706140 0.039216 0.062500
0 0.717384 0.699093 0.039216 0.062500
0 0.678160 0.696837 0.039216 0.062500
0 0.637885 0.706140 0.039216 0.062500
0 0.596245 0.696837 0.039216 0.062500
0 0.575957 0.757628 0.039216 0.062500
0 0.612603 0.767186 0.039216 0.062500
0 0.651665 0.767186 0.039216 0.062500
0 0.693304 0.771674 0.039216 0.062500
0 0.732528 0.764651 0.039216 0.062500
0 0.993717 0.830488 0.039216 0.062500
0 0.950726 0.832744 0.039216 0.062500
0 0.912866 0.827953 0.039216 0.062500
0 0.878798 0.825698 0.039216 0.062500
0 0.830951 0.816419 0.039216 0.062500
0 0.798085 0.818674 0.039216 0.062500
0 0.760238 0.820930 0.039216 0.062500
0 0.719800 0.825698 0.039216 0.062500
0 0.676959 0.823465 0.039216 0.062500
0 0.637885 0.830488 0.039216 0.062500
0 0.596245 0.825698 0.039216 0.062500
0 0.562178 0.820930 0.039216 0.062500
0 0.976008 0.896047 0.039216 0.062500
0 0.994931 0.966395 0.039216 0.062500
0 0.954506 0.959349 0.039216 0.062500
0 0.933154 0.893791 0.039216 0.062500
0 0.915444 0.952326 0.039216 0.062500
0 0.893942 0.879721 0.039216 0.062500
0 0.868798 0.947535 0.039216 0.062500
0 0.859862 0.884233 0.039216 0.062500
0 0.815807 0.891256 0.039216 0.062500
0 0.832153 0.947535 0.039216 0.062500
0 0.794305 0.950070 0.039216 0.062500
0 0.781740 0.884233 0.039216 0.062500
0 0.738736 0.889023 0.039216 0.062500
0 0.752666 0.954558 0.039216 0.062500
0 0.717384 0.950070 0.039216 0.062500
0 0.698461 0.886767 0.039216 0.062500
0 0.658023 0.893791 0.039216 0.062500
0 0.676959 0.943023 0.039216 0.062500
0 0.639099 0.954558 0.039216 0.062500
0 0.617597 0.884233 0.039216 0.062500
0 0.581101 0.893791 0.039216 0.062500
0 0.597459 0.954558 0.039216 0.062500
0 0.560814 0.952326 0.039216 0.062500
0 0.539462 0.889023 0.039216 0.062500
0 0.519174 0.954558 0.039216 0.062500
0 0.475106 0.954558 0.039216 0.062500
0 0.439675 0.950070 0.039216 0.062500
0 0.405607 0.961605 0.039216 0.062500
0 0.357760 0.959349 0.039216 0.062500
0 0.324906 0.959349 0.039216 0.062500
0 0.278260 0.954558 0.039216 0.062500
0 0.929374 0.996767 0.039216 0.062500
0 0.892728 0.999302 0.039216 0.062500
0 0.852303 0.999302 0.039216 0.062500
0 0.808235 0.994512 0.039216 0.062500
0 0.772804 0.996767 0.039216 0.062500
0 0.737522 0.996767 0.039216 0.062500
0 0.695882 0.992279 0.039216 0.062500
0 0.656809 0.996767 0.039216 0.062500
0 0.616383 0.996767 0.039216 0.062500
0 0.575957 0.999302 0.039216 0.062500
0 0.374118 0.994512 0.039216 0.062500
0 0.419537 0.996767 0.039216 0.062500
0 0.003141 0.771674 0.039216 0.062500
0 0.141752 0.996558 0.039216 0.062500
0 0.025069 0.030953 0.039216 0.062500
0 0.054506 0.036814 0.039216 0.062500
0 0.099725 0.036814 0.039216 0.062500
0 0.139687 0.048535 0.039216 0.062500
0 0.150200 0.097372 0.039216 0.062500
0 0.111289 0.093465 0.039216 0.062500
0 0.088160 0.095419 0.039216 0.062500
0 0.045044 0.095419 0.039216 0.062500
0 0.010350 0.095419 0.039216 0.062500
0 0.019812 0.154047 0.039216 0.062500
0 0.053454 0.152093 0.039216 0.062500
0 0.091314 0.148186 0.039216 0.062500
0 0.131277 0.161860 0.039216 0.062500
0 0.108135 0.218512 0.039216 0.062500
0 0.075544 0.218512 0.039216 0.062500
0 0.037685 0.216558 0.039216 0.062500
0 0.012453 0.269326 0.039216 0.062500
0 0.001927 0.331837 0.039216 0.062500
0 0.048198 0.275186 0.039216 0.062500
0 0.085006 0.275186 0.039216 0.062500
0 0.122854 0.277140 0.039216 0.062500
0 0.150200 0.218512 0.039216 0.062500
0 0.161765 0.163814 0.039216 0.062500
0 0.197522 0.150140 0.039216 0.062500
0 0.186996 0.214605 0.039216 0.062500
0 0.165970 0.269326 0.039216 0.062500
0 0.145995 0.335744 0.039216 0.062500
0 0.103930 0.322070 0.039216 0.062500
0 0.068185 0.333791 0.039216 0.062500
0 0.036633 0.333791 0.039216 0.062500
0 0.043992 0.402186 0.039216 0.062500
0 0.086058 0.396326 0.039216 0.062500
0 0.120751 0.402186 0.039216 0.062500
0 0.096571 0.451023 0.039216 0.062500
0 0.062916 0.451023 0.039216 0.062500
0 0.022966 0.452977 0.039216 0.062500
0 0.005094 0.527233 0.039216 0.062500
0 0.040839 0.523326 0.039216 0.062500
0 0.070288 0.523326 0.039216 0.062500
0 0.015607 0.579977 0.039216 0.062500
0 0.056608 0.579977 0.039216 0.062500
0 0.090263 0.579977 0.039216 0.062500
0 0.115494 0.521372 0.039216 0.062500
0 0.131277 0.456884 0.039216 0.062500
0 0.155457 0.392419 0.039216 0.062500
0 0.180688 0.341605 0.039216 0.062500
0 0.202778 0.288860 0.039216 0.062500
0 0.218548 0.224372 0.039216 0.062500
0 0.239574 0.167721 0.039216 0.062500
0 0.231164 0.091512 0.039216 0.062500
0 0.191202 0.101279 0.039216 0.062500
0 0.174380 0.044628 0.039216 0.062500
0 0.212240 0.040721 0.039216 0.062500
0 0.245882 0.042674 0.039216 0.062500
0 0.286896 0.042674 0.039216 0.062500
0 0.264819 0.099326 0.039216 0.062500
0 0.282691 0.157953 0.039216 0.062500
0 0.300563 0.097372 0.039216 0.062500
0 0.321602 0.040721 0.039216 0.062500
0 0.355244 0.044628 0.039216 0.062500
0 0.259562 0.208744 0.039216 0.062500
0 0.242728 0.269326 0.039216 0.062500
0 0.216446 0.335744 0.039216 0.062500
0 0.196471 0.398279 0.039216 0.062500
0 0.176483 0.454930 0.039216 0.062500
0 0.158611 0.517465 0.039216 0.062500
0 0.142841 0.572163 0.039216 0.062500
0 0.116546 0.638605 0.039216 0.062500
0 0.070288 0.652279 0.039216 0.062500
0 0.028223 0.640558 0.039216 0.062500
0 0.006145 0.640558 0.039216 0.062500
0 0.012453 0.705047 0.039216 0.062500
0 0.047146 0.710907 0.039216 0.062500
0 0.094468 0.707000 0.039216 0.062500
0 0.122854 0.705047 0.039216 0.062500
0 0.152303 0.652279 0.039216 0.062500
0 0.173329 0.576070 0.039216 0.062500
0 0.194368 0.515512 0.039216 0.062500
0 0.211189 0.452977 0.039216 0.062500
0 0.233267 0.398279 0.039216 0.062500
0 0.259562 0.329884 0.039216 0.062500
0 0.280588 0.269326 0.039216 0.062500
0 0.297409 0.210698 0.039216 0.062500
0 0.315282 0.156000 0.039216 0.062500
0 0.334218 0.111047 0.039216 0.062500
0 0.395207 0.040721 0.039216 0.062500
0 0.373116 0.107140 0.039216 0.062500
0 0.354193 0.159907 0.039216 0.062500
0 0.333166 0.226326 0.039216 0.062500
0 0.316333 0.273233 0.039216 0.062500
0 0.302666 0.329884 0.039216 0.062500
0 0.271126 0.390465 0.039216 0.062500
0 0.249036 0.443209 0.039216 0.062500
0 0.230113 0.519419 0.039216 0.062500
0 0.217497 0.576070 0.039216 0.062500
0 0.186996 0.646419 0.039216 0.062500
0 0.164919 0.708953 0.039216 0.062500
0 0.145995 0.771465 0.039216 0.062500
0 0.110238 0.775372 0.039216 0.062500
0 0.068185 0.761698 0.039216 0.062500
0 0.034531 0.765605 0.039216 0.062500
0 0.010350 0.835953 0.039216 0.062500
0 0.046095 0.832047 0.039216 0.062500
0 0.080801 0.832047 0.039216 0.062500
0 0.129174 0.837907 0.039216 0.062500
0 0.063967 0.896512 0.039216 0.062500
0 0.021915 0.896512 0.039216 0.062500
0 0.005094 0.961000 0.039216 0.062500
0 0.036633 0.964907 0.039216 0.062500
0 0.081852 0.964907 0.039216 0.062500
0 0.101827 0.904326 0.039216 0.062500
0 0.140738 0.902372 0.039216 0.062500
0 0.114443 0.949279 0.039216 0.062500
0 0.163867 0.966860 0.039216 0.062500
0 0.183842 0.894558 0.039216 0.062500
0 0.165970 0.832047 0.039216 0.062500
0 0.183842 0.757791 0.039216 0.062500
0 0.204881 0.710907 0.039216 0.062500
0 0.222753 0.642512 0.039216 0.062500
0 0.246934 0.578023 0.039216 0.062500
0 0.263767 0.525279 0.039216 0.062500
0 0.286896 0.454930 0.039216 0.062500
0 0.314230 0.386558 0.039216 0.062500
0 0.333166 0.333791 0.039216 0.062500
0 0.353141 0.283000 0.039216 0.062500
0 0.367860 0.210698 0.039216 0.062500
0 0.391001 0.159907 0.039216 0.062500
0 0.412028 0.105186 0.039216 0.062500
0 0.428849 0.054395 0.039216 0.062500