0 0.381688 0.777717 0.054023 0.067708
0 0.390100 0.649151 0.054023 0.067708
0 0.330162 0.633283 0.054023 0.067708
0 0.267075 0.671377 0.054023 0.067708
0 0.246038 0.607887 0.054023 0.067708
0 0.190312 0.592000 0.054023 0.067708
0 0.249200 0.538038 0.054023 0.067708
0 0.267075 0.474547 0.054023 0.067708
0 0.203987 0.463453 0.054023 0.067708
0 0.267075 0.371377 0.054023 0.067708
0 0.303875 0.279321 0.054023 0.067708
0 0.353300 0.298377 0.054023 0.067708
0 0.335425 0.349170 0.054023 0.067708
0 0.316500 0.401547 0.054023 0.067708
0 0.393263 0.330113 0.054023 0.067708
0 0.373275 0.374566 0.054023 0.067708
0 0.369075 0.438057 0.054023 0.067708
0 0.318600 0.465038 0.054023 0.067708
0 0.319650 0.526925 0.054023 0.067708
0 0.361712 0.571377 0.054023 0.067708
0 0.374325 0.493604 0.054023 0.067708
0 0.414287 0.449151 0.054023 0.067708
0 0.470012 0.433283 0.054023 0.067708
0 0.442675 0.504717 0.054023 0.067708
0 0.486837 0.357094 0.054023 0.067708
0 0.430063 0.290434 0.054023 0.067708
0 0.418488 0.212660 0.054023 0.067708
0 0.462662 0.253925 0.054023 0.067708
0 0.478425 0.290434 0.054023 0.067708
0 0.514188 0.225358 0.054023 0.067708
0 0.549937 0.268226 0.054023 0.067708
0 0.531012 0.312660 0.054023 0.067708
0 0.453200 0.671377 0.054023 0.067708
0 0.422700 0.569792 0.054023 0.067708
0 0.484738 0.584075 0.054023 0.067708
0 0.538362 0.534868 0.054023 0.067708
0 0.521537 0.471377 0.054023 0.067708
0 0.514188 0.399962 0.054023 0.067708
0 0.556238 0.361868 0.054023 0.067708
0 0.575175 0.319000 0.054023 0.067708
0 0.600412 0.384075 0.054023 0.067708
0 0.561500 0.425358 0.054023 0.067708
0 0.583588 0.488849 0.054023 0.067708
0 0.611975 0.444396 0.054023 0.067708
0 0.628800 0.514226 0.054023 0.067708
0 0.592000 0.558679 0.054023 0.067708
0 0.544675 0.617396 0.054023 0.067708
0 0.512075 0.690415 0.054023 0.067708
0 0.534162 0.788830 0.054023 0.067708
0 0.606712 0.745962 0.054023 0.067708
0 0.606712 0.672962 0.054023 0.067708
0 0.705562 0.426943 0.054023 0.067708
0 0.654037 0.282509 0.054023 0.067708