0 0.012169 0.108724 0.019157 0.186849
0 0.021185 0.105345 0.019157 0.186849
0 0.027715 0.105764 0.019157 0.186849
0 0.033623 0.107040 0.019157 0.186849
0 0.038600 0.103651 0.019157 0.186849
0 0.042954 0.103651 0.019157 0.186849
0 0.049792 0.103651 0.019157 0.186849
0 0.057254 0.101967 0.019157 0.186849
0 0.064723 0.102803 0.019157 0.186849
0 0.001908 0.105764 0.019157 0.186849
0 0.070631 0.104079 0.019157 0.186849
0 0.075600 0.103232 0.019157 0.186849
0 0.083377 0.103651 0.019157 0.186849
0 0.090215 0.104927 0.019157 0.186849
0 0.096746 0.104927 0.019157 0.186849
0 0.104208 0.104927 0.019157 0.186849
0 0.116031 0.105345 0.019157 0.186849
0 0.134377 0.104079 0.019157 0.186849
0 0.148677 0.102385 0.019157 0.186849
0 0.163915 0.099425 0.019157 0.186849
0 0.175423 0.099843 0.019157 0.186849
0 0.187862 0.100690 0.019157 0.186849
0 0.201854 0.101538 0.019157 0.186849
0 0.222377 0.157782 0.019157 0.186849
0 0.233569 0.119718 0.019157 0.186849
0 0.241031 0.119299 0.019157 0.186849
0 0.251608 0.121412 0.019157 0.186849
0 0.268708 0.120565 0.019157 0.186849
0 0.285808 0.119299 0.019157 0.186849
0 0.297315 0.121841 0.019157 0.186849
0 0.309754 0.120565 0.019157 0.186849
0 0.322192 0.114226 0.019157 0.186849
0 0.346446 0.122678 0.019157 0.186849
0 0.354531 0.121412 0.019157 0.186849
0 0.360754 0.123107 0.019157 0.186849
0 0.373192 0.123107 0.019157 0.186849
0 0.386562 0.123525 0.019157 0.186849
0 0.394338 0.123525 0.019157 0.186849
0 0.402108 0.123525 0.019157 0.186849
0 0.407708 0.124372 0.019157 0.186849
0 0.412369 0.124372 0.019157 0.186849
0 0.418277 0.125638 0.019157 0.186849
0 0.427915 0.125638 0.019157 0.186849
0 0.440046 0.126067 0.019157 0.186849
0 0.473008 0.115492 0.019157 0.186849
0 0.487623 0.116757 0.019157 0.186849
0 0.496638 0.116339 0.019157 0.186849
0 0.506900 0.117186 0.019157 0.186849
0 0.520892 0.115921 0.019157 0.186849
0 0.535200 0.115492 0.019157 0.186849
0 0.547015 0.116339 0.019157 0.186849
0 0.551992 0.115492 0.019157 0.186849
0 0.557277 0.114644 0.019157 0.186849
0 0.561938 0.115492 0.019157 0.186849
0 0.570962 0.116339 0.019157 0.186849
0 0.583708 0.116339 0.019157 0.186849
0 0.598015 0.115073 0.019157 0.186849
0 0.613246 0.116339 0.019157 0.186849
0 0.638746 0.112113 0.019157 0.186849
0 0.670154 0.105345 0.019157 0.186849
0 0.676377 0.110837 0.019157 0.186849
0 0.685085 0.118452 0.019157 0.186849
0 0.719908 0.133672 0.019157 0.186849
0 0.722708 0.134100 0.019157 0.186849
0 0.726746 0.133672 0.019157 0.186849
0 0.731100 0.134100 0.019157 0.186849
0 0.737946 0.133672 0.019157 0.186849
0 0.744477 0.133253 0.019157 0.186849
0 0.751008 0.133672 0.019157 0.186849
0 0.755354 0.134100 0.019157 0.186849
0 0.762508 0.134100 0.019157 0.186849
0 0.769662 0.133253 0.019157 0.186849
0 0.774946 0.133672 0.019157 0.186849
0 0.780231 0.132835 0.019157 0.186849
0 0.791431 0.130293 0.019157 0.186849
0 0.805108 0.131140 0.019157 0.186849
0 0.818169 0.131987 0.019157 0.186849
0 0.832477 0.132406 0.019157 0.186849
0 0.850200 0.132406 0.019157 0.186849
0 0.864815 0.124372 0.019157 0.186849
0 0.875385 0.123954 0.019157 0.186849
0 0.885031 0.124372 0.019157 0.186849
0 0.891554 0.124791 0.019157 0.186849
0 0.898708 0.125220 0.019157 0.186849
0 0.904931 0.124372 0.019157 0.186849
0 0.912700 0.125638 0.019157 0.186849
0 0.923585 0.128598 0.019157 0.186849
0 0.936338 0.126914 0.019157 0.186849
0 0.951885 0.128598 0.019157 0.186849
0 0.971785 0.118881 0.019157 0.186849
0 0.986400 0.119299 0.019157 0.186849
0 0.997592 0.129874 0.019157 0.186849
0 0.997592 0.460544 0.019157 0.186849
0 0.986708 0.439822 0.019157 0.186849
0 0.969300 0.439393 0.019157 0.186849
0 0.950015 0.436433 0.019157 0.186849
0 0.934469 0.436433 0.019157 0.186849
0 0.921408 0.436433 0.019157 0.186849
0 0.909285 0.426287 0.019157 0.186849
0 0.903992 0.427981 0.019157 0.186849
0 0.891869 0.424603 0.019157 0.186849
0 0.870723 0.428828 0.019157 0.186849
0 0.853308 0.433054 0.019157 0.186849
0 0.838692 0.434749 0.019157 0.186849
0 0.826569 0.434320 0.019157 0.186849
0 0.809462 0.436015 0.019157 0.186849
0 0.786454 0.420795 0.019157 0.186849
0 0.759400 0.421213 0.019157 0.186849
0 0.744477 0.419100 0.019157 0.186849
0 0.736077 0.416987 0.019157 0.186849
0 0.730792 0.416987 0.019157 0.186849
0 0.723638 0.419519 0.019157 0.186849
0 0.714931 0.416140 0.019157 0.186849
0 0.706538 0.419100 0.019157 0.186849
0 0.702185 0.419100 0.019157 0.186849
0 0.699077 0.419519 0.019157 0.186849
0 0.680415 0.423326 0.019157 0.186849
0 0.662385 0.422908 0.019157 0.186849
0 0.638746 0.425021 0.019157 0.186849
0 0.616985 0.429247 0.019157 0.186849
0 0.599877 0.432207 0.019157 0.186849
0 0.588377 0.429247 0.019157 0.186849
0 0.572823 0.430094 0.019157 0.186849
0 0.555100 0.432636 0.019157 0.186849
0 0.535823 0.432636 0.019157 0.186849
0 0.519031 0.433902 0.019157 0.186849
0 0.499754 0.438975 0.019157 0.186849
0 0.475808 0.438128 0.019157 0.186849
0 0.454662 0.435596 0.019157 0.186849
0 0.436623 0.438556 0.019157 0.186849
0 0.424185 0.435167 0.019157 0.186849
0 0.412369 0.438556 0.019157 0.186849
0 0.392162 0.422061 0.019157 0.186849
0 0.377854 0.413598 0.019157 0.186849
0 0.361685 0.437709 0.019157 0.186849
0 0.350177 0.403881 0.019157 0.186849
0 0.321262 0.432636 0.019157 0.186849
0 0.305400 0.434749 0.019157 0.186849
0 0.294831 0.441088 0.019157 0.186849
0 0.276169 0.443630 0.019157 0.186849
0 0.262492 0.433473 0.019157 0.186849
0 0.250054 0.434320 0.019157 0.186849
0 0.235438 0.434320 0.019157 0.186849
0 0.219885 0.421213 0.019157 0.186849
0 0.206515 0.433473 0.019157 0.186849
0 0.192831 0.430941 0.019157 0.186849
0 0.162046 0.430094 0.019157 0.186849
0 0.147123 0.429247 0.019157 0.186849
0 0.133438 0.430941 0.019157 0.186849
0 0.119446 0.431360 0.019157 0.186849
0 0.102038 0.432207 0.019157 0.186849
0 0.087423 0.432207 0.019157 0.186849
0 0.070631 0.430513 0.019157 0.186849
0 0.054462 0.433473 0.019157 0.186849
0 0.039223 0.438556 0.019157 0.186849
0 0.027092 0.434320 0.019157 0.186849
0 0.013723 0.429676 0.019157 0.186849
0 0.005015 0.427981 0.019157 0.186849
0 0.002838 0.717636 0.019157 0.186849
0 0.028023 0.742155 0.019157 0.186849
0 0.041708 0.719749 0.019157 0.186849
0 0.049792 0.719320 0.019157 0.186849
0 0.060677 0.752312 0.019157 0.186849
0 0.074046 0.745962 0.019157 0.186849
0 0.092708 0.744268 0.019157 0.186849
0 0.107323 0.741736 0.019157 0.186849
0 0.127846 0.750617 0.019157 0.186849
0 0.143085 0.739195 0.019157 0.186849
0 0.158008 0.743002 0.019157 0.186849
0 0.170131 0.748923 0.019157 0.186849
0 0.191277 0.751883 0.019157 0.186849
0 0.205892 0.749351 0.019157 0.186849
0 0.222685 0.746391 0.019157 0.186849
0 0.240408 0.746391 0.019157 0.186849
0 0.286431 0.745544 0.019157 0.186849
0 0.300738 0.753149 0.019157 0.186849
0 0.352977 0.752312 0.019157 0.186849
0 0.365731 0.762877 0.019157 0.186849
0 0.379408 0.745544 0.019157 0.186849
0 0.392162 0.744697 0.019157 0.186849
0 0.400554 0.743849 0.019157 0.186849
0 0.410508 0.743431 0.019157 0.186849
0 0.421392 0.743431 0.019157 0.186849
0 0.433831 0.743849 0.019157 0.186849
0 0.448438 0.743002 0.019157 0.186849
0 0.462123 0.740889 0.019157 0.186849
0 0.469277 0.739195 0.019157 0.186849
0 0.473008 0.738358 0.019157 0.186849
0 0.477362 0.739623 0.019157 0.186849
0 0.486692 0.740471 0.019157 0.186849
0 0.500369 0.741308 0.019157 0.186849
0 0.513746 0.740471 0.019157 0.186849
0 0.524008 0.739195 0.019157 0.186849
0 0.533646 0.739623 0.019157 0.186849
0 0.545146 0.740042 0.019157 0.186849
0 0.555100 0.740889 0.019157 0.186849
0 0.564738 0.740889 0.019157 0.186849
0 0.577492 0.706213 0.019157 0.186849
0 0.592415 0.710021 0.019157 0.186849
0 0.602677 0.732856 0.019157 0.186849
0 0.612008 0.733274 0.019157 0.186849
0 0.616985 0.732008 0.019157 0.186849
0 0.623508 0.732008 0.019157 0.186849
0 0.634085 0.734550 0.019157 0.186849
0 0.644654 0.729895 0.019157 0.186849
0 0.660515 0.736663 0.019157 0.186849
0 0.670469 0.736234 0.019157 0.186849
0 0.677615 0.726935 0.019157 0.186849
0 0.701869 0.739623 0.019157 0.186849
0 0.720838 0.753577 0.019157 0.186849
0 0.733900 0.744268 0.019157 0.186849
0 0.752562 0.742155 0.019157 0.186849
0 0.763754 0.740042 0.019157 0.186849
0 0.778054 0.738358 0.019157 0.186849
0 0.793915 0.737929 0.019157 0.186849
0 0.807600 0.740471 0.019157 0.186849
0 0.828746 0.741736 0.019157 0.186849
0 0.841185 0.742584 0.019157 0.186849
0 0.853623 0.742584 0.019157 0.186849
0 0.865123 0.742584 0.019157 0.186849
0 0.879115 0.739195 0.019157 0.186849
0 0.892800 0.724404 0.019157 0.186849
0 0.914569 0.726935 0.019157 0.186849
0 0.932915 0.740889 0.019157 0.186849
0 0.946908 0.733703 0.019157 0.186849
0 0.970854 0.724822 0.019157 0.186849
0 0.986092 0.727354 0.019157 0.186849
0 0.024915 0.889310 0.019157 0.186849
0 0.361446 0.896015 0.019157 0.186849
0 0.696400 0.891381 0.019157 0.186849