0 0.004438 0.115306 0.011029 0.187500
0 0.013157 0.115306 0.011029 0.187500
0 0.021882 0.117361 0.011029 0.187500
0 0.031092 0.120444 0.011029 0.187500
0 0.041752 0.120444 0.011029 0.187500
0 0.049026 0.120444 0.011029 0.187500
0 0.059686 0.123542 0.011029 0.187500
0 0.068412 0.121486 0.011029 0.187500
0 0.077137 0.118389 0.011029 0.187500
0 0.084889 0.118389 0.011029 0.187500
0 0.093614 0.115306 0.011029 0.187500
0 0.103791 0.115306 0.011029 0.187500
0 0.112516 0.115306 0.011029 0.187500
0 0.121242 0.117361 0.011029 0.187500
0 0.130935 0.117361 0.011029 0.187500
0 0.140144 0.105000 0.011029 0.187500
0 0.149837 0.105000 0.011029 0.187500
0 0.163405 0.105000 0.011029 0.187500
0 0.175523 0.105000 0.011029 0.187500
0 0.188614 0.125597 0.011029 0.187500
0 0.198307 0.124569 0.011029 0.187500
0 0.208484 0.123542 0.011029 0.187500
0 0.218660 0.123542 0.011029 0.187500
0 0.223993 0.099847 0.011029 0.187500
0 0.250163 0.115306 0.011029 0.187500
0 0.259373 0.112208 0.011029 0.187500
0 0.268582 0.111181 0.011029 0.187500
0 0.275856 0.112208 0.011029 0.187500
0 0.283608 0.115306 0.011029 0.187500
0 0.304451 0.133833 0.011029 0.187500
0 0.315595 0.129722 0.011029 0.187500
0 0.324320 0.127667 0.011029 0.187500
0 0.390719 0.107056 0.011029 0.187500
0 0.408170 0.113236 0.011029 0.187500
0 0.416412 0.112208 0.011029 0.187500
0 0.423680 0.099847 0.011029 0.187500
0 0.433856 0.101917 0.011029 0.187500
0 0.441131 0.120444 0.011029 0.187500
0 0.452758 0.120444 0.011029 0.187500
0 0.463425 0.121486 0.011029 0.187500
0 0.002013 0.380000 0.011029 0.187500
0 0.016065 0.381028 0.011029 0.187500
0 0.026242 0.382056 0.011029 0.187500
0 0.035941 0.385139 0.011029 0.187500
0 0.047085 0.385139 0.011029 0.187500
0 0.056778 0.388236 0.011029 0.187500
0 0.066961 0.384111 0.011029 0.187500
0 0.077137 0.384111 0.011029 0.187500
0 0.088771 0.383083 0.011029 0.187500
0 0.100399 0.381028 0.011029 0.187500
0 0.107673 0.365569 0.011029 0.187500
0 0.116392 0.365569 0.011029 0.187500
0 0.194425 0.366611 0.011029 0.187500
0 0.209451 0.387208 0.011029 0.187500
0 0.221569 0.386181 0.011029 0.187500
0 0.254046 0.380000 0.011029 0.187500
0 0.263255 0.381028 0.011029 0.187500
0 0.273915 0.378958 0.011029 0.187500
0 0.287000 0.377931 0.011029 0.187500
0 0.297176 0.380000 0.011029 0.187500
0 0.473601 0.122514 0.011029 0.187500
0 0.483294 0.121486 0.011029 0.187500
0 0.495895 0.122514 0.011029 0.187500
0 0.506072 0.125597 0.011029 0.187500
0 0.516739 0.124569 0.011029 0.187500
0 0.527399 0.105000 0.011029 0.187500
0 0.539516 0.109125 0.011029 0.187500
0 0.550667 0.106028 0.011029 0.187500
0 0.562294 0.103972 0.011029 0.187500
0 0.573444 0.121486 0.011029 0.187500
0 0.582654 0.118389 0.011029 0.187500
0 0.593804 0.111181 0.011029 0.187500
0 0.603013 0.110153 0.011029 0.187500
0 0.615124 0.113236 0.011029 0.187500
0 0.625791 0.113236 0.011029 0.187500
0 0.636935 0.127667 0.011029 0.187500
0 0.647601 0.120444 0.011029 0.187500
0 0.658261 0.122514 0.011029 0.187500
0 0.719333 0.114278 0.011029 0.187500
0 0.729510 0.114278 0.011029 0.187500
0 0.741144 0.111181 0.011029 0.187500
0 0.753745 0.111181 0.011029 0.187500
0 0.764405 0.111181 0.011029 0.187500
0 0.796399 0.127667 0.011029 0.187500
0 0.806092 0.126625 0.011029 0.187500
0 0.816752 0.127667 0.011029 0.187500
0 0.827418 0.130750 0.011029 0.187500
0 0.833229 0.130750 0.011029 0.187500
0 0.841954 0.129722 0.011029 0.187500
0 0.850680 0.129722 0.011029 0.187500
0 0.868614 0.134875 0.011029 0.187500
0 0.881216 0.135903 0.011029 0.187500
0 0.894784 0.133833 0.011029 0.187500
0 0.698490 0.369694 0.011029 0.187500
0 0.706248 0.369694 0.011029 0.187500
0 0.715941 0.386181 0.011029 0.187500
0 0.728542 0.385139 0.011029 0.187500
0 0.739686 0.386181 0.011029 0.187500
0 0.756170 0.363514 0.011029 0.187500
0 0.770222 0.360431 0.011029 0.187500
0 0.798817 0.367639 0.011029 0.187500
0 0.809967 0.367639 0.011029 0.187500
0 0.822569 0.367639 0.011029 0.187500
0 0.830320 0.371750 0.011029 0.187500
0 0.840503 0.371750 0.011029 0.187500
0 0.850196 0.386181 0.011029 0.187500
0 0.856013 0.388236 0.011029 0.187500
0 0.865222 0.388236 0.011029 0.187500
0 0.873941 0.387208 0.011029 0.187500
0 0.884124 0.388236 0.011029 0.187500
0 0.892359 0.389264 0.011029 0.187500
0 0.902542 0.385139 0.011029 0.187500
0 0.009157 0.630792 0.011029 0.187500
0 0.021020 0.630792 0.011029 0.187500
0 0.032882 0.629306 0.011029 0.187500
0 0.041961 0.636722 0.011029 0.187500
0 0.055216 0.638208 0.011029 0.187500
0 0.066386 0.639694 0.011029 0.187500
0 0.075458 0.638208 0.011029 0.187500
0 0.086627 0.638208 0.011029 0.187500
0 0.097098 0.641181 0.011029 0.187500
0 0.106869 0.639694 0.011029 0.187500
0 0.115242 0.639694 0.011029 0.187500
0 0.123614 0.641181 0.011029 0.187500
0 0.131993 0.627833 0.011029 0.187500
0 0.141065 0.626347 0.011029 0.187500
0 0.150137 0.626347 0.011029 0.187500
0 0.161307 0.626347 0.011029 0.187500
0 0.172471 0.624861 0.011029 0.187500
0 0.253431 0.636722 0.011029 0.187500
0 0.268092 0.639694 0.011029 0.187500
0 0.293216 0.653042 0.011029 0.187500
0 0.011248 0.890333 0.011029 0.187500
0 0.028699 0.888847 0.011029 0.187500
0 0.099190 0.899236 0.011029 0.187500
0 0.109660 0.897750 0.011029 0.187500
0 0.123614 0.897750 0.011029 0.187500
0 0.134085 0.893306 0.011029 0.187500
0 0.146647 0.894792 0.011029 0.187500
0 0.157817 0.893306 0.011029 0.187500
0 0.167588 0.897750 0.011029 0.187500
0 0.178052 0.894792 0.011029 0.187500
0 0.188523 0.894792 0.011029 0.187500
0 0.201085 0.897750 0.011029 0.187500
0 0.211556 0.897750 0.011029 0.187500
0 0.221327 0.893306 0.011029 0.187500
0 0.254131 0.899236 0.011029 0.187500
0 0.268092 0.897750 0.011029 0.187500
0 0.284144 0.896264 0.011029 0.187500
0 0.298797 0.896264 0.011029 0.187500
0 0.312059 0.911097 0.011029 0.187500
0 0.323922 0.914069 0.011029 0.187500
0 0.335092 0.908139 0.011029 0.187500
0 0.344863 0.908139 0.011029 0.187500
0 0.355333 0.909611 0.011029 0.187500
0 0.365797 0.908139 0.011029 0.187500
0 0.377667 0.911097 0.011029 0.187500
0 0.387438 0.911097 0.011029 0.187500
0 0.397209 0.911097 0.011029 0.187500
0 0.404882 0.908139 0.011029 0.187500
0 0.416752 0.908139 0.011029 0.187500
0 0.425124 0.908139 0.011029 0.187500
0 0.434895 0.908139 0.011029 0.187500
0 0.445366 0.906653 0.011029 0.187500
0 0.456529 0.906653 0.011029 0.187500
0 0.469791 0.906653 0.011029 0.187500
0 0.479562 0.906653 0.011029 0.187500
0 0.492124 0.906653 0.011029 0.187500
0 0.504686 0.906653 0.011029 0.187500
0 0.513065 0.905167 0.011029 0.187500
0 0.523536 0.906653 0.011029 0.187500
0 0.534699 0.906653 0.011029 0.187500
0 0.594026 0.909611 0.011029 0.187500
0 0.642183 0.900722 0.011029 0.187500
0 0.935497 0.123542 0.011029 0.187500
0 0.950523 0.121486 0.011029 0.187500
0 0.972817 0.125597 0.011029 0.187500
0 0.987843 0.125597 0.011029 0.187500
0 0.913686 0.387208 0.011029 0.187500
0 0.921444 0.387208 0.011029 0.187500
0 0.930654 0.388236 0.011029 0.187500
0 0.939863 0.387208 0.011029 0.187500
0 0.953915 0.384111 0.011029 0.187500
0 0.962157 0.377931 0.011029 0.187500
0 0.969908 0.375875 0.011029 0.187500
0 0.981542 0.394417 0.011029 0.187500
0 0.997052 0.391319 0.011029 0.187500
0 0.699948 0.645722 0.011029 0.187500
0 0.709641 0.639542 0.011029 0.187500
0 0.719817 0.650875 0.011029 0.187500
0 0.731451 0.645722 0.011029 0.187500
0 0.743569 0.641597 0.011029 0.187500
0 0.755686 0.648806 0.011029 0.187500
0 0.764889 0.643653 0.011029 0.187500
0 0.793974 0.647778 0.011029 0.187500
0 0.805608 0.646750 0.011029 0.187500
0 0.817719 0.644694 0.011029 0.187500
0 0.837111 0.627181 0.011029 0.187500
0 0.844863 0.626153 0.011029 0.187500
0 0.853105 0.633361 0.011029 0.187500
0 0.864732 0.634389 0.011029 0.187500
0 0.874915 0.633361 0.011029 0.187500
0 0.885092 0.633361 0.011029 0.187500
0 0.896242 0.630264 0.011029 0.187500
0 0.903026 0.646750 0.011029 0.187500
0 0.911752 0.647778 0.011029 0.187500
0 0.920961 0.645722 0.011029 0.187500
0 0.932588 0.646750 0.011029 0.187500
0 0.945673 0.646750 0.011029 0.187500
0 0.959248 0.648806 0.011029 0.187500
0 0.972333 0.638514 0.011029 0.187500
0 0.983484 0.638514 0.011029 0.187500
0 0.995595 0.637486 0.011029 0.187500
0 0.652654 0.902194 0.011029 0.187500
0 0.667307 0.905167 0.011029 0.187500
0 0.676379 0.905167 0.011029 0.187500
0 0.688941 0.902208 0.011029 0.187500
0 0.699412 0.902208 0.011029 0.187500
0 0.709183 0.905167 0.011029 0.187500
0 0.719654 0.905167 0.011029 0.187500
0 0.732915 0.906653 0.011029 0.187500
0 0.744078 0.905167 0.011029 0.187500
0 0.760131 0.900722 0.011029 0.187500
0 0.767810 0.899236 0.011029 0.187500
0 0.814569 0.908139 0.011029 0.187500
0 0.822948 0.893306 0.011029 0.187500
0 0.831320 0.893306 0.011029 0.187500
0 0.841092 0.902208 0.011029 0.187500
0 0.850863 0.903681 0.011029 0.187500
0 0.863425 0.900722 0.011029 0.187500
0 0.878085 0.899236 0.011029 0.187500
0 0.889248 0.899236 0.011029 0.187500
0 0.904608 0.906653 0.011029 0.187500
0 0.919961 0.906653 0.011029 0.187500
0 0.934614 0.899236 0.011029 0.187500
0 0.945784 0.899236 0.011029 0.187500
0 0.959739 0.900722 0.011029 0.187500
0 0.975098 0.887375 0.011029 0.187500
0 0.987660 0.893306 0.011029 0.187500
0 0.998131 0.887375 0.011029 0.187500