0 0.015057 0.206833 0.020703 0.187500
0 0.034157 0.210190 0.020703 0.187500
0 0.051243 0.208524 0.020703 0.187500
0 0.072343 0.173333 0.020703 0.187500
0 0.097471 0.173333 0.020703 0.187500
0 0.159786 0.126452 0.020703 0.187500
0 0.163800 0.101310 0.020703 0.187500
0 0.123600 0.205167 0.020703 0.187500
0 0.140686 0.211857 0.020703 0.187500
0 0.154757 0.208524 0.020703 0.187500
0 0.179886 0.210190 0.020703 0.187500
0 0.196971 0.210190 0.020703 0.187500
0 0.215057 0.210190 0.020703 0.187500
0 0.230143 0.211857 0.020703 0.187500
0 0.245214 0.205167 0.020703 0.187500
0 0.266314 0.203500 0.020703 0.187500
0 0.284414 0.176690 0.020703 0.187500
0 0.300486 0.181714 0.020703 0.187500
0 0.329629 0.181714 0.020703 0.187500
0 0.346714 0.181714 0.020703 0.187500
0 0.370843 0.181714 0.020703 0.187500
0 0.433157 0.190095 0.020703 0.187500
0 0.464314 0.205167 0.020703 0.187500
0 0.475357 0.205167 0.020703 0.187500
0 0.495457 0.205167 0.020703 0.187500
0 0.513557 0.205167 0.020703 0.187500
0 0.530643 0.205167 0.020703 0.187500
0 0.544714 0.208524 0.020703 0.187500
0 0.563800 0.208524 0.020703 0.187500
0 0.575871 0.210190 0.020703 0.187500
0 0.619086 0.203500 0.020703 0.187500
0 0.648229 0.203500 0.020703 0.187500
0 0.662300 0.203500 0.020703 0.187500
0 0.681386 0.205167 0.020703 0.187500
0 0.699486 0.206833 0.020703 0.187500
0 0.713557 0.206833 0.020703 0.187500
0 0.729629 0.206833 0.020703 0.187500
0 0.745714 0.206833 0.020703 0.187500
0 0.764814 0.206833 0.020703 0.187500
0 0.776871 0.203500 0.020703 0.187500
0 0.718586 0.094619 0.020703 0.187500
0 0.713557 0.064476 0.020703 0.187500
0 0.829129 0.032643 0.020703 0.187500
0 0.828129 0.064476 0.020703 0.187500
0 0.827114 0.097976 0.020703 0.187500
0 0.799986 0.200143 0.020703 0.187500
0 0.816071 0.201810 0.020703 0.187500
0 0.837171 0.195119 0.020703 0.187500
0 0.856271 0.191762 0.020703 0.187500
0 0.873357 0.186738 0.020703 0.187500
0 0.892443 0.186738 0.020703 0.187500
0 0.917571 0.186738 0.020703 0.187500
0 0.936671 0.186738 0.020703 0.187500
0 0.026114 0.407857 0.020703 0.187500
0 0.018071 0.615548 0.020703 0.187500
0 0.062300 0.422929 0.020703 0.187500
0 0.086414 0.427952 0.020703 0.187500
0 0.112543 0.417905 0.020703 0.187500
0 0.139686 0.416214 0.020703 0.187500
0 0.155771 0.416214 0.020703 0.187500
0 0.177871 0.419571 0.020703 0.187500
0 0.217071 0.411190 0.020703 0.187500
0 0.259286 0.412881 0.020703 0.187500
0 0.301500 0.412881 0.020703 0.187500
0 0.330643 0.414548 0.020703 0.187500
0 0.364814 0.424595 0.020703 0.187500
0 0.381900 0.424595 0.020703 0.187500
0 0.382900 0.602143 0.020703 0.187500
0 0.375871 0.608857 0.020703 0.187500
0 0.360786 0.608857 0.020703 0.187500
0 0.344714 0.613881 0.020703 0.187500
0 0.336671 0.612214 0.020703 0.187500
0 0.323600 0.608857 0.020703 0.187500
0 0.344714 0.528452 0.020703 0.187500
0 0.301500 0.617238 0.020703 0.187500
0 0.273357 0.618905 0.020703 0.187500
0 0.251243 0.622262 0.020703 0.187500
0 0.230143 0.613881 0.020703 0.187500
0 0.205014 0.617238 0.020703 0.187500
0 0.169829 0.608857 0.020703 0.187500
0 0.127629 0.615548 0.020703 0.187500
0 0.100486 0.618905 0.020703 0.187500
0 0.082400 0.620571 0.020703 0.187500
0 0.061286 0.622262 0.020703 0.187500
0 0.048229 0.625595 0.020703 0.187500
0 0.054257 0.538500 0.020703 0.187500
0 0.190943 0.528452 0.020703 0.187500
0 0.423100 0.518405 0.020703 0.187500
0 0.460286 0.508357 0.020703 0.187500
0 0.514557 0.513381 0.020703 0.187500
0 0.550743 0.511690 0.020703 0.187500
0 0.580886 0.496619 0.020703 0.187500
0 0.508529 0.332476 0.020703 0.187500
0 0.478371 0.704333 0.020703 0.187500
0 0.668329 0.365976 0.020703 0.187500
0 0.658271 0.392762 0.020703 0.187500
0 0.663300 0.417905 0.020703 0.187500
0 0.620086 0.501643 0.020703 0.187500
0 0.636171 0.501643 0.020703 0.187500
0 0.656271 0.499976 0.020703 0.187500
0 0.672343 0.503333 0.020703 0.187500
0 0.693457 0.499976 0.020703 0.187500
0 0.709529 0.503333 0.020703 0.187500
0 0.729629 0.503333 0.020703 0.187500
0 0.750743 0.503333 0.020703 0.187500
0 0.765814 0.496619 0.020703 0.187500
0 0.778886 0.496619 0.020703 0.187500
0 0.792957 0.496619 0.020703 0.187500
0 0.826114 0.453071 0.020703 0.187500
0 0.852243 0.478190 0.020703 0.187500
0 0.869329 0.481548 0.020703 0.187500
0 0.895457 0.479881 0.020703 0.187500
0 0.911543 0.478190 0.020703 0.187500
0 0.937671 0.476524 0.020703 0.187500
0 0.923600 0.360952 0.020703 0.187500
0 0.923600 0.329119 0.020703 0.187500
0 0.616071 0.665810 0.020703 0.187500
0 0.629129 0.664119 0.020703 0.187500
0 0.637171 0.664119 0.020703 0.187500
0 0.650243 0.662452 0.020703 0.187500
0 0.665314 0.664119 0.020703 0.187500
0 0.681386 0.664119 0.020703 0.187500
0 0.701500 0.665810 0.020703 0.187500
0 0.714557 0.665810 0.020703 0.187500
0 0.733657 0.662452 0.020703 0.187500
0 0.745714 0.662452 0.020703 0.187500
0 0.757771 0.662452 0.020703 0.187500
0 0.770843 0.662452 0.020703 0.187500
0 0.778886 0.662452 0.020703 0.187500
0 0.792957 0.662452 0.020703 0.187500
0 0.803000 0.664119 0.020703 0.187500
0 0.827114 0.667476 0.020703 0.187500
0 0.845214 0.684238 0.020703 0.187500
0 0.863300 0.692595 0.020703 0.187500
0 0.879386 0.692595 0.020703 0.187500
0 0.635157 0.059429 0.020703 0.187500
0 0.643200 0.084571 0.020703 0.187500
0 0.640186 0.114714 0.020703 0.187500
0 0.894457 0.665810 0.020703 0.187500
0 0.911543 0.672500 0.020703 0.187500
0 0.925614 0.664119 0.020703 0.187500
0 0.945714 0.660786 0.020703 0.187500
0 0.019086 0.829952 0.020703 0.187500
0 0.058271 0.821595 0.020703 0.187500
0 0.081386 0.819905 0.020703 0.187500
0 0.128629 0.829952 0.020703 0.187500
0 0.154757 0.829952 0.020703 0.187500
0 0.197971 0.845024 0.020703 0.187500
0 0.227114 0.843357 0.020703 0.187500
0 0.261286 0.851738 0.020703 0.187500
0 0.294457 0.836667 0.020703 0.187500
0 0.320586 0.836667 0.020703 0.187500
0 0.343700 0.836667 0.020703 0.187500
0 0.374857 0.834976 0.020703 0.187500
0 0.420086 0.826619 0.020703 0.187500
0 0.437171 0.824929 0.020703 0.187500
0 0.458271 0.821595 0.020703 0.187500
0 0.478371 0.814881 0.020703 0.187500
0 0.498471 0.808190 0.020703 0.187500
0 0.522600 0.814881 0.020703 0.187500
0 0.537671 0.813214 0.020703 0.187500
0 0.556771 0.818238 0.020703 0.187500
0 0.574857 0.814881 0.020703 0.187500
0 0.419086 0.960619 0.020703 0.187500
0 0.446214 0.963952 0.020703 0.187500
0 0.466314 0.955595 0.020703 0.187500
0 0.478371 0.958929 0.020703 0.187500
0 0.505514 0.968976 0.020703 0.187500
0 0.518586 0.968976 0.020703 0.187500
0 0.536671 0.967310 0.020703 0.187500
0 0.556771 0.974024 0.020703 0.187500
0 0.570843 0.975690 0.020703 0.187500
0 0.614057 0.846714 0.020703 0.187500
0 0.954757 0.481548 0.020703 0.187500
0 0.976871 0.478190 0.020703 0.187500
0 0.962800 0.675857 0.020703 0.187500
0 0.976871 0.674190 0.020703 0.187500
0 0.993957 0.669167 0.020703 0.187500
0 0.992957 0.836667 0.020703 0.187500
0 0.972843 0.840000 0.020703 0.187500
0 0.962800 0.841690 0.020703 0.187500
0 0.947729 0.846714 0.020703 0.187500
0 0.933657 0.846714 0.020703 0.187500
0 0.920586 0.843357 0.020703 0.187500
0 0.909529 0.843357 0.020703 0.187500
0 0.903500 0.843357 0.020703 0.187500
0 0.894457 0.838333 0.020703 0.187500
0 0.866314 0.846714 0.020703 0.187500
0 0.853257 0.845024 0.020703 0.187500
0 0.831143 0.846714 0.020703 0.187500
0 0.821086 0.848381 0.020703 0.187500
0 0.813057 0.845024 0.020703 0.187500
0 0.806014 0.845024 0.020703 0.187500
0 0.788929 0.845024 0.020703 0.187500
0 0.765814 0.846714 0.020703 0.187500
0 0.753757 0.846714 0.020703 0.187500
0 0.737671 0.833310 0.020703 0.187500
0 0.727629 0.836667 0.020703 0.187500
0 0.711543 0.841690 0.020703 0.187500
0 0.698471 0.838333 0.020703 0.187500
0 0.688429 0.838333 0.020703 0.187500
0 0.678371 0.838333 0.020703 0.187500
0 0.667329 0.843357 0.020703 0.187500
0 0.649229 0.850071 0.020703 0.187500
0 0.637171 0.850071 0.020703 0.187500
0 0.632143 0.833310 0.020703 0.187500
0 0.622100 0.833310 0.020703 0.187500
0 0.620086 0.970667 0.020703 0.187500
0 0.635157 0.967310 0.020703 0.187500
0 0.647229 0.967310 0.020703 0.187500
0 0.659286 0.972333 0.020703 0.187500
0 0.671343 0.968976 0.020703 0.187500
0 0.692443 0.977357 0.020703 0.187500
0 0.705514 0.970667 0.020703 0.187500
0 0.720586 0.974024 0.020703 0.187500
0 0.738686 0.972333 0.020703 0.187500
0 0.758786 0.967310 0.020703 0.187500
0 0.774857 0.970667 0.020703 0.187500
0 0.788929 0.970667 0.020703 0.187500
0 0.804000 0.970667 0.020703 0.187500
0 0.822100 0.970667 0.020703 0.187500
0 0.840186 0.970667 0.020703 0.187500
0 0.858271 0.970667 0.020703 0.187500
0 0.879386 0.970667 0.020703 0.187500
0 0.901500 0.965643 0.020703 0.187500
0 0.917571 0.967310 0.020703 0.187500
0 0.931643 0.967310 0.020703 0.187500
0 0.947729 0.967310 0.020703 0.187500
0 0.975871 0.974024 0.020703 0.187500
0 0.990943 0.974024 0.020703 0.187500