0 0.144057 0.124303 0.230576 0.230903
0 0.392057 0.122789 0.230576 0.230903
0 0.631314 0.122789 0.230576 0.230903
0 0.848686 0.128858 0.230576 0.230903
0 0.125086 0.368249 0.230576 0.230903
0 0.389143 0.363709 0.230576 0.230903
0 0.607971 0.368249 0.230576 0.230903
0 0.870571 0.377344 0.230576 0.230903
0 0.120714 0.619763 0.230576 0.230903
0 0.378929 0.600074 0.230576 0.230903
0 0.610900 0.615223 0.230576 0.230903
0 0.853071 0.636424 0.230576 0.230903
0 0.348300 0.859154 0.230576 0.230903
0 0.600686 0.868249 0.230576 0.230903