0 0.491812 0.686302 0.065104 0.041667
0 0.513586 0.714083 0.065104 0.041667
0 0.550523 0.659781 0.065104 0.041667
0 0.897109 0.480490 0.065104 0.041667
0 0.931203 0.544885 0.065104 0.041667
0 0.898062 0.412313 0.065104 0.041667
0 0.934992 0.448927 0.065104 0.041667
0 0.954875 0.427458 0.065104 0.041667
0 0.960562 0.304990 0.065104 0.041667
0 0.951086 0.239333 0.065104 0.041667
0 0.993062 0.436750 0.065104 0.041667
0 0.984352 0.279948 0.065104 0.041667
0 0.068180 0.132573 0.065104 0.041667
0 0.042141 0.063135 0.065104 0.041667
0 0.256789 0.109427 0.065104 0.041667
0 0.334125 0.111531 0.065104 0.041667
0 0.353063 0.091542 0.065104 0.041667
0 0.384625 0.077865 0.065104 0.041667
0 0.411461 0.032615 0.065104 0.041667
0 0.405938 0.016833 0.065104 0.041667
0 0.448547 0.056823 0.065104 0.041667
0 0.488008 0.067344 0.065104 0.041667
0 0.341227 0.227271 0.065104 0.041667
0 0.410672 0.238844 0.065104 0.041667
0 0.558242 0.108375 0.065104 0.041667
0 0.607953 0.079969 0.065104 0.041667
0 0.649781 0.133625 0.065104 0.041667
0 0.637156 0.194656 0.065104 0.041667
0 0.666352 0.332490 0.065104 0.041667
0 0.691602 0.433500 0.065104 0.041667
0 0.424875 0.458750 0.065104 0.041667
0 0.067391 0.418771 0.065104 0.041667
0 0.162086 0.507156 0.065104 0.041667
0 0.062656 0.515573 0.065104 0.041667
0 0.785672 0.317969 0.065104 0.041667
0 0.408695 0.599219 0.065104 0.041667
0 0.111430 0.551979 0.065104 0.041667
0 0.011836 0.546510 0.065104 0.041667
0 0.618688 0.541031 0.065104 0.041667
0 0.644570 0.499260 0.065104 0.041667
0 0.742742 0.515573 0.065104 0.041667
0 0.755047 0.482854 0.065104 0.041667
0 0.793875 0.481479 0.065104 0.041667
0 0.778883 0.449917 0.065104 0.041667
0 0.102195 0.679927 0.065104 0.041667
0 0.113953 0.620260 0.065104 0.041667
0 0.008742 0.485521 0.065104 0.041667