0 0.645316 0.204633 0.023729 0.030382
0 0.643480 0.190199 0.023729 0.030382
0 0.633543 0.167568 0.023729 0.030382
0 0.670348 0.156531 0.023729 0.030382
0 0.589378 0.154553 0.023729 0.030382
0 0.595633 0.164737 0.023729 0.030382
0 0.010820 0.918293 0.023729 0.030382
0 0.050192 0.955542 0.023729 0.030382
0 0.080477 0.913636 0.023729 0.030382
0 0.329258 0.775112 0.023729 0.030382
0 0.046442 0.882807 0.023729 0.030382
0 0.088615 0.881954 0.023729 0.030382
0 0.124134 0.901579 0.023729 0.030382
0 0.156317 0.910965 0.023729 0.030382
0 0.140228 0.940829 0.023729 0.030382
0 0.150213 0.957895 0.023729 0.030382
0 0.158537 0.975813 0.023729 0.030382
0 0.220140 0.990311 0.023729 0.030382
0 0.242334 0.956188 0.023729 0.030382
0 0.228465 0.939123 0.023729 0.030382
0 0.232899 0.914378 0.023729 0.030382
0 0.204601 0.929737 0.023729 0.030382
0 0.186286 0.899872 0.023729 0.030382
0 0.169637 0.873421 0.023729 0.030382
0 0.150768 0.835032 0.023729 0.030382
0 0.105820 0.844418 0.023729 0.030382
0 0.055877 0.843565 0.023729 0.030382
0 0.066416 0.799195 0.023729 0.030382
0 0.030348 0.817967 0.023729 0.030382
0 0.010923 0.811140 0.023729 0.030382
0 0.017028 0.757384 0.023729 0.030382
0 0.045332 0.779569 0.023729 0.030382
0 0.069191 0.747145 0.023729 0.030382
0 0.085840 0.783836 0.023729 0.030382
0 0.115809 0.754825 0.023729 0.030382
0 0.145223 0.759091 0.023729 0.030382
0 0.127464 0.817113 0.023729 0.030382
0 0.163532 0.801754 0.023729 0.030382
0 0.172967 0.787249 0.023729 0.030382
0 0.212925 0.871715 0.023729 0.030382
0 0.251769 0.883660 0.023729 0.030382
0 0.271193 0.912671 0.023729 0.030382
0 0.282293 0.927177 0.023729 0.030382
0 0.292282 0.952775 0.023729 0.030382
0 0.325576 0.921204 0.023729 0.030382
0 0.304492 0.904139 0.023729 0.030382
0 0.332790 0.889633 0.023729 0.030382
0 0.364979 0.870861 0.023729 0.030382
0 0.394943 0.887073 0.023729 0.030382
0 0.393278 0.910112 0.023729 0.030382
0 0.411592 0.938270 0.023729 0.030382
0 0.422692 0.917791 0.023729 0.030382
0 0.321136 0.857209 0.023729 0.030382
0 0.293947 0.829912 0.023729 0.030382
0 0.267863 0.836738 0.023729 0.030382
0 0.257873 0.855502 0.023729 0.030382
0 0.262868 0.817967 0.023729 0.030382
0 0.268973 0.785542 0.023729 0.030382
0 0.243444 0.778716 0.023729 0.030382
0 0.234564 0.807727 0.023729 0.030382
0 0.219030 0.811994 0.023729 0.030382
0 0.211260 0.775303 0.023729 0.030382
0 0.191281 0.770183 0.023729 0.030382
0 0.179627 0.741172 0.023729 0.030382
0 0.095830 0.710463 0.023729 0.030382
0 0.024243 0.707903 0.023729 0.030382
0 0.037007 0.672065 0.023729 0.030382
0 0.113034 0.696810 0.023729 0.030382
0 0.106374 0.671212 0.023729 0.030382
0 0.125244 0.677185 0.023729 0.030382
0 0.133013 0.685718 0.023729 0.030382
0 0.147993 0.693397 0.023729 0.030382
0 0.175187 0.689131 0.023729 0.030382
0 0.166307 0.675478 0.023729 0.030382
0 0.192391 0.708756 0.023729 0.030382
0 0.211815 0.697663 0.023729 0.030382
0 0.222360 0.709609 0.023729 0.030382
0 0.229570 0.730933 0.023729 0.030382
0 0.250659 0.709609 0.023729 0.030382
0 0.266753 0.719848 0.023729 0.030382
0 0.291727 0.706196 0.023729 0.030382
0 0.290617 0.740319 0.023729 0.030382
0 0.314476 0.733493 0.023729 0.030382
0 0.360539 0.771890 0.023729 0.030382
0 0.363314 0.734346 0.023729 0.030382
0 0.403268 0.788102 0.023729 0.030382
0 0.424357 0.811140 0.023729 0.030382
0 0.429907 0.766770 0.023729 0.030382
0 0.374969 0.823086 0.023729 0.030382
0 0.349995 0.822233 0.023729 0.030382
0 0.328351 0.805167 0.023729 0.030382
0 0.407152 0.857209 0.023729 0.030382
0 0.396608 0.722408 0.023729 0.030382
0 0.413257 0.707049 0.023729 0.030382
0 0.359984 0.702783 0.023729 0.030382
0 0.343335 0.687424 0.023729 0.030382
0 0.349995 0.669506 0.023729 0.030382
0 0.316867 0.695957 0.023729 0.030382
0 0.335731 0.710207 0.023729 0.030382
0 0.321084 0.675223 0.023729 0.030382
0 0.296442 0.677608 0.023729 0.030382
0 0.286784 0.682903 0.023729 0.030382
0 0.276411 0.663365 0.023729 0.030382
0 0.309927 0.664553 0.023729 0.030382
0 0.304933 0.648604 0.023729 0.030382
0 0.284901 0.637935 0.023729 0.030382
0 0.242500 0.633158 0.023729 0.030382
0 0.233237 0.648006 0.023729 0.030382
0 0.198937 0.659266 0.023729 0.030382
0 0.177739 0.653892 0.023729 0.030382
0 0.192002 0.633158 0.023729 0.030382
0 0.185840 0.625478 0.023729 0.030382
0 0.150384 0.643820 0.023729 0.030382
0 0.145389 0.628381 0.023729 0.030382
0 0.122635 0.633158 0.023729 0.030382
0 0.092168 0.668142 0.023729 0.030382
0 0.071359 0.665152 0.023729 0.030382
0 0.047827 0.638876 0.023729 0.030382
0 0.027018 0.633246 0.023729 0.030382
0 0.078351 0.631794 0.023729 0.030382
0 0.103325 0.609777 0.023729 0.030382
0 0.057982 0.593397 0.023729 0.030382
0 0.013143 0.603381 0.023729 0.030382
0 0.004818 0.587679 0.023729 0.030382
0 0.000659 0.665239 0.023729 0.030382
0 0.122303 0.604067 0.023729 0.030382
0 0.141722 0.594848 0.023729 0.030382
0 0.156987 0.610463 0.023729 0.030382
0 0.192557 0.608333 0.023729 0.030382
0 0.228631 0.603381 0.023729 0.030382
0 0.217531 0.628214 0.023729 0.030382
0 0.422749 0.683836 0.023729 0.030382
0 0.381515 0.633756 0.023729 0.030382
0 0.335456 0.635207 0.023729 0.030382
0 0.300939 0.610120 0.023729 0.030382
0 0.266421 0.623429 0.023729 0.030382
0 0.281795 0.596898 0.023729 0.030382
0 0.260648 0.607217 0.023729 0.030382
0 0.260648 0.585040 0.023729 0.030382
0 0.127350 0.579147 0.023729 0.030382
0 0.114922 0.561491 0.023729 0.030382
0 0.008480 0.562943 0.023729 0.030382
0 0.464813 0.870263 0.023729 0.030382
0 0.471473 0.844673 0.023729 0.030382
0 0.487453 0.848764 0.023729 0.030382
0 0.506100 0.811906 0.023729 0.030382
0 0.519419 0.833405 0.023729 0.030382
0 0.526743 0.869242 0.023729 0.030382
0 0.497443 0.915319 0.023729 0.030382
0 0.476136 0.913270 0.023729 0.030382
0 0.527412 0.963437 0.023729 0.030382
0 0.558709 0.919410 0.023729 0.030382
0 0.571364 0.885622 0.023729 0.030382
0 0.579352 0.817026 0.023729 0.030382
0 0.548719 0.755598 0.023729 0.030382
0 0.548055 0.791427 0.023729 0.030382
0 0.516089 0.779147 0.023729 0.030382
0 0.457490 0.792456 0.023729 0.030382
0 0.434180 0.744330 0.023729 0.030382
0 0.438843 0.705423 0.023729 0.030382
0 0.455488 0.732049 0.023729 0.030382
0 0.466810 0.721810 0.023729 0.030382
0 0.479466 0.675734 0.023729 0.030382
0 0.598667 0.835455 0.023729 0.030382
0 0.610654 0.851834 0.023729 0.030382
0 0.638620 0.857982 0.023729 0.030382
0 0.621971 0.903030 0.023729 0.030382
0 0.641286 0.917368 0.023729 0.030382
0 0.654606 0.891770 0.023729 0.030382
0 0.639289 0.965486 0.023729 0.030382
0 0.630628 0.986986 0.023729 0.030382
0 0.647946 0.997225 0.023729 0.030382
0 0.693895 0.965486 0.023729 0.030382
0 0.715202 0.978796 0.023729 0.030382
0 0.739175 0.964466 0.023729 0.030382
0 0.723859 0.935797 0.023729 0.030382
0 0.739844 0.911220 0.023729 0.030382
0 0.725192 0.902010 0.023729 0.030382
0 0.726525 0.871292 0.023729 0.030382
0 0.756494 0.879482 0.023729 0.030382
0 0.767147 0.859003 0.023729 0.030382
0 0.687235 0.869242 0.023729 0.030382
0 0.707215 0.859003 0.023729 0.030382
0 0.673252 0.847743 0.023729 0.030382
0 0.711209 0.834434 0.023729 0.030382
0 0.745835 0.806786 0.023729 0.030382
0 0.721198 0.796547 0.023729 0.030382
0 0.726525 0.780167 0.023729 0.030382
0 0.702552 0.787337 0.023729 0.030382
0 0.669922 0.787337 0.023729 0.030382
0 0.629964 0.808836 0.023729 0.030382
0 0.693226 0.757640 0.023729 0.030382
0 0.657936 0.753549 0.023729 0.030382
0 0.604658 0.776069 0.023729 0.030382
0 0.582682 0.765837 0.023729 0.030382
0 0.626634 0.748429 0.023729 0.030382
0 0.587344 0.733070 0.023729 0.030382
0 0.573361 0.725901 0.023729 0.030382
0 0.533402 0.730000 0.023729 0.030382
0 0.526743 0.708501 0.023729 0.030382
0 0.538729 0.689043 0.023729 0.030382
0 0.635960 0.701332 0.023729 0.030382
0 0.625301 0.684952 0.023729 0.030382
0 0.620643 0.678804 0.023729 0.030382
0 0.600664 0.693142 0.023729 0.030382
0 0.576022 0.685973 0.023729 0.030382
0 0.563371 0.673684 0.023729 0.030382
0 0.564035 0.647065 0.023729 0.030382
0 0.713205 0.720781 0.023729 0.030382
0 0.734518 0.702352 0.023729 0.030382
0 0.681909 0.737169 0.023729 0.030382
0 0.651276 0.722831 0.023729 0.030382
0 0.676582 0.678804 0.023729 0.030382
0 0.673916 0.646045 0.023729 0.030382
0 0.693895 0.652185 0.023729 0.030382
0 0.707879 0.672663 0.023729 0.030382
0 0.717199 0.642967 0.023729 0.030382
0 0.699886 0.629657 0.023729 0.030382
0 0.755825 0.674713 0.023729 0.030382
0 0.757822 0.697233 0.023729 0.030382
0 0.751831 0.751499 0.023729 0.030382
0 0.778268 0.989649 0.023729 0.030382
0 0.776271 0.963030 0.023729 0.030382
0 0.784927 0.925144 0.023729 0.030382
0 0.814227 0.896475 0.023729 0.030382
0 0.799575 0.883166 0.023729 0.030382
0 0.809564 0.851427 0.023729 0.030382
0 0.782930 0.824809 0.023729 0.030382
0 0.788257 0.786922 0.023729 0.030382
0 0.812230 0.805351 0.023729 0.030382
0 0.804907 0.752113 0.023729 0.030382
0 0.770275 0.749043 0.023729 0.030382
0 0.832210 0.732663 0.023729 0.030382
0 0.856183 0.745973 0.023729 0.030382
0 0.832873 0.787951 0.023729 0.030382
0 0.842863 0.842217 0.023729 0.030382
0 0.852853 0.859617 0.023729 0.030382
0 0.866172 0.880096 0.023729 0.030382
0 0.840197 0.915933 0.023729 0.030382
0 0.819554 0.951762 0.023729 0.030382
0 0.865503 0.916954 0.023729 0.030382
0 0.878159 0.941531 0.023729 0.030382
0 0.874829 0.988628 0.023729 0.030382
0 0.855513 0.964051 0.023729 0.030382
0 0.909455 0.953812 0.023729 0.030382
0 0.905462 0.920024 0.023729 0.030382
0 0.911452 0.889314 0.023729 0.030382
0 0.923439 0.866786 0.023729 0.030382
0 0.966727 0.854498 0.023729 0.030382
0 0.942085 0.829928 0.023729 0.030382
0 0.960731 0.820710 0.023729 0.030382
0 0.943418 0.794091 0.023729 0.030382
0 0.985373 0.885215 0.023729 0.030382
0 0.964061 0.912863 0.023729 0.030382
0 0.985373 0.933333 0.023729 0.030382
0 0.996027 0.952791 0.023729 0.030382
0 0.964061 0.991699 0.023729 0.030382
0 0.918781 0.994769 0.023729 0.030382
0 0.962064 0.777711 0.023729 0.030382
0 0.892806 0.787951 0.023729 0.030382
0 0.874829 0.804330 0.023729 0.030382
0 0.880820 0.755183 0.023729 0.030382
0 0.924772 0.746994 0.023729 0.030382
0 0.948081 0.745973 0.023729 0.030382
0 0.974051 0.749043 0.023729 0.030382
0 0.976717 0.722424 0.023729 0.030382
0 0.992033 0.688636 0.023729 0.030382
0 0.977381 0.681467 0.023729 0.030382
0 0.962064 0.695805 0.023729 0.030382
0 0.948745 0.710136 0.023729 0.030382
0 0.948745 0.682488 0.023729 0.030382
0 0.892806 0.716276 0.023729 0.030382
0 0.869502 0.710136 0.023729 0.030382
0 0.838869 0.683517 0.023729 0.030382
0 0.820887 0.706037 0.023729 0.030382
0 0.790918 0.717305 0.023729 0.030382
0 0.790918 0.687608 0.023729 0.030382
0 0.883485 0.678397 0.023729 0.030382
0 0.910788 0.678397 0.023729 0.030382
0 0.928102 0.667137 0.023729 0.030382
0 0.945415 0.653820 0.023729 0.030382
0 0.935425 0.626180 0.023729 0.030382
0 0.912785 0.625152 0.023729 0.030382
0 0.922111 0.610821 0.023729 0.030382
0 0.873496 0.630271 0.023729 0.030382
0 0.861509 0.608772 0.023729 0.030382
0 0.856183 0.601603 0.023729 0.030382
0 0.834870 0.606722 0.023729 0.030382
0 0.842863 0.647679 0.023729 0.030382
0 0.804238 0.640510 0.023729 0.030382
0 0.792920 0.650750 0.023729 0.030382
0 0.771608 0.658939 0.023729 0.030382
0 0.774938 0.639490 0.023729 0.030382
0 0.730985 0.586252 0.023729 0.030382
0 0.711006 0.591372 0.023729 0.030382
0 0.664393 0.627201 0.023729 0.030382
0 0.645747 0.619011 0.023729 0.030382
0 0.610451 0.646659 0.023729 0.030382
0 0.506566 0.649729 0.023729 0.030382
0 0.525213 0.658939 0.023729 0.030382
0 0.454212 0.418581 0.023729 0.030382
0 0.431037 0.418581 0.023729 0.030382
0 0.419850 0.407520 0.023729 0.030382
0 0.407064 0.418581 0.023729 0.030382
0 0.403864 0.412440 0.023729 0.030382
0 0.381494 0.421037 0.023729 0.030382
0 0.383890 0.402608 0.023729 0.030382
0 0.389481 0.392783 0.023729 0.030382
0 0.003506 0.511954 0.023729 0.030382
0 0.020290 0.487384 0.023729 0.030382
0 0.040270 0.486156 0.023729 0.030382
0 0.045861 0.498445 0.023729 0.030382
0 0.027479 0.508270 0.023729 0.030382
0 0.077827 0.477552 0.023729 0.030382
0 0.080223 0.495989 0.023729 0.030382
0 0.097806 0.476324 0.023729 0.030382
0 0.132168 0.475096 0.023729 0.030382
0 0.144155 0.476324 0.023729 0.030382
0 0.156940 0.468955 0.023729 0.030382
0 0.162531 0.492297 0.023729 0.030382
0 0.176919 0.478788 0.023729 0.030382
0 0.195296 0.473868 0.023729 0.030382
0 0.220866 0.478788 0.023729 0.030382
0 0.228859 0.470183 0.023729 0.030382
0 0.239248 0.476324 0.023729 0.030382
0 0.215275 0.472640 0.023729 0.030382
0 0.241644 0.489841 0.023729 0.030382
0 0.217671 0.518102 0.023729 0.030382
0 0.195296 0.495989 0.023729 0.030382
0 0.179315 0.503357 0.023729 0.030382
0 0.171323 0.530391 0.023729 0.030382
0 0.180114 0.543900 0.023729 0.030382
0 0.180114 0.578301 0.023729 0.030382
0 0.152941 0.572161 0.023729 0.030382
0 0.128968 0.535303 0.023729 0.030382
0 0.152142 0.531619 0.023729 0.030382
0 0.094606 0.536531 0.023729 0.030382
0 0.091411 0.550048 0.023729 0.030382
0 0.084217 0.563557 0.023729 0.030382
0 0.074632 0.553732 0.023729 0.030382
0 0.025083 0.568477 0.023729 0.030382
0 0.041068 0.550048 0.023729 0.030382
0 0.041867 0.530391 0.023729 0.030382
0 0.073828 0.523014 0.023729 0.030382
0 0.101001 0.509498 0.023729 0.030382
0 0.114585 0.494753 0.023729 0.030382
0 0.065840 0.561100 0.023729 0.030382
0 0.258268 0.534075 0.023729 0.030382
0 0.237168 0.537018 0.023729 0.030382
0 0.252516 0.511954 0.023729 0.030382
0 0.277448 0.488365 0.023729 0.030382
0 0.275529 0.458884 0.023729 0.030382
0 0.296623 0.463301 0.023729 0.030382
0 0.300462 0.448557 0.023729 0.030382
0 0.322516 0.467727 0.023729 0.030382
0 0.319637 0.480997 0.023729 0.030382
0 0.341696 0.485423 0.023729 0.030382
0 0.357038 0.464777 0.023729 0.030382
0 0.358957 0.451507 0.023729 0.030382
0 0.374300 0.447089 0.023729 0.030382
0 0.372381 0.479522 0.023729 0.030382
0 0.360877 0.500159 0.023729 0.030382
0 0.347448 0.511954 0.023729 0.030382
0 0.334025 0.522281 0.023729 0.030382
0 0.321556 0.523756 0.023729 0.030382
0 0.282241 0.538493 0.023729 0.030382
0 0.283200 0.519330 0.023729 0.030382
0 0.290871 0.559139 0.023729 0.030382
0 0.338817 0.588620 0.023729 0.030382
0 0.294710 0.482959 0.023729 0.030382
0 0.223823 0.438852 0.023729 0.030382
0 0.248517 0.429394 0.023729 0.030382
0 0.271214 0.416858 0.023729 0.030382
0 0.278563 0.409737 0.023729 0.030382
0 0.271613 0.392656 0.023729 0.030382
0 0.261224 0.388477 0.023729 0.030382
0 0.250757 0.397943 0.023729 0.030382
0 0.014570 0.451491 0.023729 0.030382
0 0.032142 0.435144 0.023729 0.030382
0 0.025669 0.410965 0.023729 0.030382
0 0.020581 0.391770 0.023729 0.030382
0 0.025669 0.378971 0.023729 0.030382
0 0.029367 0.369019 0.023729 0.030382
0 0.039077 0.362616 0.023729 0.030382
0 0.021966 0.355510 0.023729 0.030382
0 0.003932 0.371148 0.023729 0.030382
0 0.009020 0.354801 0.023729 0.030382
0 0.003932 0.314984 0.023729 0.030382
0 0.012256 0.310000 0.023729 0.030382
0 0.026592 0.301467 0.023729 0.030382
0 0.033065 0.312847 0.023729 0.030382
0 0.042313 0.310000 0.023729 0.030382
0 0.048330 0.322089 0.023729 0.030382
0 0.067749 0.333469 0.023729 0.030382
0 0.055265 0.405279 0.023729 0.030382
0 0.074689 0.435144 0.023729 0.030382
0 0.083475 0.432297 0.023729 0.030382
0 0.097350 0.419498 0.023729 0.030382
0 0.130182 0.427321 0.023729 0.030382
0 0.113071 0.425901 0.023729 0.030382
0 0.122318 0.400303 0.023729 0.030382
0 0.157930 0.430167 0.023729 0.030382
0 0.180124 0.428030 0.023729 0.030382
0 0.196774 0.425183 0.023729 0.030382
0 0.212500 0.410255 0.023729 0.030382
0 0.180591 0.401013 0.023729 0.030382
0 0.174575 0.401722 0.023729 0.030382
0 0.162090 0.405279 0.023729 0.030382
0 0.162090 0.386085 0.023729 0.030382
0 0.153766 0.366882 0.023729 0.030382
0 0.138045 0.359777 0.023729 0.030382
0 0.133418 0.354083 0.023729 0.030382
0 0.123247 0.354801 0.023729 0.030382
0 0.114922 0.355510 0.023729 0.030382
0 0.042780 0.287959 0.023729 0.030382
0 0.052490 0.285120 0.023729 0.030382
0 0.010405 0.142919 0.023729 0.030382
0 0.008096 0.167799 0.023729 0.030382
0 0.020581 0.176332 0.023729 0.030382
0 0.015031 0.187711 0.023729 0.030382
0 0.028444 0.142919 0.023729 0.030382
0 0.062666 0.139362 0.023729 0.030382
0 0.055726 0.137935 0.023729 0.030382
0 0.062199 0.162113 0.023729 0.030382
0 0.071914 0.166380 0.023729 0.030382
0 0.047401 0.174203 0.023729 0.030382
0 0.045088 0.189131 0.023729 0.030382
0 0.037230 0.187002 0.023729 0.030382
0 0.039077 0.204059 0.023729 0.030382
0 0.030752 0.202640 0.023729 0.030382
0 0.028444 0.235343 0.023729 0.030382
0 0.020581 0.243166 0.023729 0.030382
0 0.021504 0.282982 0.023729 0.030382
0 0.009481 0.281563 0.023729 0.030382
0 0.008558 0.239609 0.023729 0.030382
0 0.046017 0.223262 0.023729 0.030382
0 0.059424 0.223971 0.023729 0.030382
0 0.066826 0.221124 0.023729 0.030382
0 0.089025 0.370439 0.023729 0.030382
0 0.071452 0.364043 0.023729 0.030382
0 0.077925 0.388214 0.023729 0.030382
0 0.069601 0.388214 0.023729 0.030382
0 0.199549 0.334888 0.023729 0.030382
0 0.187064 0.309290 0.023729 0.030382
0 0.211110 0.300048 0.023729 0.030382
0 0.203247 0.304314 0.023729 0.030382
0 0.206022 0.289386 0.023729 0.030382
0 0.200939 0.278716 0.023729 0.030382
0 0.184289 0.283692 0.023729 0.030382
0 0.164404 0.275159 0.023729 0.030382
0 0.141743 0.281563 0.023729 0.030382
0 0.132956 0.289386 0.023729 0.030382
0 0.137583 0.310000 0.023729 0.030382
0 0.150067 0.316404 0.023729 0.030382
0 0.108444 0.300758 0.023729 0.030382
0 0.098734 0.283692 0.023729 0.030382
0 0.092723 0.271611 0.023729 0.030382
0 0.086250 0.265917 0.023729 0.030382
0 0.076535 0.273740 0.023729 0.030382
0 0.113994 0.282273 0.023729 0.030382
0 0.118620 0.266635 0.023729 0.030382
0 0.123247 0.255965 0.023729 0.030382
0 0.115845 0.245303 0.023729 0.030382
0 0.113994 0.232504 0.023729 0.030382
0 0.132495 0.226100 0.023729 0.030382
0 0.119544 0.217568 0.023729 0.030382
0 0.089948 0.206906 0.023729 0.030382
0 0.084398 0.236061 0.023729 0.030382
0 0.090871 0.249569 0.023729 0.030382
0 0.143133 0.120877 0.023729 0.030382
0 0.306374 0.259522 0.023729 0.030382
0 0.288802 0.310000 0.023729 0.030382
0 0.195389 0.233214 0.023729 0.030382
0 0.306374 0.211882 0.023729 0.030382
0 0.134808 0.334179 0.023729 0.030382
0 0.180124 0.339155 0.023729 0.030382
0 0.187526 0.351954 0.023729 0.030382
0 0.204175 0.356930 0.023729 0.030382
0 0.209725 0.348397 0.023729 0.030382
0 0.218973 0.344841 0.023729 0.030382
0 0.231919 0.342711 0.023729 0.030382
0 0.231919 0.329912 0.023729 0.030382
0 0.229611 0.314984 0.023729 0.030382
0 0.222671 0.311427 0.023729 0.030382
0 0.167640 0.352663 0.023729 0.030382
0 0.176888 0.363325 0.023729 0.030382
0 0.160705 0.254545 0.023729 0.030382
0 0.145902 0.254545 0.023729 0.030382
0 0.150991 0.224681 0.023729 0.030382
0 0.150067 0.211882 0.023729 0.030382
0 0.151919 0.196244 0.023729 0.030382
0 0.139429 0.196244 0.023729 0.030382
0 0.137583 0.206906 0.023729 0.030382
0 0.131105 0.200510 0.023729 0.030382
0 0.165788 0.195526 0.023729 0.030382
0 0.175503 0.195526 0.023729 0.030382
0 0.184289 0.195526 0.023729 0.030382
0 0.175965 0.209043 0.023729 0.030382
0 0.163942 0.213301 0.023729 0.030382
0 0.171338 0.233923 0.023729 0.030382
0 0.133418 0.132959 0.023729 0.030382
0 0.115384 0.150734 0.023729 0.030382
0 0.103823 0.151443 0.023729 0.030382
0 0.097811 0.140072 0.023729 0.030382
0 0.084860 0.140072 0.023729 0.030382
0 0.079772 0.140072 0.023729 0.030382
0 0.094575 0.152161 0.023729 0.030382
0 0.090410 0.167089 0.023729 0.030382
0 0.075612 0.185574 0.023729 0.030382
0 0.052490 0.206906 0.023729 0.030382
0 0.123247 0.183445 0.023729 0.030382
0 0.115845 0.177041 0.023729 0.030382
0 0.156079 0.167799 0.023729 0.030382
0 0.183828 0.178469 0.023729 0.030382
0 0.173651 0.177751 0.023729 0.030382
0 0.215737 0.138652 0.023729 0.030382
0 0.193999 0.142201 0.023729 0.030382
0 0.184289 0.149314 0.023729 0.030382
0 0.173651 0.147895 0.023729 0.030382
0 0.160239 0.140781 0.023729 0.030382
0 0.157002 0.155000 0.023729 0.030382
0 0.149144 0.155000 0.023729 0.030382
0 0.139891 0.152871 0.023729 0.030382
0 0.133418 0.167089 0.023729 0.030382
0 0.136655 0.177751 0.023729 0.030382
0 0.058039 0.261651 0.023729 0.030382
0 0.040005 0.260231 0.023729 0.030382
0 0.063589 0.235343 0.023729 0.030382
0 0.098734 0.207616 0.023729 0.030382
0 0.212038 0.244593 0.023729 0.030382
0 0.195571 0.396435 0.023729 0.030382
0 0.210218 0.386364 0.023729 0.030382
0 0.192106 0.367998 0.023729 0.030382
0 0.230643 0.364442 0.023729 0.030382
0 0.134647 0.380303 0.023729 0.030382
0 0.237194 0.401770 0.023729 0.030382
0 0.239891 0.419545 0.023729 0.030382
0 0.229870 0.423692 0.023729 0.030382
0 0.251068 0.378070 0.023729 0.030382
0 0.244129 0.362663 0.023729 0.030382
0 0.279201 0.371555 0.023729 0.030382
0 0.281509 0.384585 0.023729 0.030382
0 0.287293 0.377480 0.023729 0.030382
0 0.296924 0.386962 0.023729 0.030382
0 0.291146 0.401180 0.023729 0.030382
0 0.313885 0.429027 0.023729 0.030382
0 0.313885 0.414809 0.023729 0.030382
0 0.310415 0.378070 0.023729 0.030382
0 0.316198 0.361483 0.023729 0.030382
0 0.291146 0.366220 0.023729 0.030382
0 0.299627 0.347257 0.023729 0.030382
0 0.279585 0.353780 0.023729 0.030382
0 0.266483 0.333636 0.023729 0.030382
0 0.254922 0.325933 0.023729 0.030382
0 0.249523 0.315853 0.023729 0.030382
0 0.245669 0.323557 0.023729 0.030382
0 0.220622 0.295120 0.023729 0.030382
0 0.229487 0.277935 0.023729 0.030382
0 0.212142 0.273788 0.023729 0.030382
0 0.228330 0.263126 0.023729 0.030382
0 0.204824 0.263126 0.023729 0.030382
0 0.189409 0.265494 0.023729 0.030382
0 0.178999 0.266683 0.023729 0.030382
0 0.324673 0.372145 0.023729 0.030382
0 0.327370 0.388732 0.023729 0.030382
0 0.334310 0.408285 0.023729 0.030382
0 0.341629 0.425470 0.023729 0.030382
0 0.308874 0.398812 0.023729 0.030382
0 0.348952 0.405917 0.023729 0.030382
0 0.347412 0.384585 0.023729 0.030382
0 0.347796 0.373333 0.023729 0.030382
0 0.341245 0.354960 0.023729 0.030382
0 0.334694 0.352592 0.023729 0.030382
0 0.327370 0.347855 0.023729 0.030382
0 0.320052 0.347855 0.023729 0.030382
0 0.311572 0.350223 0.023729 0.030382
0 0.394429 0.478206 0.023729 0.030382
0 0.310721 0.562576 0.023729 0.030382
0 0.335695 0.557480 0.023729 0.030382
0 0.360669 0.536986 0.023729 0.030382
0 0.376779 0.525901 0.023729 0.030382
0 0.370109 0.518198 0.023729 0.030382
0 0.411732 0.461085 0.023729 0.030382
0 0.421172 0.437145 0.023729 0.030382
0 0.385643 0.467895 0.023729 0.030382
0 0.426146 0.466180 0.023729 0.030382
0 0.422293 0.475542 0.023729 0.030382
0 0.432811 0.502026 0.023729 0.030382
0 0.421712 0.519091 0.023729 0.030382
0 0.409497 0.530167 0.023729 0.030382
0 0.410073 0.552329 0.023729 0.030382
0 0.457246 0.546404 0.023729 0.030382
0 0.457246 0.525072 0.023729 0.030382
0 0.447801 0.519920 0.023729 0.030382
0 0.440596 0.507121 0.023729 0.030382
0 0.452811 0.472990 0.023729 0.030382
0 0.443911 0.465351 0.023729 0.030382
0 0.466110 0.449944 0.023729 0.030382
0 0.466110 0.436316 0.023729 0.030382
0 0.498864 0.450829 0.023729 0.030382
0 0.523257 0.462743 0.023729 0.030382
0 0.525493 0.430327 0.023729 0.030382
0 0.494974 0.424346 0.023729 0.030382
0 0.479979 0.424346 0.023729 0.030382
0 0.467225 0.399641 0.023729 0.030382
0 0.446146 0.406451 0.023729 0.030382
0 0.448921 0.382576 0.023729 0.030382
0 0.437822 0.379139 0.023729 0.030382
0 0.421712 0.382576 0.023729 0.030382
0 0.411732 0.384290 0.023729 0.030382
0 0.397858 0.395375 0.023729 0.030382
0 0.399512 0.373150 0.023729 0.030382
0 0.407837 0.356978 0.023729 0.030382
0 0.398973 0.347560 0.023729 0.030382
0 0.387298 0.370606 0.023729 0.030382
0 0.374544 0.389386 0.023729 0.030382
0 0.362905 0.405622 0.023729 0.030382
0 0.355695 0.369777 0.023729 0.030382
0 0.366795 0.367225 0.023729 0.030382
0 0.373423 0.350159 0.023729 0.030382
0 0.386758 0.337368 0.023729 0.030382
0 0.363444 0.350997 0.023729 0.030382
0 0.333501 0.329665 0.023729 0.030382
0 0.303517 0.327943 0.023729 0.030382
0 0.416478 0.631029 0.023729 0.030382
0 0.432573 0.654912 0.023729 0.030382
0 0.512484 0.621643 0.023729 0.030382
0 0.532459 0.594338 0.023729 0.030382
0 0.524689 0.596898 0.023729 0.030382
0 0.519144 0.584099 0.023729 0.030382
0 0.489175 0.595191 0.023729 0.030382
0 0.464201 0.573006 0.023729 0.030382
0 0.445887 0.581539 0.023729 0.030382
0 0.428688 0.613110 0.023729 0.030382
0 0.418698 0.590925 0.023729 0.030382
0 0.370415 0.603724 0.023729 0.030382
0 0.389284 0.584099 0.023729 0.030382
0 0.355991 0.590072 0.023729 0.030382
0 0.375410 0.571300 0.023729 0.030382
0 0.370415 0.557648 0.023729 0.030382
0 0.354326 0.563620 0.023729 0.030382
0 0.479186 0.628469 0.023729 0.030382
0 0.465866 0.610550 0.023729 0.030382
0 0.555768 0.626762 0.023729 0.030382
0 0.541893 0.619936 0.023729 0.030382
0 0.550218 0.588365 0.023729 0.030382
0 0.567977 0.598604 0.023729 0.030382
0 0.601276 0.629322 0.023729 0.030382
0 0.601276 0.621643 0.023729 0.030382
0 0.621805 0.613963 0.023729 0.030382
0 0.614590 0.598604 0.023729 0.030382
0 0.639564 0.589219 0.023729 0.030382
0 0.655104 0.576419 0.023729 0.030382
0 0.621805 0.565327 0.023729 0.030382
0 0.617920 0.533756 0.023729 0.030382
0 0.606821 0.536316 0.023729 0.030382
0 0.589066 0.578979 0.023729 0.030382
0 0.577967 0.567887 0.023729 0.030382
0 0.565202 0.555088 0.023729 0.030382
0 0.538008 0.533756 0.023729 0.030382
0 0.547443 0.530343 0.023729 0.030382
0 0.564647 0.520957 0.023729 0.030382
0 0.528019 0.561914 0.023729 0.030382
0 0.527464 0.543995 0.023729 0.030382
0 0.486400 0.519250 0.023729 0.030382
0 0.521919 0.517544 0.023729 0.030382
0 0.554658 0.501340 0.023729 0.030382
0 0.556878 0.461236 0.023729 0.030382
0 0.543558 0.481715 0.023729 0.030382
0 0.545778 0.459530 0.023729 0.030382
0 0.547998 0.441611 0.023729 0.030382
0 0.541893 0.421986 0.023729 0.030382
0 0.554103 0.419426 0.023729 0.030382
0 0.559098 0.446730 0.023729 0.030382
0 0.587401 0.436491 0.023729 0.030382
0 0.595171 0.464649 0.023729 0.030382
0 0.584072 0.470622 0.023729 0.030382
0 0.619585 0.420279 0.023729 0.030382
0 0.619585 0.443317 0.023729 0.030382
0 0.629575 0.447584 0.023729 0.030382
0 0.648444 0.467209 0.023729 0.030382
0 0.663428 0.439904 0.023729 0.030382
0 0.671753 0.458676 0.023729 0.030382
0 0.677858 0.479155 0.023729 0.030382
0 0.659544 0.502193 0.023729 0.030382
0 0.649554 0.502193 0.023729 0.030382
0 0.616810 0.492807 0.023729 0.030382
0 0.599056 0.491954 0.023729 0.030382
0 0.627910 0.474035 0.023729 0.030382
0 0.593506 0.513285 0.023729 0.030382
0 0.716146 0.447584 0.023729 0.030382
0 0.740010 0.450144 0.023729 0.030382
0 0.753885 0.450144 0.023729 0.030382
0 0.751110 0.433931 0.023729 0.030382
0 0.756105 0.477448 0.023729 0.030382
0 0.742230 0.476595 0.023729 0.030382
0 0.732241 0.481715 0.023729 0.030382
0 0.721696 0.488541 0.023729 0.030382
0 0.714481 0.479155 0.023729 0.030382
0 0.702272 0.458676 0.023729 0.030382
0 0.690617 0.474888 0.023729 0.030382
0 0.706157 0.503046 0.023729 0.030382
0 0.704492 0.520104 0.023729 0.030382
0 0.713926 0.543995 0.023729 0.030382
0 0.736126 0.554234 0.023729 0.030382
0 0.743340 0.570447 0.023729 0.030382
0 0.747780 0.538876 0.023729 0.030382
0 0.665648 0.544848 0.023729 0.030382
0 0.664538 0.534609 0.023729 0.030382
0 0.649554 0.524370 0.023729 0.030382
0 0.701162 0.555941 0.023729 0.030382
0 0.687287 0.580686 0.023729 0.030382
0 0.673973 0.567033 0.023729 0.030382
0 0.751110 0.644673 0.023729 0.030382
0 0.754995 0.622496 0.023729 0.030382
0 0.398719 0.666005 0.023729 0.030382
0 0.388174 0.654912 0.023729 0.030382
0 0.735923 0.515287 0.023729 0.030382
0 0.771219 0.494705 0.023729 0.030382
0 0.793128 0.488158 0.023729 0.030382
0 0.801644 0.475997 0.023729 0.030382
0 0.770612 0.472257 0.023729 0.030382
0 0.765742 0.456348 0.023729 0.030382
0 0.786432 0.440447 0.023729 0.030382
0 0.802863 0.446994 0.023729 0.030382
0 0.813817 0.460088 0.023729 0.030382
0 0.830244 0.461962 0.023729 0.030382
0 0.834507 0.438573 0.023729 0.030382
0 0.819289 0.476930 0.023729 0.030382
0 0.832070 0.486284 0.023729 0.030382
0 0.799212 0.498453 0.023729 0.030382
0 0.821727 0.497512 0.023729 0.030382
0 0.817469 0.518094 0.023729 0.030382
0 0.811992 0.554585 0.023729 0.030382
0 0.798600 0.547097 0.023729 0.030382
0 0.788864 0.553652 0.023729 0.030382
0 0.822822 0.384290 0.023729 0.030382
0 0.760265 0.549904 0.023729 0.030382
0 0.755399 0.578907 0.023729 0.030382
0 0.786432 0.577974 0.023729 0.030382
0 0.807728 0.590136 0.023729 0.030382
0 0.842417 0.552711 0.023729 0.030382
0 0.861888 0.538676 0.023729 0.030382
0 0.881971 0.536810 0.023729 0.030382
0 0.846675 0.517161 0.023729 0.030382
0 0.863107 0.506866 0.023729 0.030382
0 0.875275 0.482544 0.023729 0.030382
0 0.863107 0.483477 0.023729 0.030382
0 0.847282 0.475056 0.023729 0.030382
0 0.887448 0.461029 0.023729 0.030382
0 0.895358 0.445120 0.023729 0.030382
0 0.937344 0.462895 0.023729 0.030382
0 0.943428 0.448860 0.023729 0.030382
0 0.973854 0.412376 0.023729 0.030382
0 0.976898 0.446053 0.023729 0.030382
0 0.945866 0.384306 0.023729 0.030382
0 0.921525 0.351563 0.023729 0.030382
0 0.906312 0.361850 0.023729 0.030382
0 0.891706 0.395534 0.023729 0.030382
0 0.922132 0.487225 0.023729 0.030382
0 0.903874 0.511547 0.023729 0.030382
0 0.891100 0.502193 0.023729 0.030382
0 0.940389 0.515287 0.023729 0.030382
0 0.934305 0.494705 0.023729 0.030382
0 0.947692 0.485351 0.023729 0.030382
0 0.968989 0.490032 0.023729 0.030382
0 0.972640 0.469450 0.023729 0.030382
0 0.986634 0.466643 0.023729 0.030382
0 0.978724 0.482544 0.023729 0.030382
0 0.983594 0.530263 0.023729 0.030382
0 0.973247 0.505000 0.023729 0.030382
0 0.963511 0.526515 0.023729 0.030382
0 0.991504 0.538676 0.023729 0.030382
0 0.984808 0.563939 0.023729 0.030382
0 0.970207 0.581715 0.023729 0.030382
0 0.973247 0.616332 0.023729 0.030382
0 0.994544 0.644402 0.023729 0.030382
0 0.999476 0.605853 0.023729 0.030382
0 0.999476 0.577225 0.023729 0.030382
0 0.930104 0.595654 0.023729 0.030382
0 0.940996 0.579378 0.023729 0.030382
0 0.957184 0.559354 0.023729 0.030382
0 0.949066 0.560766 0.023729 0.030382
0 0.935700 0.549625 0.023729 0.030382
0 0.946655 0.529601 0.023729 0.030382
0 0.933999 0.524649 0.023729 0.030382
0 0.915679 0.546356 0.023729 0.030382
0 0.897365 0.565813 0.023729 0.030382
0 0.897365 0.589107 0.023729 0.030382
0 0.915316 0.571292 0.023729 0.030382
0 0.887002 0.556348 0.023729 0.030382
0 0.925711 0.706061 0.023729 0.030382
0 0.935856 0.681890 0.023729 0.030382
0 0.783978 0.543549 0.023729 0.030382
0 0.775524 0.544848 0.023729 0.030382
0 0.762848 0.524059 0.023729 0.030382
0 0.778906 0.517560 0.023729 0.030382
0 0.756089 0.505869 0.023729 0.030382
0 0.804684 0.390215 0.023729 0.030382
0 0.804263 0.373325 0.023729 0.030382
0 0.786935 0.365526 0.023729 0.030382
0 0.772147 0.378525 0.023729 0.030382
0 0.766649 0.367480 0.023729 0.030382
0 0.718475 0.387616 0.023729 0.030382
0 0.710026 0.371380 0.023729 0.030382
0 0.693968 0.394115 0.023729 0.030382
0 0.688050 0.380470 0.023729 0.030382
0 0.688050 0.372671 0.023729 0.030382
0 0.684668 0.365526 0.023729 0.030382
0 0.673262 0.376571 0.023729 0.030382
0 0.665654 0.379171 0.023729 0.030382
0 0.656359 0.386316 0.023729 0.030382
0 0.638185 0.392815 0.023729 0.030382
0 0.655513 0.370726 0.023729 0.030382
0 0.657204 0.359035 0.023729 0.030382
0 0.629310 0.376571 0.023729 0.030382
0 0.642412 0.363581 0.023729 0.030382
0 0.620861 0.366826 0.023729 0.030382
0 0.612832 0.359035 0.023729 0.030382
0 0.626354 0.351882 0.023729 0.030382
0 0.607339 0.348636 0.023729 0.030382
0 0.601841 0.362281 0.023729 0.030382
0 0.595083 0.366826 0.023729 0.030382
0 0.584098 0.375925 0.023729 0.030382
0 0.581136 0.366826 0.023729 0.030382
0 0.559720 0.379872 0.023729 0.030382
0 0.566058 0.360925 0.023729 0.030382
0 0.558662 0.360383 0.023729 0.030382
0 0.546338 0.371754 0.023729 0.030382
0 0.545280 0.351722 0.023729 0.030382
0 0.537184 0.331691 0.023729 0.030382
0 0.534715 0.358764 0.023729 0.030382
0 0.528729 0.369585 0.023729 0.030382
0 0.521686 0.360383 0.023729 0.030382
0 0.519927 0.345766 0.023729 0.030382
0 0.535420 0.389625 0.023729 0.030382
0 0.512178 0.403700 0.023729 0.030382
0 0.503377 0.413445 0.023729 0.030382
0 0.501613 0.393413 0.023729 0.030382
0 0.493164 0.398285 0.023729 0.030382
0 0.484004 0.403700 0.023729 0.030382
0 0.495275 0.384753 0.023729 0.030382
0 0.491400 0.368509 0.023729 0.030382
0 0.481540 0.364179 0.023729 0.030382
0 0.476613 0.371754 0.023729 0.030382
0 0.471328 0.373381 0.023729 0.030382
0 0.477313 0.396659 0.023729 0.030382
0 0.454072 0.366882 0.023729 0.030382
0 0.449497 0.358222 0.023729 0.030382
0 0.435057 0.345223 0.023729 0.030382
0 0.465695 0.353884 0.023729 0.030382
0 0.488231 0.344139 0.023729 0.030382
0 0.475555 0.346308 0.023729 0.030382
0 0.423081 0.354968 0.023729 0.030382
0 0.772770 0.089131 0.023729 0.030382
0 0.829471 0.146523 0.023729 0.030382
0 0.958709 0.096707 0.023729 0.030382
0 0.893211 0.223405 0.023729 0.030382
0 0.839684 0.213660 0.023729 0.030382
0 0.925960 0.238022 0.023729 0.030382
0 0.896380 0.253724 0.023729 0.030382
0 0.970332 0.291085 0.023729 0.030382
0 0.819606 0.300287 0.023729 0.030382
0 0.817848 0.285128 0.023729 0.030382
0 0.807282 0.278086 0.023729 0.030382
0 0.807282 0.254266 0.023729 0.030382
0 0.796364 0.261842 0.023729 0.030382
0 0.790731 0.256427 0.023729 0.030382
0 0.786857 0.262927 0.023729 0.030382
0 0.788973 0.280255 0.023729 0.030382
0 0.776291 0.280797 0.023729 0.030382
0 0.778760 0.263469 0.023729 0.030382
0 0.767842 0.257512 0.023729 0.030382
0 0.764673 0.269426 0.023729 0.030382
0 0.758688 0.273756 0.023729 0.030382
0 0.754108 0.237480 0.023729 0.030382
0 0.771717 0.216364 0.023729 0.030382
0 0.782282 0.240726 0.023729 0.030382
0 0.804113 0.215821 0.023729 0.030382
0 0.804818 0.200120 0.023729 0.030382
0 0.772770 0.190375 0.023729 0.030382
0 0.898491 0.286212 0.023729 0.030382
0 0.910814 0.284043 0.023729 0.030382
0 0.918563 0.275925 0.023729 0.030382
0 0.894616 0.278628 0.023729 0.030382
0 0.892152 0.264553 0.023729 0.030382
0 0.878065 0.272671 0.023729 0.030382
0 0.873485 0.275383 0.023729 0.030382
0 0.863273 0.272129 0.023729 0.030382
0 0.856234 0.266172 0.023729 0.030382
0 0.842853 0.267799 0.023729 0.030382
0 0.833693 0.261300 0.023729 0.030382
0 0.824186 0.258054 0.023729 0.030382
0 0.844611 0.247767 0.023729 0.030382
0 0.850949 0.240726 0.023729 0.030382
0 0.813268 0.229362 0.023729 0.030382
0 0.974554 0.192002 0.023729 0.030382
0 0.965399 0.200120 0.023729 0.030382
0 0.910462 0.195247 0.023729 0.030382
0 0.920327 0.208246 0.023729 0.030382
0 0.843200 0.176300 0.023729 0.030382
0 0.820664 0.176300 0.023729 0.030382
0 0.809046 0.176300 0.023729 0.030382
0 0.792842 0.173054 0.023729 0.030382
0 0.799886 0.177384 0.023729 0.030382
0 0.793900 0.188214 0.023729 0.030382
0 0.756572 0.190375 0.023729 0.030382
0 0.761504 0.176842 0.023729 0.030382
0 0.771717 0.175215 0.023729 0.030382
0 0.741784 0.216906 0.023729 0.030382
0 0.732977 0.179545 0.023729 0.030382
0 0.745306 0.169801 0.023729 0.030382
0 0.866795 0.257512 0.023729 0.030382
0 0.864331 0.238565 0.023729 0.030382
0 0.866447 0.215821 0.023729 0.030382
0 0.928776 0.297576 0.023729 0.030382
0 0.925607 0.279171 0.023729 0.030382
0 0.994627 0.200120 0.023729 0.030382
0 0.991457 0.195789 0.023729 0.030382
0 0.984767 0.198501 0.023729 0.030382
0 0.971385 0.226108 0.023729 0.030382
0 0.962583 0.235311 0.023729 0.030382
0 0.945679 0.236396 0.023729 0.030382
0 0.959061 0.252640 0.023729 0.030382
0 0.690965 0.282799 0.023729 0.030382
0 0.680052 0.286045 0.023729 0.030382
0 0.677583 0.274673 0.023729 0.030382
0 0.665965 0.274139 0.023729 0.030382
0 0.662443 0.274673 0.023729 0.030382
0 0.652936 0.287671 0.023729 0.030382
0 0.626172 0.291459 0.023729 0.030382
0 0.637790 0.290917 0.023729 0.030382
0 0.620534 0.282799 0.023729 0.030382
0 0.637790 0.271427 0.023729 0.030382
0 0.644834 0.267097 0.023729 0.030382
0 0.648709 0.266555 0.023729 0.030382
0 0.608563 0.281172 0.023729 0.030382
0 0.608211 0.271427 0.023729 0.030382
0 0.587785 0.283884 0.023729 0.030382
0 0.578631 0.274139 0.023729 0.030382
0 0.575814 0.273596 0.023729 0.030382
0 0.542360 0.293086 0.023729 0.030382
0 0.506084 0.273596 0.023729 0.030382
0 0.610322 0.181013 0.023729 0.030382
0 0.538485 0.065686 0.023729 0.030382
0 0.511722 0.100335 0.023729 0.030382
0 0.656105 0.216204 0.023729 0.030382
0 0.646245 0.237321 0.023729 0.030382
0 0.629694 0.242193 0.023729 0.030382
0 0.649061 0.159354 0.023729 0.030382
0 0.643076 0.156643 0.023729 0.030382
0 0.620182 0.150686 0.023729 0.030382
0 0.613143 0.156100 0.023729 0.030382
0 0.664907 0.261683 0.023729 0.030382
0 0.669839 0.256810 0.023729 0.030382
0 0.666317 0.247065 0.023729 0.030382
0 0.689559 0.253565 0.023729 0.030382
0 0.698361 0.270885 0.023729 0.030382
0 0.745550 0.229737 0.023729 0.030382
0 0.200052 0.179258 0.023729 0.030382
0 0.213148 0.190949 0.023729 0.030382
0 0.231323 0.145470 0.023729 0.030382
0 0.261748 0.140271 0.023729 0.030382
0 0.255830 0.137671 0.023729 0.030382
0 0.266395 0.172105 0.023729 0.030382
0 0.241888 0.244872 0.023729 0.030382
0 0.219066 0.223437 0.023729 0.030382
0 0.294710 0.281914 0.023729 0.030382
0 0.250083 0.219801 0.023729 0.030382
0 0.242733 0.205893 0.023729 0.030382
0 0.252998 0.197249 0.023729 0.030382
0 0.265721 0.190885 0.023729 0.030382
0 0.278185 0.191603 0.023729 0.030382
0 0.259974 0.266443 0.023729 0.030382
0 0.408724 0.310630 0.023729 0.030382
0 0.425628 0.310630 0.023729 0.030382
0 0.443377 0.308030 0.023729 0.030382
0 0.469995 0.306077 0.023729 0.030382
0 0.459855 0.288541 0.023729 0.030382
0 0.510565 0.298285 0.023729 0.030382
0 0.418444 0.287241 0.023729 0.030382
0 0.396043 0.293732 0.023729 0.030382
0 0.375337 0.319075 0.023729 0.030382
0 0.370690 0.309330 0.023729 0.030382
0 0.343646 0.324920 0.023729 0.030382
0 0.369424 0.293732 0.023729 0.030382
0 0.328434 0.308030 0.023729 0.030382
0 0.324627 0.291132 0.023729 0.030382
0 0.314061 0.315821 0.023729 0.030382
0 0.259129 0.229410 0.023729 0.030382
0 0.421821 0.144952 0.023729 0.030382
0 0.425202 0.157943 0.023729 0.030382
0 0.400270 0.147552 0.023729 0.030382
0 0.383366 0.145598 0.023729 0.030382
0 0.367733 0.144952 0.023729 0.030382
0 0.358013 0.144952 0.023729 0.030382
0 0.342801 0.144298 0.023729 0.030382
0 0.296738 0.144298 0.023729 0.030382
0 0.285327 0.146252 0.023729 0.030382
0 0.296738 0.157297 0.023729 0.030382
0 0.313221 0.182632 0.023729 0.030382
0 0.346183 0.181986 0.023729 0.030382
0 0.333081 0.179386 0.023729 0.030382
0 0.370690 0.189131 0.023729 0.030382
0 0.384212 0.172241 0.023729 0.030382
0 0.416753 0.187185 0.023729 0.030382
0 0.396888 0.204721 0.023729 0.030382
0 0.459855 0.202775 0.023729 0.030382
0 0.475067 0.216419 0.023729 0.030382
0 0.466618 0.252153 0.023729 0.030382
0 0.493242 0.245008 0.023729 0.030382
0 0.481831 0.234609 0.023729 0.030382
0 0.502536 0.168987 0.023729 0.030382
0 0.475067 0.167041 0.023729 0.030382
0 0.343221 0.231364 0.023729 0.030382
0 0.353786 0.216419 0.023729 0.030382
0 0.333501 0.224219 0.023729 0.030382
0 0.442531 0.198876 0.023729 0.030382
0 0.444642 0.186531 0.023729 0.030382
0 0.450560 0.181986 0.023729 0.030382
0 0.454782 0.170941 0.023729 0.030382
0 0.447178 0.171587 0.023729 0.030382
0 0.451826 0.160542 0.023729 0.030382
0 0.442531 0.160542 0.023729 0.030382
0 0.465773 0.158596 0.023729 0.030382
0 0.404917 0.184585 0.023729 0.030382
0 0.341110 0.163788 0.023729 0.030382
0 0.332235 0.172241 0.023729 0.030382
0 0.328008 0.165088 0.023729 0.030382
0 0.313641 0.167041 0.023729 0.030382
0 0.316177 0.153397 0.023729 0.030382
0 0.335617 0.145598 0.023729 0.030382
0 0.372801 0.164442 0.023729 0.030382
0 0.423511 0.201475 0.023729 0.030382
0 0.428164 0.208620 0.023729 0.030382
0 0.243071 0.184585 0.023729 0.030382
0 0.225322 0.179386 0.023729 0.030382
0 0.569388 0.249226 0.023729 0.030382
0 0.539725 0.270861 0.023729 0.030382
0 0.557936 0.200957 0.023729 0.030382
0 0.584051 0.190104 0.023729 0.030382
0 0.601971 0.231619 0.023729 0.030382
0 0.540908 0.225774 0.023729 0.030382
0 0.537697 0.214011 0.023729 0.030382
0 0.533003 0.206802 0.023729 0.030382
0 0.519186 0.179777 0.023729 0.030382
0 0.501608 0.203684 0.023729 0.030382
0 0.509212 0.216746 0.023729 0.030382
0 0.495436 0.222592 0.023729 0.030382
0 0.579658 0.154498 0.023729 0.030382
0 0.567614 0.159896 0.023729 0.030382
0 0.560259 0.168469 0.023729 0.030382
0 0.580545 0.235718 0.023729 0.030382
0 0.578179 0.207711 0.023729 0.030382
0 0.075389 0.314785 0.023729 0.030382
0 0.085954 0.323429 0.023729 0.030382
0 0.091613 0.332656 0.023729 0.030382
0 0.079616 0.293086 0.023729 0.030382
0 0.262422 0.312839 0.023729 0.030382
0 0.241126 0.297895 0.023729 0.030382
0 0.241126 0.278206 0.023729 0.030382
0 0.249663 0.263262 0.023729 0.030382
0 0.228957 0.232400 0.023729 0.030382
0 0.355519 0.272616 0.023729 0.030382
0 0.362832 0.279179 0.023729 0.030382
0 0.343983 0.296013 0.023729 0.030382
0 0.337173 0.264226 0.023729 0.030382
0 0.382811 0.227584 0.023729 0.030382
0 0.395488 0.247073 0.023729 0.030382
0 0.383314 0.267344 0.023729 0.030382
0 0.356945 0.233820 0.023729 0.030382
0 0.454818 0.247073 0.023729 0.030382
0 0.483216 0.188596 0.023729 0.030382
0 0.498428 0.179242 0.023729 0.030382
0 0.487780 0.176906 0.023729 0.030382
0 0.480679 0.153517 0.023729 0.030382
0 0.487272 0.145718 0.023729 0.030382
0 0.526317 0.154290 0.023729 0.030382
0 0.553703 0.149617 0.023729 0.030382
0 0.546603 0.144936 0.023729 0.030382
0 0.549647 0.186260 0.023729 0.030382
0 0.554212 0.286834 0.023729 0.030382
0 0.561815 0.297751 0.023729 0.030382
0 0.159435 0.301826 0.023729 0.030382
0 0.037220 0.383198 0.023729 0.030382
0 0.048377 0.351236 0.023729 0.030382
0 0.123428 0.316148 0.023729 0.030382
0 0.124948 0.298222 0.023729 0.030382
0 0.086411 0.401914 0.023729 0.030382
0 0.145233 0.419067 0.023729 0.030382
0 0.139652 0.403469 0.023729 0.030382
0 0.276063 0.300558 0.023729 0.030382