0 0.005415 0.030485 0.021991 0.025174
0 0.035623 0.131339 0.021991 0.025174
0 0.034577 0.152448 0.021991 0.025174
0 0.010623 0.145416 0.021991 0.025174
0 0.051769 0.197794 0.021991 0.025174
0 0.033538 0.246259 0.021991 0.025174
0 0.024685 0.266594 0.021991 0.025174
0 0.004377 0.241570 0.021991 0.025174
0 0.055408 0.238441 0.021991 0.025174
0 0.071554 0.232194 0.021991 0.025174
0 0.089785 0.241570 0.021991 0.025174
0 0.079369 0.258776 0.021991 0.025174
0 0.118946 0.285346 0.021991 0.025174
0 0.146031 0.255647 0.021991 0.025174
0 0.147069 0.267367 0.021991 0.025174
0 0.143946 0.222032 0.021991 0.025174
0 0.150715 0.130554 0.021991 0.025174
0 0.208523 0.139942 0.021991 0.025174
0 0.221023 0.152448 0.021991 0.025174
0 0.182485 0.238441 0.021991 0.025174
0 0.190300 0.275970 0.021991 0.025174
0 0.216854 0.277529 0.021991 0.025174
0 0.237169 0.252517 0.021991 0.025174
0 0.251231 0.173557 0.021991 0.025174
0 0.273100 0.238441 0.021991 0.025174
0 0.292369 0.210300 0.021991 0.025174
0 0.306431 0.236882 0.021991 0.025174
0 0.312685 0.178245 0.021991 0.025174
0 0.315808 0.148533 0.021991 0.025174
0 0.309554 0.135242 0.021991 0.025174
0 0.314769 0.020323 0.021991 0.025174
0 0.204877 0.002344 0.021991 0.025174
0 0.369969 0.060982 0.021991 0.025174
0 0.342885 0.108672 0.021991 0.025174
0 0.385069 0.122737 0.021991 0.025174
0 0.398092 0.096940 0.021991 0.025174
0 0.404862 0.146189 0.021991 0.025174
0 0.449131 0.186062 0.021991 0.025174
0 0.454338 0.126651 0.021991 0.025174
0 0.446523 0.078961 0.021991 0.025174
0 0.446008 0.008603 0.021991 0.025174
0 0.413715 0.017979 0.021991 0.025174
0 0.416838 0.022667 0.021991 0.025174
0 0.373092 0.235312 0.021991 0.025174
0 0.347054 0.254076 0.021991 0.025174
0 0.378300 0.268152 0.021991 0.025174
0 0.018123 0.286524 0.021991 0.025174
0 0.001977 0.372517 0.021991 0.025174
0 0.005100 0.408487 0.021991 0.025174
0 0.007185 0.425681 0.021991 0.025174
0 0.045723 0.439758 0.021991 0.025174
0 0.060831 0.483533 0.021991 0.025174
0 0.082700 0.463210 0.021991 0.025174
0 0.110823 0.453822 0.021991 0.025174
0 0.115508 0.423337 0.021991 0.025174
0 0.088431 0.417079 0.021991 0.025174
0 0.066554 0.422552 0.021991 0.025174
0 0.057700 0.392067 0.021991 0.025174
0 0.061346 0.381905 0.021991 0.025174
0 0.055100 0.363141 0.021991 0.025174
0 0.085308 0.364700 0.021991 0.025174
0 0.091031 0.345935 0.021991 0.025174
0 0.079054 0.297471 0.021991 0.025174
0 0.109262 0.296686 0.021991 0.025174
0 0.168108 0.391282 0.021991 0.025174
0 0.183215 0.391282 0.021991 0.025174
0 0.173838 0.432714 0.021991 0.025174
0 0.226962 0.466339 0.021991 0.025174
0 0.253000 0.470242 0.021991 0.025174
0 0.214462 0.464769 0.021991 0.025174
0 0.206131 0.449919 0.021991 0.025174
0 0.205608 0.424896 0.021991 0.025174
0 0.211338 0.403788 0.021991 0.025174
0 0.219146 0.370958 0.021991 0.025174
0 0.246754 0.369400 0.021991 0.025174
0 0.256646 0.382679 0.021991 0.025174
0 0.260292 0.337344 0.021991 0.025174
0 0.277477 0.318580 0.021991 0.025174
0 0.273831 0.403788 0.021991 0.025174
0 0.287892 0.426467 0.021991 0.025174
0 0.293623 0.447575 0.021991 0.025174
0 0.317577 0.458522 0.021991 0.025174
0 0.324869 0.409261 0.021991 0.025174
0 0.347785 0.471813 0.021991 0.025174
0 0.352469 0.451478 0.021991 0.025174
0 0.362885 0.425681 0.021991 0.025174
0 0.383715 0.472587 0.021991 0.025174
0 0.419654 0.479630 0.021991 0.025174
0 0.367577 0.391282 0.021991 0.025174
0 0.364446 0.376432 0.021991 0.025174
0 0.394654 0.378776 0.021991 0.025174
0 0.365492 0.340462 0.021991 0.025174
0 0.384238 0.322483 0.021991 0.025174
0 0.393615 0.302945 0.021991 0.025174
0 0.420177 0.296686 0.021991 0.025174
0 0.439962 0.289654 0.021991 0.025174
0 0.448815 0.395970 0.021991 0.025174
0 0.448815 0.447575 0.021991 0.025174
0 0.009377 0.503545 0.021991 0.025174
0 0.004115 0.528337 0.021991 0.025174
0 0.013854 0.631836 0.021991 0.025174
0 0.019115 0.638637 0.021991 0.025174
0 0.002600 0.685935 0.021991 0.025174
0 0.011615 0.697194 0.021991 0.025174
0 0.037862 0.683672 0.021991 0.025174
0 0.040831 0.619492 0.021991 0.025174
0 0.054369 0.595878 0.021991 0.025174
0 0.068585 0.609330 0.021991 0.025174
0 0.052077 0.528337 0.021991 0.025174
0 0.051346 0.544042 0.021991 0.025174
0 0.070100 0.510277 0.021991 0.025174
0 0.091869 0.517079 0.021991 0.025174
0 0.082077 0.524896 0.021991 0.025174
0 0.106085 0.573360 0.021991 0.025174
0 0.105354 0.605958 0.021991 0.025174
0 0.112077 0.622852 0.021991 0.025174
0 0.086608 0.649896 0.021991 0.025174
0 0.077600 0.681409 0.021991 0.025174
0 0.172069 0.490023 0.021991 0.025174
0 0.193108 0.496744 0.021991 0.025174
0 0.184100 0.519261 0.021991 0.025174
0 0.188577 0.529423 0.021991 0.025174
0 0.159362 0.568834 0.021991 0.025174
0 0.146600 0.564296 0.021991 0.025174
0 0.181077 0.576721 0.021991 0.025174
0 0.205085 0.566559 0.021991 0.025174
0 0.241077 0.537321 0.021991 0.025174
0 0.242585 0.497921 0.021991 0.025174
0 0.274092 0.529423 0.021991 0.025174
0 0.316846 0.528337 0.021991 0.025174
0 0.334085 0.522702 0.021991 0.025174
0 0.363300 0.559838 0.021991 0.025174
0 0.341585 0.580081 0.021991 0.025174
0 0.295077 0.573360 0.021991 0.025174
0 0.244092 0.578995 0.021991 0.025174
0 0.193108 0.611594 0.021991 0.025174
0 0.154831 0.611594 0.021991 0.025174
0 0.142854 0.647633 0.021991 0.025174
0 0.167592 0.645370 0.021991 0.025174
0 0.149569 0.699388 0.021991 0.025174
0 0.097854 0.725346 0.021991 0.025174
0 0.052077 0.786085 0.021991 0.025174
0 0.053592 0.816501 0.021991 0.025174
0 0.079108 0.808603 0.021991 0.025174
0 0.091869 0.832286 0.021991 0.025174
0 0.119569 0.804145 0.021991 0.025174
0 0.136085 0.798522 0.021991 0.025174
0 0.133115 0.752309 0.021991 0.025174
0 0.160092 0.738788 0.021991 0.025174
0 0.172069 0.724169 0.021991 0.025174
0 0.169831 0.778187 0.021991 0.025174
0 0.196862 0.680312 0.021991 0.025174
0 0.206600 0.665612 0.021991 0.025174
0 0.224562 0.644273 0.021991 0.025174
0 0.230608 0.715185 0.021991 0.025174
0 0.256069 0.742229 0.021991 0.025174
0 0.254562 0.705012 0.021991 0.025174
0 0.264354 0.669053 0.021991 0.025174
0 0.270338 0.647633 0.021991 0.025174
0 0.302577 0.627379 0.021991 0.025174
0 0.297315 0.604873 0.021991 0.025174
0 0.316069 0.611594 0.021991 0.025174
0 0.342315 0.609330 0.021991 0.025174
0 0.343100 0.649896 0.021991 0.025174
0 0.352054 0.654353 0.021991 0.025174
0 0.316069 0.706189 0.021991 0.025174
0 0.310808 0.683672 0.021991 0.025174
0 0.283100 0.672413 0.021991 0.025174
0 0.289823 0.766928 0.021991 0.025174
0 0.297315 0.802979 0.021991 0.025174
0 0.326585 0.798522 0.021991 0.025174
0 0.327315 0.784988 0.021991 0.025174
0 0.344554 0.755681 0.021991 0.025174
0 0.359554 0.780462 0.021991 0.025174
0 0.358092 0.814226 0.021991 0.025174
0 0.365592 0.801882 0.021991 0.025174
0 0.375331 0.825485 0.021991 0.025174
0 0.389554 0.768106 0.021991 0.025174
0 0.401585 0.747852 0.021991 0.025174
0 0.408300 0.719711 0.021991 0.025174
0 0.386585 0.662252 0.021991 0.025174
0 0.386585 0.636374 0.021991 0.025174
0 0.400069 0.600335 0.021991 0.025174
0 0.409085 0.566559 0.021991 0.025174
0 0.418092 0.560935 0.021991 0.025174
0 0.416577 0.521524 0.021991 0.025174
0 0.442046 0.555300 0.021991 0.025174
0 0.438300 0.532783 0.021991 0.025174
0 0.434546 0.519261 0.021991 0.025174
0 0.470585 0.523799 0.021991 0.025174
0 0.472046 0.440462 0.021991 0.025174
0 0.476577 0.462979 0.021991 0.025174
0 0.478085 0.388707 0.021991 0.025174
0 0.515585 0.415751 0.021991 0.025174
0 0.520792 0.436005 0.021991 0.025174
0 0.543292 0.456247 0.021991 0.025174
0 0.543292 0.481028 0.021991 0.025174
0 0.544069 0.508002 0.021991 0.025174
0 0.555315 0.528337 0.021991 0.025174
0 0.508085 0.499018 0.021991 0.025174
0 0.470585 0.584619 0.021991 0.025174
0 0.455585 0.616132 0.021991 0.025174
0 0.432308 0.639734 0.021991 0.025174
0 0.468292 0.638637 0.021991 0.025174
0 0.481054 0.620577 0.021991 0.025174
0 0.482562 0.601513 0.021991 0.025174
0 0.518554 0.608233 0.021991 0.025174
0 0.508085 0.633014 0.021991 0.025174
0 0.528292 0.663430 0.021991 0.025174
0 0.475792 0.681409 0.021991 0.025174
0 0.439808 0.762483 0.021991 0.025174
0 0.407569 0.832286 0.021991 0.025174
0 0.458554 0.808603 0.021991 0.025174
0 0.462308 0.834480 0.021991 0.025174
0 0.478085 0.806339 0.021991 0.025174
0 0.520062 0.816501 0.021991 0.025174
0 0.543292 0.834480 0.021991 0.025174
0 0.548546 0.784988 0.021991 0.025174
0 0.539538 0.761305 0.021991 0.025174
0 0.505062 0.721905 0.021991 0.025174
0 0.550785 0.730970 0.021991 0.025174
0 0.572554 0.721905 0.021991 0.025174
0 0.572554 0.765843 0.021991 0.025174
0 0.596569 0.768106 0.021991 0.025174
0 0.601046 0.658891 0.021991 0.025174
0 0.616046 0.633014 0.021991 0.025174
0 0.641562 0.622852 0.021991 0.025174
0 0.655054 0.661155 0.021991 0.025174
0 0.654323 0.676871 0.021991 0.025174
0 0.617554 0.685935 0.021991 0.025174
0 0.649792 0.759111 0.021991 0.025174
0 0.655777 0.782725 0.021991 0.025174
0 0.650569 0.809781 0.021991 0.025174
0 0.662554 0.807506 0.021991 0.025174
0 0.643069 0.587979 0.021991 0.025174
0 0.681300 0.577818 0.021991 0.025174
0 0.617554 0.557575 0.021991 0.025174
0 0.566569 0.527159 0.021991 0.025174
0 0.604062 0.497921 0.021991 0.025174
0 0.631046 0.511443 0.021991 0.025174
0 0.630315 0.523799 0.021991 0.025174
0 0.661038 0.499018 0.021991 0.025174
0 0.634062 0.483303 0.021991 0.025174
0 0.592815 0.419111 0.021991 0.025174
0 0.559069 0.378545 0.021991 0.025174
0 0.555315 0.349307 0.021991 0.025174
0 0.549331 0.333510 0.021991 0.025174
0 0.497562 0.335774 0.021991 0.025174
0 0.469077 0.358291 0.021991 0.025174
0 0.518554 0.288476 0.021991 0.025174
0 0.623546 0.304273 0.021991 0.025174
0 0.601823 0.361651 0.021991 0.025174
0 0.613077 0.366189 0.021991 0.025174
0 0.643800 0.374088 0.021991 0.025174
0 0.643069 0.379711 0.021991 0.025174
0 0.647554 0.394330 0.021991 0.025174
0 0.664062 0.398868 0.021991 0.025174
0 0.665569 0.417945 0.021991 0.025174
0 0.633285 0.420208 0.021991 0.025174
0 0.163108 0.819861 0.021991 0.025174
0 0.178838 0.831120 0.021991 0.025174
0 0.152592 0.830023 0.021991 0.025174
0 0.476469 0.174723 0.021991 0.025174
0 0.526731 0.200600 0.021991 0.025174
0 0.540946 0.210774 0.021991 0.025174
0 0.528969 0.154480 0.021991 0.025174
0 0.515477 0.138684 0.021991 0.025174
0 0.495223 0.122979 0.021991 0.025174
0 0.564223 0.118441 0.021991 0.025174
0 0.575477 0.137598 0.021991 0.025174
0 0.604692 0.139861 0.021991 0.025174
0 0.629431 0.133060 0.021991 0.025174
0 0.589692 0.044169 0.021991 0.025174
0 0.585938 0.002506 0.021991 0.025174
0 0.645938 0.030647 0.021991 0.025174
0 0.663177 0.003591 0.021991 0.025174
0 0.666192 0.048626 0.021991 0.025174
0 0.684946 0.032910 0.021991 0.025174
0 0.714215 0.035104 0.021991 0.025174
0 0.779415 0.002506 0.021991 0.025174
0 0.798946 0.032910 0.021991 0.025174
0 0.812431 0.035104 0.021991 0.025174
0 0.781708 0.054249 0.021991 0.025174
0 0.837169 0.012587 0.021991 0.025174
0 0.882946 0.006952 0.021991 0.025174
0 0.902423 0.019388 0.021991 0.025174
0 0.939923 0.058788 0.021991 0.025174
0 0.957946 0.057621 0.021991 0.025174
0 0.899408 0.109446 0.021991 0.025174
0 0.830454 0.122979 0.021991 0.025174
0 0.794415 0.100462 0.021991 0.025174
0 0.814677 0.080127 0.021991 0.025174
0 0.804208 0.066686 0.021991 0.025174
0 0.759208 0.109446 0.021991 0.025174
0 0.746446 0.100462 0.021991 0.025174
0 0.729215 0.077945 0.021991 0.025174
0 0.665469 0.137598 0.021991 0.025174
0 0.654946 0.158938 0.021991 0.025174
0 0.676715 0.172460 0.021991 0.025174
0 0.657969 0.198337 0.021991 0.025174
0 0.636931 0.251270 0.021991 0.025174
0 0.568700 0.225393 0.021991 0.025174
0 0.561208 0.260254 0.021991 0.025174
0 0.553708 0.248995 0.021991 0.025174
0 0.508708 0.274954 0.021991 0.025174
0 0.653438 0.269330 0.021991 0.025174
0 0.693954 0.226478 0.021991 0.025174
0 0.712700 0.250173 0.021991 0.025174
0 0.712700 0.308730 0.021991 0.025174
0 0.705200 0.361570 0.021991 0.025174
0 0.699946 0.378464 0.021991 0.025174
0 0.762962 0.282771 0.021991 0.025174
0 0.762962 0.298568 0.021991 0.025174
0 0.774208 0.290670 0.021991 0.025174
0 0.796708 0.286212 0.021991 0.025174
0 0.810923 0.309827 0.021991 0.025174
0 0.777954 0.335704 0.021991 0.025174
0 0.764415 0.323349 0.021991 0.025174
0 0.818423 0.361570 0.021991 0.025174
0 0.810923 0.415681 0.021991 0.025174
0 0.804938 0.434746 0.021991 0.025174
0 0.787700 0.434746 0.021991 0.025174
0 0.775669 0.430300 0.021991 0.025174
0 0.765931 0.433661 0.021991 0.025174
0 0.762962 0.451640 0.021991 0.025174
0 0.731454 0.462898 0.021991 0.025174
0 0.786915 0.478684 0.021991 0.025174
0 0.840923 0.434746 0.021991 0.025174
0 0.863423 0.406605 0.021991 0.025174
0 0.863423 0.365012 0.021991 0.025174
0 0.875446 0.350323 0.021991 0.025174
0 0.888154 0.368372 0.021991 0.025174
0 0.904669 0.345866 0.021991 0.025174
0 0.913677 0.333430 0.021991 0.025174
0 0.894200 0.305289 0.021991 0.025174
0 0.881438 0.300831 0.021991 0.025174
0 0.939192 0.309827 0.021991 0.025174
0 0.972938 0.278314 0.021991 0.025174
0 0.948931 0.237737 0.021991 0.025174
0 0.894200 0.235554 0.021991 0.025174
0 0.861908 0.244538 0.021991 0.025174
0 0.854408 0.208499 0.021991 0.025174
0 0.842431 0.189353 0.021991 0.025174
0 0.888938 0.194977 0.021991 0.025174
0 0.909923 0.183718 0.021991 0.025174
0 0.911438 0.173637 0.021991 0.025174
0 0.953415 0.160104 0.021991 0.025174
0 0.996900 0.188256 0.021991 0.025174
0 0.989400 0.346952 0.021991 0.025174
0 0.966169 0.349226 0.021991 0.025174
0 0.955654 0.388626 0.021991 0.025174
0 0.938415 0.394249 0.021991 0.025174
0 0.901700 0.471963 0.021991 0.025174
0 0.887431 0.477598 0.021991 0.025174
0 0.864931 0.480958 0.021991 0.025174
0 0.864877 0.175901 0.021991 0.025174
0 0.870238 0.153233 0.021991 0.025174
0 0.698538 0.509885 0.021991 0.025174
0 0.742492 0.579538 0.021991 0.025174
0 0.729369 0.593614 0.021991 0.025174
0 0.735615 0.611432 0.021991 0.025174
0 0.745615 0.654596 0.021991 0.025174
0 0.796862 0.618002 0.021991 0.025174
0 0.813738 0.616132 0.021991 0.025174
0 0.788115 0.505427 0.021991 0.025174
0 0.828108 0.510115 0.021991 0.025174
0 0.846231 0.511998 0.021991 0.025174
0 0.861231 0.530751 0.021991 0.025174
0 0.899977 0.519492 0.021991 0.025174
0 0.919354 0.528880 0.021991 0.025174
0 0.959346 0.504492 0.021991 0.025174
0 0.974346 0.519492 0.021991 0.025174
0 0.986846 0.518557 0.021991 0.025174
0 0.993100 0.541074 0.021991 0.025174
0 0.926231 0.603926 0.021991 0.025174
0 0.944354 0.603926 0.021991 0.025174
0 0.952477 0.626443 0.021991 0.025174
0 0.951846 0.667725 0.021991 0.025174
0 0.818108 0.641455 0.021991 0.025174
0 0.791862 0.693995 0.021991 0.025174
0 0.780615 0.686490 0.021991 0.025174
0 0.697492 0.716513 0.021991 0.025174
0 0.843108 0.688360 0.021991 0.025174
0 0.726246 0.756848 0.021991 0.025174
0 0.735615 0.783118 0.021991 0.025174
0 0.721869 0.788741 0.021991 0.025174
0 0.833108 0.748406 0.021991 0.025174
0 0.819362 0.752159 0.021991 0.025174
0 0.890608 0.772794 0.021991 0.025174
0 0.966223 0.790624 0.021991 0.025174
0 0.959346 0.690242 0.021991 0.025174
0 0.982469 0.723072 0.021991 0.025174
0 0.989346 0.652714 0.021991 0.025174
0 0.735408 0.098118 0.021991 0.025174
0 0.683177 0.195762 0.021991 0.025174
0 0.004892 0.853557 0.021991 0.025174
0 0.017292 0.937436 0.021991 0.025174
0 0.007969 0.971686 0.021991 0.025174
0 0.006923 0.982552 0.021991 0.025174
0 0.051454 0.990289 0.021991 0.025174
0 0.052023 0.916178 0.021991 0.025174
0 0.058954 0.883418 0.021991 0.025174
0 0.077700 0.905774 0.021991 0.025174
0 0.095723 0.889122 0.021991 0.025174
0 0.105408 0.884434 0.021991 0.025174
0 0.078746 0.942760 0.021991 0.025174
0 0.131085 0.903199 0.021991 0.025174
0 0.122069 0.891709 0.021991 0.025174
0 0.150146 0.889677 0.021991 0.025174
0 0.149777 0.904215 0.021991 0.025174
0 0.142854 0.858949 0.021991 0.025174
0 0.161600 0.846986 0.021991 0.025174
0 0.169569 0.892806 0.021991 0.025174
0 0.163685 0.913603 0.021991 0.025174
0 0.148423 0.961524 0.021991 0.025174
0 0.118215 0.995843 0.021991 0.025174
0 0.074215 0.990600 0.021991 0.025174
0 0.200085 0.978637 0.021991 0.025174
0 0.217062 0.890693 0.021991 0.025174
0 0.235446 0.853245 0.021991 0.025174
0 0.265969 0.883418 0.021991 0.025174
0 0.235762 0.907887 0.021991 0.025174
0 0.275292 0.926651 0.021991 0.025174
0 0.296800 0.890693 0.021991 0.025174
0 0.298208 0.977079 0.021991 0.025174
0 0.093531 0.842921 0.021991 0.025174
0 0.318831 0.906721 0.021991 0.025174
0 0.355546 0.890069 0.021991 0.025174
0 0.345854 0.884353 0.021991 0.025174
0 0.385385 0.882794 0.021991 0.025174
0 0.394762 0.884827 0.021991 0.025174
0 0.372208 0.896871 0.021991 0.025174
0 0.382623 0.911409 0.021991 0.025174
0 0.385023 0.929076 0.021991 0.025174
0 0.330600 0.954642 0.021991 0.025174
0 0.326431 0.971293 0.021991 0.025174
0 0.335131 0.977471 0.021991 0.025174
0 0.335808 0.995219 0.021991 0.025174
0 0.360077 0.997252 0.021991 0.025174
0 0.393715 0.961917 0.021991 0.025174
0 0.429392 0.923372 0.021991 0.025174
0 0.433923 0.890069 0.021991 0.025174
0 0.442569 0.878649 0.021991 0.025174
0 0.425277 0.843707 0.021991 0.025174
0 0.440485 0.975439 0.021991 0.025174
0 0.460954 0.973326 0.021991 0.025174
0 0.458869 0.857783 0.021991 0.025174
0 0.465792 0.866224 0.021991 0.025174
0 0.462200 0.834400 0.021991 0.025174
0 0.542300 0.926259 0.021991 0.025174
0 0.518346 0.942760 0.021991 0.025174
0 0.536308 0.942760 0.021991 0.025174
0 0.543292 0.960739 0.021991 0.025174
0 0.561254 0.982471 0.021991 0.025174
0 0.566777 0.888037 0.021991 0.025174
0 0.571254 0.864815 0.021991 0.025174
0 0.563754 0.863326 0.021991 0.025174
0 0.557769 0.861062 0.021991 0.025174
0 0.601723 0.903822 0.021991 0.025174
0 0.581254 0.906790 0.021991 0.025174
0 0.617192 0.954792 0.021991 0.025174
0 0.619169 0.969734 0.021991 0.025174
0 0.600208 0.995993 0.021991 0.025174
0 0.665100 0.984042 0.021991 0.025174
0 0.686608 0.939792 0.021991 0.025174
0 0.665100 0.891790 0.021991 0.025174
0 0.636146 0.848314 0.021991 0.025174
0 0.697546 0.813845 0.021991 0.025174
0 0.723015 0.872321 0.021991 0.025174
0 0.729523 0.878337 0.021991 0.025174
0 0.713538 0.907575 0.021991 0.025174
0 0.737492 0.938303 0.021991 0.025174
0 0.744992 0.918834 0.021991 0.025174
0 0.981792 0.805554 0.021991 0.025174
0 0.996223 0.824469 0.021991 0.025174
0 0.940500 0.852379 0.021991 0.025174
0 0.931485 0.862229 0.021991 0.025174
0 0.920708 0.805554 0.021991 0.025174
0 0.823631 0.800162 0.021991 0.025174
0 0.843992 0.838857 0.021991 0.025174
0 0.812854 0.852379 0.021991 0.025174
0 0.793115 0.881155 0.021991 0.025174
0 0.761915 0.814550 0.021991 0.025174
0 0.749369 0.785774 0.021991 0.025174
0 0.996277 0.676871 0.021991 0.025174