0 0.887150 0.115714 0.043716 0.050347
0 0.008900 0.591333 0.043716 0.050347
0 0.059600 0.035833 0.043716 0.050347
0 0.022033 0.073143 0.043716 0.050347
0 0.006150 0.138595 0.043716 0.050347
0 0.092750 0.091905 0.043716 0.050347
0 0.153683 0.084500 0.043716 0.050347
0 0.189883 0.091905 0.043716 0.050347
0 0.213700 0.007476 0.043716 0.050347
0 0.212017 0.132262 0.043716 0.050347
0 0.124517 0.170238 0.043716 0.050347
0 0.002483 0.336929 0.043716 0.050347
0 0.004317 0.449286 0.043716 0.050347
0 0.063567 0.327976 0.043716 0.050347
0 0.092750 0.274952 0.043716 0.050347
0 0.087400 0.221952 0.043716 0.050347
0 0.053800 0.256190 0.043716 0.050347
0 0.041433 0.194238 0.043716 0.050347
0 0.156283 0.186595 0.043716 0.050347
0 0.202250 0.211905 0.043716 0.050347
0 0.227900 0.167833 0.043716 0.050347
0 0.277383 0.132262 0.043716 0.050347
0 0.309150 0.023833 0.043716 0.050347
0 0.349933 0.047833 0.043716 0.050347
0 0.389650 0.066810 0.043716 0.050347
0 0.383533 0.141214 0.043716 0.050347
0 0.315417 0.150167 0.043716 0.050347
0 0.132450 0.372262 0.043716 0.050347
0 0.095333 0.447976 0.043716 0.050347
0 0.199650 0.403905 0.043716 0.050347
0 0.287167 0.362238 0.043716 0.050347
0 0.322450 0.353286 0.043716 0.050347
0 0.326867 0.319262 0.043716 0.050347
0 0.326867 0.280190 0.043716 0.050347
0 0.378183 0.228262 0.043716 0.050347
0 0.424167 0.227190 0.043716 0.050347
0 0.447983 0.133571 0.043716 0.050347
0 0.505417 0.037571 0.043716 0.050347
0 0.561150 0.013786 0.043716 0.050347
0 0.607883 0.003548 0.043716 0.050347
0 0.665467 0.007476 0.043716 0.050347
0 0.696317 0.086881 0.043716 0.050347
0 0.713117 0.100857 0.043716 0.050347
0 0.629117 0.167833 0.043716 0.050347
0 0.616750 0.080571 0.043716 0.050347
0 0.607883 0.055262 0.043716 0.050347
0 0.581467 0.081881 0.043716 0.050347
0 0.638900 0.239619 0.043716 0.050347
0 0.581467 0.273881 0.043716 0.050347
0 0.490450 0.243548 0.043716 0.050347
0 0.481583 0.199262 0.043716 0.050347
0 0.530150 0.271262 0.043716 0.050347
0 0.554900 0.325571 0.043716 0.050347
0 0.607883 0.358310 0.043716 0.050347
0 0.606217 0.406310 0.043716 0.050347
0 0.673417 0.398881 0.043716 0.050347
0 0.703350 0.383619 0.043716 0.050347
0 0.721067 0.346952 0.043716 0.050347
0 0.699833 0.494667 0.043716 0.050347
0 0.656617 0.464333 0.043716 0.050347
0 0.587583 0.475905 0.043716 0.050347
0 0.628350 0.530024 0.043716 0.050347
0 0.591250 0.511262 0.043716 0.050347
0 0.565583 0.541357 0.043716 0.050347
0 0.532900 0.554024 0.043716 0.050347
0 0.485100 0.545286 0.043716 0.050347
0 0.514267 0.501000 0.043716 0.050347
0 0.499300 0.401286 0.043716 0.050347
0 0.474567 0.488333 0.043716 0.050347
0 0.441883 0.454310 0.043716 0.050347
0 0.415300 0.475905 0.043716 0.050347
0 0.390567 0.383619 0.043716 0.050347
0 0.370250 0.350881 0.043716 0.050347
0 0.384300 0.296571 0.043716 0.050347
0 0.405533 0.340643 0.043716 0.050347
0 0.411783 0.302881 0.043716 0.050347
0 0.409033 0.277571 0.043716 0.050347
0 0.403850 0.362238 0.043716 0.050347
0 0.356967 0.566667 0.043716 0.050347
0 0.293267 0.532643 0.043716 0.050347
0 0.257083 0.494667 0.043716 0.050347
0 0.281817 0.437952 0.043716 0.050347
0 0.262417 0.412643 0.043716 0.050347
0 0.342750 0.440571 0.043716 0.050347
0 0.238600 0.535262 0.043716 0.050347
0 0.202250 0.489643 0.043716 0.050347
0 0.205000 0.522595 0.043716 0.050347
0 0.211100 0.555333 0.043716 0.050347
0 0.223483 0.559262 0.043716 0.050347
0 0.215533 0.495976 0.043716 0.050347
0 0.161617 0.509952 0.043716 0.050347
0 0.127100 0.516262 0.043716 0.050347
0 0.092750 0.547690 0.043716 0.050347
0 0.068767 0.610952 0.043716 0.050347
0 0.200567 0.615976 0.043716 0.050347
0 0.212933 0.604643 0.043716 0.050347
0 0.448750 0.579333 0.043716 0.050347
0 0.509833 0.604857 0.043716 0.050347
0 0.330383 0.615762 0.043716 0.050347
0 0.250200 0.639333 0.043716 0.050347
0 0.000933 0.710952 0.043716 0.050347
0 0.097650 0.674595 0.043716 0.050347
0 0.186750 0.680048 0.043716 0.050347
0 0.139650 0.732786 0.043716 0.050347
0 0.106567 0.816405 0.043716 0.050347
0 0.171467 0.945500 0.043716 0.050347
0 0.263117 0.787333 0.043716 0.050347
0 0.275833 0.745500 0.043716 0.050347
0 0.297467 0.861881 0.043716 0.050347
0 0.340750 0.872786 0.043716 0.050347
0 0.422200 0.725500 0.043716 0.050347
0 0.464200 0.754595 0.043716 0.050347
0 0.498567 0.809143 0.043716 0.050347
0 0.517650 0.776405 0.043716 0.050347
0 0.637283 0.809143 0.043716 0.050347
0 0.655117 0.741881 0.043716 0.050347
0 0.665283 0.707333 0.043716 0.050347
0 0.642383 0.620048 0.043716 0.050347
0 0.683117 0.616405 0.043716 0.050347
0 0.674200 0.580048 0.043716 0.050347
0 0.685650 0.634595 0.043716 0.050347
0 0.718750 0.614595 0.043716 0.050347
0 0.745467 0.643690 0.043716 0.050347
0 0.770933 0.590952 0.043716 0.050347
0 0.764567 0.558238 0.043716 0.050347
0 0.749283 0.485500 0.043716 0.050347
0 0.744200 0.456405 0.043716 0.050347
0 0.858750 0.480048 0.043716 0.050347
0 0.918567 0.520048 0.043716 0.050347
0 0.930017 0.550952 0.043716 0.050347
0 0.977117 0.538238 0.043716 0.050347
0 0.989833 0.594595 0.043716 0.050347
0 0.931283 0.620048 0.043716 0.050347
0 0.993650 0.674595 0.043716 0.050347
0 0.952933 0.738238 0.043716 0.050347
0 0.910933 0.718238 0.043716 0.050347
0 0.811650 0.710952 0.043716 0.050347
0 0.742933 0.869143 0.043716 0.050347
0 0.778567 0.896405 0.043716 0.050347
0 0.903283 0.820048 0.043716 0.050347
0 0.979650 0.770952 0.043716 0.050347
0 0.975833 0.821881 0.043716 0.050347
0 0.980933 0.860048 0.043716 0.050347
0 0.979650 0.898238 0.043716 0.050347
0 0.935117 0.847333 0.043716 0.050347
0 0.936633 0.402405 0.043716 0.050347
0 0.846533 0.350048 0.043716 0.050347
0 0.861800 0.345690 0.043716 0.050347
0 0.806817 0.304238 0.043716 0.050347
0 0.745733 0.206048 0.043716 0.050347
0 0.770167 0.203881 0.043716 0.050347
0 0.745733 0.079500 0.043716 0.050347
0 0.767117 0.055500 0.043716 0.050347
0 0.773217 0.077333 0.043716 0.050347
0 0.808350 0.042405 0.043716 0.050347
0 0.892350 0.059881 0.043716 0.050347
0 0.994667 0.007500 0.043716 0.050347
0 0.983983 0.164595 0.043716 0.050347
0 0.987033 0.208238 0.043716 0.050347
0 0.965650 0.234405 0.043716 0.050347
0 0.901517 0.203881 0.043716 0.050347
0 0.841950 0.238786 0.043716 0.050347
0 0.992633 0.295500 0.043716 0.050347
0 0.975333 0.320952 0.043716 0.050347
0 0.997467 0.333333 0.043716 0.050347