0 0.005383 0.534137 0.031599 0.077257
0 0.045895 0.683165 0.031599 0.077257
0 0.086390 0.634317 0.031599 0.077257
0 0.114968 0.588705 0.031599 0.077257
0 0.057460 0.846043 0.031599 0.077257
0 0.092188 0.883525 0.031599 0.077257
0 0.107732 0.885144 0.031599 0.077257
0 0.231054 0.707626 0.031599 0.077257
0 0.248786 0.675036 0.031599 0.077257
0 0.216230 0.491799 0.031599 0.077257
0 0.261438 0.717374 0.031599 0.077257
0 0.250958 0.830576 0.031599 0.077257
0 0.288562 0.901439 0.031599 0.077257
0 0.349681 0.856655 0.031599 0.077257
0 0.322204 0.786619 0.031599 0.077257
0 0.364521 0.464101 0.031599 0.077257
0 0.343179 0.532518 0.031599 0.077257
0 0.375000 0.597662 0.031599 0.077257
0 0.388387 0.716583 0.031599 0.077257
0 0.374281 0.793129 0.031599 0.077257
0 0.399233 0.893309 0.031599 0.077257
0 0.461070 0.987770 0.031599 0.077257
0 0.465783 0.908777 0.031599 0.077257
0 0.454201 0.863165 0.031599 0.077257
0 0.458914 0.833849 0.031599 0.077257
0 0.495080 0.935647 0.031599 0.077257
0 0.501581 0.664460 0.031599 0.077257
0 0.484585 0.729604 0.031599 0.077257
0 0.488562 0.580576 0.031599 0.077257
0 0.560176 0.630252 0.031599 0.077257
0 0.610080 0.670971 0.031599 0.077257
0 0.628530 0.879460 0.031599 0.077257
0 0.628163 0.833849 0.031599 0.077257
0 0.715319 0.673417 0.031599 0.077257
0 0.721470 0.735288 0.031599 0.077257
0 0.603578 0.467374 0.031599 0.077257
0 0.714233 0.398129 0.031599 0.077257
0 0.748243 0.506475 0.031599 0.077257
0 0.724728 0.575683 0.031599 0.077257
0 0.818035 0.502374 0.031599 0.077257
0 0.835751 0.474712 0.031599 0.077257
0 0.806821 0.721439 0.031599 0.077257
0 0.811166 0.776007 0.031599 0.077257
0 0.866853 0.670144 0.031599 0.077257
0 0.880958 0.809424 0.031599 0.077257
0 0.930511 0.837914 0.031599 0.077257
0 0.947508 0.849317 0.031599 0.077257
0 0.947875 0.940540 0.031599 0.077257
0 0.997061 0.900612 0.031599 0.077257
0 0.964153 0.641655 0.031599 0.077257