0 0.023646 0.153054 0.020434 0.033854
0 0.025869 0.274268 0.020434 0.033854
0 0.048154 0.271245 0.020434 0.033854
0 0.097185 0.357605 0.020434 0.033854
0 0.101638 0.421245 0.020434 0.033854
0 0.133954 0.318211 0.020434 0.033854
0 0.159577 0.337908 0.020434 0.033854
0 0.184092 0.272751 0.020434 0.033854
0 0.193000 0.248515 0.020434 0.033854
0 0.206377 0.236391 0.020434 0.033854
0 0.276569 0.218211 0.020434 0.033854
0 0.233115 0.330335 0.020434 0.033854
0 0.216400 0.359121 0.020434 0.033854
0 0.264315 0.384874 0.020434 0.033854
0 0.347877 0.410638 0.020434 0.033854
0 0.347877 0.351548 0.020434 0.033854
0 0.371277 0.268211 0.020434 0.033854
0 0.403592 0.254571 0.020434 0.033854
0 0.461531 0.192448 0.020434 0.033854
0 0.509438 0.124268 0.020434 0.033854
0 0.531723 0.069728 0.020434 0.033854
0 0.618638 0.028818 0.020434 0.033854
0 0.945100 0.018211 0.020434 0.033854
0 0.765715 0.048515 0.020434 0.033854
0 0.884931 0.107605 0.020434 0.033854
0 0.972954 0.337908 0.020434 0.033854
0 0.964046 0.704571 0.020434 0.033854
0 0.845938 0.515178 0.020434 0.033854
0 0.876023 0.409121 0.020434 0.033854
0 0.852623 0.389425 0.020434 0.033854
0 0.815854 0.290941 0.020434 0.033854
0 0.722262 0.169728 0.020434 0.033854
0 0.633123 0.130335 0.020434 0.033854
0 0.587438 0.190941 0.020434 0.033854
0 0.605262 0.227301 0.020434 0.033854
0 0.617523 0.260638 0.020434 0.033854
0 0.665431 0.260638 0.020434 0.033854
0 0.600808 0.331851 0.020434 0.033854
0 0.577408 0.263661 0.020434 0.033854
0 0.519469 0.295481 0.020434 0.033854
0 0.480469 0.381851 0.020434 0.033854
0 0.461531 0.372751 0.020434 0.033854
0 0.411392 0.368211 0.020434 0.033854
0 0.393562 0.371245 0.020434 0.033854
0 0.418077 0.416695 0.020434 0.033854
0 0.406931 0.448515 0.020434 0.033854
0 0.421415 0.460638 0.020434 0.033854
0 0.438131 0.465178 0.020434 0.033854
0 0.504985 0.440941 0.020434 0.033854
0 0.507215 0.507605 0.020434 0.033854
0 0.480469 0.487908 0.020434 0.033854
0 0.496069 0.565178 0.020434 0.033854
0 0.497185 0.580335 0.020434 0.033854
0 0.478246 0.587908 0.020434 0.033854
0 0.439246 0.525785 0.020434 0.033854
0 0.424762 0.512155 0.020434 0.033854
0 0.359023 0.487908 0.020434 0.033854
0 0.399131 0.556088 0.020434 0.033854
0 0.637577 0.425785 0.020434 0.033854
0 0.707769 0.345481 0.020434 0.033854
0 0.724485 0.374268 0.020434 0.033854
0 0.731169 0.433358 0.020434 0.033854
0 0.773515 0.430335 0.020434 0.033854
0 0.825877 0.421245 0.020434 0.033854