0 0.072475 0.819125 0.076563 0.118924
0 0.103775 0.745333 0.076563 0.118924
0 0.217175 0.770500 0.076563 0.118924
0 0.316525 0.804708 0.076563 0.118924
0 0.443950 0.774125 0.076563 0.118924
0 0.548700 0.736333 0.076563 0.118924
0 0.489300 0.849708 0.076563 0.118924
0 0.613500 0.723708 0.076563 0.118924
0 0.679375 0.797500 0.076563 0.118924
0 0.751725 0.739917 0.076563 0.118924
0 0.817600 0.712917 0.076563 0.118924
0 0.895350 0.795708 0.076563 0.118924
0 0.815450 0.486125 0.076563 0.118924
0 0.777650 0.433958 0.076563 0.118924
0 0.703125 0.435750 0.076563 0.118924
0 0.700975 0.329542 0.076563 0.118924
0 0.638325 0.325958 0.076563 0.118924
0 0.578950 0.570750 0.076563 0.118924
0 0.514150 0.459125 0.076563 0.118924
0 0.027100 0.615750 0.076563 0.118924
0 0.031425 0.468125 0.076563 0.118924
0 0.061675 0.410542 0.076563 0.118924
0 0.176125 0.450125 0.076563 0.118924
0 0.217175 0.360167 0.076563 0.118924
0 0.114575 0.246750 0.076563 0.118924
0 0.058425 0.264750 0.076563 0.118924
0 0.075700 0.320542 0.076563 0.118924
0 0.073550 0.369167 0.076563 0.118924
0 0.076775 0.172958 0.076563 0.118924
0 0.359725 0.106375 0.076563 0.118924
0 0.270075 0.158583 0.076563 0.118924
0 0.319750 0.217958 0.076563 0.118924
0 0.303575 0.306167 0.076563 0.118924
0 0.347850 0.345750 0.076563 0.118924
0 0.356475 0.399750 0.076563 0.118924
0 0.370525 0.455542 0.076563 0.118924
0 0.463400 0.307958 0.076563 0.118924
0 0.479600 0.127958 0.076563 0.118924
0 0.640500 0.228750 0.076563 0.118924
0 0.580025 0.322375 0.076563 0.118924
0 0.747400 0.180167 0.076563 0.118924
0 0.737700 0.255750 0.076563 0.118924
0 0.910475 0.136958 0.076563 0.118924
0 0.834875 0.160375 0.076563 0.118924
0 0.845675 0.313375 0.076563 0.118924
0 0.915875 0.300750 0.076563 0.118924
0 0.940725 0.351167 0.076563 0.118924
0 0.991475 0.480750 0.076563 0.118924
0 0.519475 0.339083 0.076563 0.118924
0 0.508725 0.225000 0.076563 0.118924
0 0.258750 0.360417 0.076563 0.118924
0 0.295625 0.385417 0.076563 0.118924
0 0.880575 0.246875 0.076563 0.118924