0 0.210054 0.656395 0.217752 0.233507
0 0.022662 0.645789 0.217752 0.233507
0 0.098508 0.509425 0.217752 0.233507
0 0.337200 0.476092 0.217752 0.233507
0 0.442046 0.617001 0.217752 0.233507
0 0.717546 0.633668 0.217752 0.233507
0 0.932815 0.633668 0.217752 0.233507
0 0.981892 0.436698 0.217752 0.233507
0 0.901585 0.354880 0.217752 0.233507
0 0.995277 0.197304 0.217752 0.233507
0 0.781123 0.188213 0.217752 0.233507
0 0.811238 0.463971 0.217752 0.233507
0 0.693008 0.330637 0.217752 0.233507
0 0.575892 0.483668 0.217752 0.233507
0 0.440931 0.348819 0.217752 0.233507
0 0.531277 0.207910 0.217752 0.233507
0 0.304854 0.218516 0.217752 0.233507
0 0.203354 0.356395 0.217752 0.233507
0 0.100738 0.212456 0.217752 0.233507
0 0.036046 0.344274 0.217752 0.233507