0 0.006708 0.160303 0.090038 0.190972
0 0.013131 0.197398 0.090038 0.190972
0 0.027585 0.258485 0.090038 0.190972
0 0.098254 0.387220 0.090038 0.190972
0 0.159292 0.505037 0.090038 0.190972
0 0.234777 0.642487 0.090038 0.190972
0 0.363269 0.834493 0.090038 0.190972
0 0.075446 0.042706 0.090038 0.190972
0 0.094723 0.061693 0.090038 0.190972
0 0.127008 0.082853 0.090038 0.190972
0 0.153346 0.102706 0.090038 0.190972
0 0.184669 0.132602 0.090038 0.190972
0 0.228192 0.158997 0.090038 0.190972
0 0.270438 0.201108 0.090038 0.190972
0 0.418200 0.312382 0.090038 0.190972
0 0.524208 0.384378 0.090038 0.190972
0 0.638246 0.495653 0.090038 0.190972
0 0.797254 0.637471 0.090038 0.190972
0 0.989992 0.820742 0.090038 0.190972
0 0.994808 0.369112 0.090038 0.190972
0 0.883985 0.321108 0.090038 0.190972
0 0.758708 0.257837 0.090038 0.190972
0 0.572392 0.161839 0.090038 0.190972
0 0.498508 0.118203 0.090038 0.190972
0 0.435869 0.092017 0.090038 0.190972
0 0.379654 0.072382 0.090038 0.190972
0 0.349138 0.057106 0.090038 0.190972
0 0.307377 0.041839 0.090038 0.190972
0 0.307377 0.041839 0.090038 0.190972
0 0.270438 0.022194 0.090038 0.190972
0 0.724331 0.014127 0.090038 0.190972
0 0.773323 0.010418 0.090038 0.190972
0 0.810423 0.044451 0.090038 0.190972
0 0.869208 0.035507 0.090038 0.190972
0 0.827446 0.010418 0.090038 0.190972
0 0.913538 0.071944 0.090038 0.190972
0 0.971846 0.057983 0.090038 0.190972
0 0.929762 0.034201 0.090038 0.190972