0 0.038949 0.055553 0.124421 0.165799
0 0.023179 0.232101 0.124421 0.165799
0 0.030538 0.424409 0.124421 0.165799
0 0.025282 0.616717 0.124421 0.165799
0 0.010551 0.827936 0.124421 0.165799
0 0.153567 0.834240 0.124421 0.165799
0 0.171439 0.611989 0.124421 0.165799
0 0.164080 0.433865 0.124421 0.165799
0 0.174593 0.222627 0.124421 0.165799
0 0.187209 0.041351 0.124421 0.165799
0 0.345995 0.049250 0.124421 0.165799
0 0.345995 0.222627 0.124421 0.165799
0 0.333379 0.433865 0.124421 0.165799
0 0.330225 0.640356 0.124421 0.165799
0 0.334431 0.838968 0.124421 0.165799
0 0.502666 0.835816 0.124421 0.165799
0 0.503717 0.634053 0.124421 0.165799
0 0.506871 0.427561 0.124421 0.165799
0 0.502666 0.230507 0.124421 0.165799
0 0.508974 0.038199 0.124421 0.165799
0 0.656195 0.041351 0.124421 0.165799
0 0.661452 0.214747 0.124421 0.165799
0 0.665657 0.427561 0.124421 0.165799
0 0.658298 0.624597 0.124421 0.165799
0 0.664606 0.820056 0.124421 0.165799
0 0.838110 0.842120 0.124421 0.165799
0 0.841264 0.634053 0.124421 0.165799
0 0.830751 0.429137 0.124421 0.165799
0 0.821277 0.202139 0.124421 0.165799
0 0.824431 0.017711 0.124421 0.165799
0 0.986370 0.038199 0.124421 0.165799
0 0.983217 0.225779 0.124421 0.165799
0 0.995832 0.432289 0.124421 0.165799
0 0.983217 0.640356 0.124421 0.165799
0 0.984894 0.837392 0.124421 0.165799