0 0.068900 0.538783 0.142578 0.162326
0 0.161187 0.711583 0.142578 0.162326
0 0.110137 0.334567 0.142578 0.162326
0 0.188687 0.211517 0.142578 0.162326
0 0.328100 0.240317 0.142578 0.162326
0 0.353625 0.122500 0.142578 0.162326
0 0.526425 0.117267 0.142578 0.162326
0 0.536250 0.198433 0.142578 0.162326
0 0.667813 0.177483 0.142578 0.162326
0 0.773850 0.276967 0.142578 0.162326
0 0.828825 0.418350 0.142578 0.162326
0 0.722788 0.447150 0.142578 0.162326
0 0.544100 0.638283 0.142578 0.162326
0 0.377188 0.612100 0.142578 0.162326
0 0.237775 0.478567 0.142578 0.162326
0 0.322212 0.860833 0.142578 0.162326
0 0.551950 0.892250 0.142578 0.162326
0 0.724750 0.797983 0.142578 0.162326
0 0.820975 0.596383 0.142578 0.162326