0 0.474000 0.828330 0.149306 0.162326
0 0.327820 0.839240 0.149306 0.162326
0 0.157640 0.834870 0.149306 0.162326
0 0.199090 0.610150 0.149306 0.162326
0 0.351820 0.605780 0.149306 0.162326
0 0.489270 0.627600 0.149306 0.162326
0 0.635450 0.614510 0.149306 0.162326
0 0.888550 0.577420 0.149306 0.162326
0 0.805640 0.372330 0.149306 0.162326
0 0.532910 0.330870 0.149306 0.162326
0 0.347450 0.383240 0.149306 0.162326
0 0.347450 0.095240 0.149306 0.162326
0 0.142360 0.226150 0.149306 0.162326
0 0.574360 0.016690 0.149306 0.162326
0 0.814360 0.103960 0.149306 0.162326
0 0.618000 0.228330 0.149306 0.162326