0 0.020046 0.066605 0.206597 0.265625
0 0.128038 0.171155 0.206597 0.265625
0 0.034177 0.357517 0.206597 0.265625
0 0.265308 0.119630 0.206597 0.265625
0 0.446985 0.065092 0.206597 0.265625
0 0.683169 0.096905 0.206597 0.265625
0 0.915315 0.068118 0.206597 0.265625
0 0.979908 0.240843 0.206597 0.265625
0 0.816400 0.293880 0.206597 0.265625
0 0.633715 0.443880 0.206597 0.265625
0 0.429831 0.337818 0.206597 0.265625
0 0.230992 0.416605 0.206597 0.265625
0 0.075554 0.648418 0.206597 0.265625
0 0.270354 0.669630 0.206597 0.265625
0 0.475246 0.613580 0.206597 0.265625
0 0.788138 0.599942 0.206597 0.265625
0 0.955685 0.459030 0.206597 0.265625
0 0.944585 0.718118 0.206597 0.265625
0 0.047292 0.912055 0.206597 0.265625
0 0.233015 0.915092 0.206597 0.265625
0 0.424785 0.884792 0.206597 0.265625
0 0.623623 0.851455 0.206597 0.265625
0 0.816400 0.924180 0.206597 0.265625
0 0.978300 0.913268 0.206597 0.265625