0 0.045706 0.471185 0.123967 0.160590
0 0.105853 0.275741 0.123967 0.160590
0 0.294765 0.221185 0.123967 0.160590
0 0.471618 0.112074 0.123967 0.160590
0 0.559471 0.210556 0.123967 0.160590
0 0.697824 0.192407 0.123967 0.160590
0 0.802500 0.313593 0.123967 0.160590
0 0.940882 0.392407 0.123967 0.160590
0 0.647294 0.333296 0.123967 0.160590
0 0.386206 0.346926 0.123967 0.160590
0 0.267088 0.403000 0.123967 0.160590
0 0.167206 0.583296 0.123967 0.160590
0 0.185265 0.777222 0.123967 0.160590
0 0.375382 0.513593 0.123967 0.160590
0 0.344088 0.718148 0.123967 0.160590
0 0.498088 0.493889 0.123967 0.160590
0 0.496912 0.653000 0.123967 0.160590
0 0.501706 0.816630 0.123967 0.160590
0 0.629265 0.713593 0.123967 0.160590
0 0.785676 0.730259 0.123967 0.160590
0 0.944500 0.631778 0.123967 0.160590
0 0.821765 0.507556 0.123967 0.160590
0 0.673765 0.528741 0.123967 0.160590