0 0.055083 0.107181 0.158028 0.235243
0 0.221387 0.144070 0.158028 0.235243
0 0.374736 0.147765 0.158028 0.235243
0 0.552920 0.164362 0.158028 0.235243
0 0.726787 0.199408 0.158028 0.235243
0 0.884453 0.151451 0.158028 0.235243
0 0.796982 0.031551 0.158028 0.235243
0 0.623115 0.046305 0.158028 0.235243
0 0.447090 0.033394 0.158028 0.235243
0 0.292661 0.026022 0.158028 0.235243
0 0.044282 0.417073 0.158028 0.235243
0 0.199790 0.431827 0.158028 0.235243
0 0.409292 0.444737 0.158028 0.235243
0 0.562642 0.442894 0.158028 0.235243
0 0.714907 0.498232 0.158028 0.235243
0 0.858535 0.442894 0.158028 0.235243
0 0.968687 0.468724 0.158028 0.235243
0 0.975166 0.725121 0.158028 0.235243
0 0.879058 0.719583 0.158028 0.235243
0 0.720308 0.743561 0.158028 0.235243
0 0.551841 0.686380 0.158028 0.235243
0 0.387695 0.725121 0.158028 0.235243
0 0.224629 0.728807 0.158028 0.235243
0 0.046440 0.667940 0.158028 0.235243
0 0.044282 0.909575 0.158028 0.235243
0 0.206270 0.929867 0.158028 0.235243
0 0.381216 0.931710 0.158028 0.235243
0 0.539961 0.939091 0.158028 0.235243
0 0.690068 0.911418 0.158028 0.235243
0 0.854219 0.913269 0.158028 0.235243
0 0.983789 0.959216 0.158028 0.235243
0 0.987373 0.241468 0.158028 0.235243
0 0.945361 0.045021 0.158028 0.235243