0 0.144477 0.392427 0.189156 0.251736
0 0.170293 0.530305 0.189156 0.251736
0 0.269263 0.739394 0.189156 0.251736
0 0.487643 0.786366 0.189156 0.251736
0 0.739370 0.753033 0.189156 0.251736
0 0.367157 0.587883 0.189156 0.251736
0 0.342417 0.387883 0.189156 0.251736
0 0.276793 0.207577 0.189156 0.251736
0 0.423097 0.140911 0.189156 0.251736
0 0.469353 0.237883 0.189156 0.251736
0 0.610280 0.198488 0.189156 0.251736
0 0.485490 0.456061 0.189156 0.251736
0 0.625340 0.354549 0.189156 0.251736
0 0.651157 0.487883 0.189156 0.251736
0 0.845870 0.404549 0.189156 0.251736
0 0.763037 0.277277 0.189156 0.251736
0 0.848020 0.562122 0.189156 0.251736
0 0.567250 0.634850 0.189156 0.251736