0 0.186382 0.092467 0.292484 0.192708
0 0.502109 0.078833 0.292484 0.192708
0 0.838600 0.106101 0.292484 0.192708
0 0.190527 0.245504 0.292484 0.192708
0 0.495873 0.242467 0.292484 0.192708
0 0.830291 0.250040 0.292484 0.192708
0 0.169764 0.386406 0.292484 0.192708
0 0.524945 0.353077 0.292484 0.192708
0 0.830291 0.368223 0.292484 0.192708
0 0.840673 0.516711 0.292484 0.192708
0 0.508345 0.513687 0.292484 0.192708
0 0.159382 0.525809 0.292484 0.192708
0 0.130291 0.677321 0.292484 0.192708
0 0.466800 0.683382 0.292484 0.192708
0 0.821982 0.704589 0.292484 0.192708
0 0.842764 0.848528 0.292484 0.192708
0 0.508345 0.842467 0.292484 0.192708
0 0.163527 0.837918 0.292484 0.192708