0 0.022833 0.680749 0.030410 0.421875
0 0.061892 0.685850 0.030410 0.421875
0 0.093578 0.676916 0.030410 0.421875
0 0.128735 0.660346 0.030410 0.421875
0 0.159980 0.650144 0.030410 0.421875
0 0.191225 0.657781 0.030410 0.421875
0 0.216402 0.667983 0.030410 0.421875
0 0.246343 0.688415 0.030410 0.421875
0 0.278892 0.706254 0.030410 0.421875
0 0.311873 0.725389 0.030410 0.421875
0 0.352235 0.725389 0.030410 0.421875
0 0.385657 0.725389 0.030410 0.421875
0 0.419069 0.711354 0.030410 0.421875
0 0.451618 0.708818 0.030410 0.421875
0 0.478098 0.703718 0.030410 0.421875
0 0.508471 0.715187 0.030410 0.421875
0 0.536255 0.735591 0.030410 0.421875
0 0.569667 0.764957 0.030410 0.421875
0 0.605686 0.780259 0.030410 0.421875
0 0.641716 0.778991 0.030410 0.421875
0 0.674696 0.763660 0.030410 0.421875
0 0.708549 0.750922 0.030410 0.421875
0 0.743696 0.738156 0.030410 0.421875
0 0.774951 0.740720 0.030410 0.421875
0 0.807931 0.763660 0.030410 0.421875
0 0.834833 0.772594 0.030410 0.421875
0 0.877373 0.781527 0.030410 0.421875
0 0.931618 0.800663 0.030410 0.421875
0 0.978059 0.777695 0.030410 0.421875