0 0.156256 0.786879 0.150463 0.134549
0 0.016706 0.600506 0.150463 0.134549
0 0.021069 0.427216 0.150463 0.134549
0 0.040687 0.260469 0.150463 0.134549
0 0.069038 0.142755 0.150463 0.134549
0 0.226025 0.123140 0.150463 0.134549
0 0.226025 0.270272 0.150463 0.134549
0 0.195500 0.433758 0.150463 0.134549
0 0.175875 0.593964 0.150463 0.134549
0 0.352494 0.580890 0.150463 0.134549
0 0.361212 0.767254 0.150463 0.134549
0 0.385200 0.430487 0.150463 0.134549
0 0.387381 0.273543 0.150463 0.134549
0 0.407006 0.126410 0.150463 0.134549
0 0.559637 0.152568 0.150463 0.134549
0 0.577081 0.276813 0.150463 0.134549
0 0.559637 0.430487 0.150463 0.134549
0 0.572719 0.574349 0.150463 0.134549
0 0.574900 0.750909 0.150463 0.134549
0 0.771137 0.584161 0.150463 0.134549
0 0.795125 0.777067 0.150463 0.134549
0 0.762419 0.427216 0.150463 0.134549
0 0.760238 0.293158 0.150463 0.134549
0 0.727531 0.146026 0.150463 0.134549
0 0.886700 0.139485 0.150463 0.134549
0 0.919406 0.276813 0.150463 0.134549
0 0.958656 0.427216 0.150463 0.134549
0 0.967375 0.590694 0.150463 0.134549
0 0.987000 0.777067 0.150463 0.134549