0 0.144944 0.569700 0.098958 0.226562
0 0.227778 0.413633 0.098958 0.226562
0 0.212622 0.263633 0.098958 0.226562
0 0.322722 0.216667 0.098958 0.226562
0 0.346967 0.406067 0.098958 0.226562
0 0.279289 0.540917 0.098958 0.226562
0 0.411611 0.581817 0.098958 0.226562
0 0.516667 0.618183 0.098958 0.226562
0 0.468178 0.393933 0.098958 0.226562
0 0.427778 0.228783 0.098958 0.226562
0 0.536867 0.228783 0.098958 0.226562
0 0.576267 0.362117 0.098958 0.226562
0 0.646967 0.568183 0.098958 0.226562
0 0.761111 0.574250 0.098958 0.226562
0 0.717678 0.403033 0.098958 0.226562
0 0.670200 0.239400 0.098958 0.226562
0 0.741922 0.248483 0.098958 0.226562
0 0.830811 0.242417 0.098958 0.226562
0 0.856056 0.415150 0.098958 0.226562
0 0.894444 0.612117 0.098958 0.226562