0 0.023200 0.102800 0.163773 0.285590
0 0.099867 0.023450 0.163773 0.285590
0 0.100933 0.188650 0.163773 0.285590
0 0.187333 0.083350 0.163773 0.285590
0 0.030733 0.349050 0.163773 0.285590
0 0.136567 0.459200 0.163773 0.285590
0 0.038300 0.604950 0.163773 0.285590
0 0.234833 0.315000 0.163773 0.285590
0 0.368767 0.251850 0.163773 0.285590
0 0.311533 0.047750 0.163773 0.285590
0 0.432467 0.050950 0.163773 0.285590
0 0.587967 0.080150 0.163773 0.285590
0 0.018867 0.784750 0.163773 0.285590
0 0.038300 0.945150 0.163773 0.285590
0 0.132267 0.762100 0.163773 0.285590
0 0.241333 0.630900 0.163773 0.285590
0 0.352567 0.528850 0.163773 0.285590
0 0.510233 0.598500 0.163773 0.285590
0 0.631167 0.762100 0.163773 0.285590
0 0.525333 0.946750 0.163773 0.285590
0 0.426000 0.805850 0.163773 0.285590
0 0.306133 0.869000 0.163773 0.285590
0 0.181933 0.972700 0.163773 0.285590
0 0.402233 0.979150 0.163773 0.285590
0 0.915200 0.869000 0.163773 0.285590
0 0.798567 0.660050 0.163773 0.285590
0 0.661400 0.455950 0.163773 0.285590
0 0.539367 0.311750 0.163773 0.285590
0 0.742400 0.174100 0.163773 0.285590
0 0.882800 0.405700 0.163773 0.285590
0 0.983233 0.601750 0.163773 0.285590
0 0.978900 0.287450 0.163773 0.285590
0 0.916267 0.078500 0.163773 0.285590
0 0.769400 0.010500 0.163773 0.285590