0 0.634804 0.788174 0.110677 0.168403
0 0.049000 0.478348 0.110677 0.168403
0 0.011370 0.281971 0.110677 0.168403
0 0.016261 0.172899 0.110677 0.168403
0 0.132457 0.039797 0.110677 0.168403
0 0.137370 0.144522 0.110677 0.168403
0 0.224087 0.124899 0.110677 0.168403
0 0.317370 0.113971 0.110677 0.168403
0 0.445000 0.094348 0.110677 0.168403
0 0.530087 0.061623 0.110677 0.168403
0 0.634804 0.068174 0.110677 0.168403
0 0.733000 0.092174 0.110677 0.168403
0 0.829543 0.074696 0.110677 0.168403
0 0.881913 0.157623 0.110677 0.168403
0 0.939174 0.094348 0.110677 0.168403
0 0.955543 0.037623 0.110677 0.168403
0 0.983370 0.164174 0.110677 0.168403
0 0.985000 0.275449 0.110677 0.168403
0 0.904804 0.316899 0.110677 0.168403
0 0.818087 0.360522 0.110677 0.168403
0 0.746087 0.332174 0.110677 0.168403
0 0.805000 0.225246 0.110677 0.168403
0 0.693717 0.223072 0.110677 0.168403
0 0.598804 0.223072 0.110677 0.168403
0 0.667543 0.332174 0.110677 0.168403
0 0.566087 0.375797 0.110677 0.168403
0 0.683913 0.447797 0.110677 0.168403
0 0.782087 0.480522 0.110677 0.168403
0 0.885174 0.576522 0.110677 0.168403
0 0.947370 0.421623 0.110677 0.168403
0 0.971913 0.655072 0.110677 0.168403
0 0.898261 0.737971 0.110677 0.168403
0 0.785370 0.724899 0.110677 0.168403
0 0.775543 0.655072 0.110677 0.168403
0 0.700261 0.607072 0.110677 0.168403
0 0.453174 0.236174 0.110677 0.168403
0 0.384457 0.253623 0.110677 0.168403
0 0.225717 0.229623 0.110677 0.168403
0 0.114457 0.312522 0.110677 0.168403
0 0.178261 0.358348 0.110677 0.168403
0 0.160261 0.447797 0.110677 0.168403
0 0.227370 0.550348 0.110677 0.168403
0 0.107913 0.552522 0.110677 0.168403
0 0.286261 0.539449 0.110677 0.168403
0 0.395913 0.436899 0.110677 0.168403
0 0.315717 0.637623 0.110677 0.168403
0 0.211000 0.663797 0.110677 0.168403
0 0.076804 0.635449 0.110677 0.168403
0 0.029370 0.836174 0.110677 0.168403
0 0.135717 0.759797 0.110677 0.168403
0 0.173370 0.844899 0.110677 0.168403
0 0.078457 0.943072 0.110677 0.168403
0 0.580804 0.694348 0.110677 0.168403
0 0.458087 0.692174 0.110677 0.168403
0 0.549717 0.766348 0.110677 0.168403
0 0.698630 0.753246 0.110677 0.168403
0 0.867174 0.912522 0.110677 0.168403
0 0.935913 0.864522 0.110677 0.168403
0 0.991543 0.873246 0.110677 0.168403
0 0.993174 0.940899 0.110677 0.168403
0 0.783717 0.960522 0.110677 0.168403
0 0.695370 0.914696 0.110677 0.168403
0 0.593913 0.884174 0.110677 0.168403
0 0.585717 0.991072 0.110677 0.168403
0 0.487543 0.855797 0.110677 0.168403
0 0.464630 0.953971 0.110677 0.168403
0 0.319000 0.973623 0.110677 0.168403
0 0.276457 0.892899 0.110677 0.168403
0 0.384457 0.801246 0.110677 0.168403
0 0.215913 0.988899 0.110677 0.168403
0 0.013000 0.997623 0.110677 0.168403
0 0.719913 0.002696 0.110677 0.168403
0 0.801717 0.009246 0.110677 0.168403
0 0.561174 0.009246 0.110677 0.168403
0 0.888457 0.024522 0.110677 0.168403
0 0.865543 0.469623 0.110677 0.168403
0 0.533370 0.545971 0.110677 0.168403