0 0.921978 0.958810 0.217626 0.110243
0 0.092622 0.760225 0.217626 0.110243
0 0.643289 0.638392 0.217626 0.110243
0 0.365422 0.067010 0.217626 0.110243
0 0.929556 0.514116 0.217626 0.110243
0 0.916933 0.081608 0.217626 0.110243
0 0.098511 0.986849 0.217626 0.110243
0 0.644956 0.520225 0.217626 0.110243
0 0.367111 0.420322 0.217626 0.110243
0 0.373000 0.640836 0.217626 0.110243
0 0.930400 0.637170 0.217626 0.110243
0 0.927867 0.299711 0.217626 0.110243
0 0.645800 0.757781 0.217626 0.110243
0 0.928711 0.858907 0.217626 0.110243
0 0.357844 0.304566 0.217626 0.110243
0 0.644111 0.177878 0.217626 0.110243
0 0.643289 0.983183 0.217626 0.110243
0 0.377200 0.873537 0.217626 0.110243
0 0.090089 0.874759 0.217626 0.110243
0 0.075778 0.070643 0.217626 0.110243
0 0.081667 0.651801 0.217626 0.110243
0 0.363733 0.193698 0.217626 0.110243
0 0.648333 0.406913 0.217626 0.110243
0 0.376356 0.995370 0.217626 0.110243
0 0.648333 0.289936 0.217626 0.110243
0 0.359533 0.537267 0.217626 0.110243
0 0.927044 0.394727 0.217626 0.110243
0 0.936222 0.763987 0.217626 0.110243
0 0.655067 0.069421 0.217626 0.110243
0 0.079978 0.186399 0.217626 0.110243
0 0.367956 0.756559 0.217626 0.110243
0 0.080822 0.298489 0.217626 0.110243
0 0.646644 0.872315 0.217626 0.110243
0 0.920289 0.186399 0.217626 0.110243
0 0.074089 0.427621 0.217626 0.110243
0 0.081667 0.538489 0.217626 0.110243