0 0.428396 0.881705 0.138590 0.413194
0 0.172373 0.242424 0.138590 0.413194
0 0.768096 0.563258 0.138590 0.413194
0 0.584029 0.208371 0.138590 0.413194
0 0.630887 0.541402 0.138590 0.413194
0 0.306245 0.874432 0.138590 0.413194
0 0.809100 0.891439 0.138590 0.413194
0 0.443468 0.225379 0.138590 0.413194
0 0.384055 0.565720 0.138590 0.413194
0 0.838383 0.235114 0.138590 0.413194
0 0.164850 0.908447 0.138590 0.413194
0 0.243494 0.546250 0.138590 0.413194
0 0.316284 0.244848 0.138590 0.413194
0 0.509557 0.546250 0.138590 0.413194
0 0.554746 0.886591 0.138590 0.413194
0 0.707862 0.232689 0.138590 0.413194
0 0.688618 0.879280 0.138590 0.413194