0 0.005687 0.314850 0.146484 0.218750
0 0.069775 0.496667 0.146484 0.218750
0 0.034313 0.767583 0.146484 0.218750
0 0.167950 0.287583 0.146484 0.218750
0 0.140687 0.113033 0.146484 0.218750
0 0.315225 0.256667 0.146484 0.218750
0 0.337050 0.416667 0.146484 0.218750
0 0.305688 0.674850 0.146484 0.218750
0 0.252500 0.945750 0.146484 0.218750
0 0.491138 0.860300 0.146484 0.218750
0 0.538863 0.629400 0.146484 0.218750
0 0.837500 0.834850 0.146484 0.218750
0 0.967050 0.438483 0.146484 0.218750
0 0.791137 0.356667 0.146484 0.218750
0 0.694313 0.560300 0.146484 0.218750
0 0.590688 0.434850 0.146484 0.218750
0 0.508862 0.320300 0.146484 0.218750
0 0.327500 0.102117 0.146484 0.218750
0 0.432500 0.180300 0.146484 0.218750
0 0.437950 0.034850 0.146484 0.218750
0 0.643863 0.054850 0.146484 0.218750
0 0.954775 0.062117 0.146484 0.218750