0 0.528223 0.833456 0.153595 0.149306
0 0.708837 0.478281 0.153595 0.149306
0 0.515402 0.112696 0.153595 0.149306
0 0.886106 0.671774 0.153595 0.149306
0 0.870979 0.834726 0.153595 0.149306
0 0.873405 0.118617 0.153595 0.149306
0 0.128652 0.657052 0.153595 0.149306
0 0.140085 0.300523 0.153595 0.149306
0 0.322546 0.829817 0.153595 0.149306
0 0.889571 0.303061 0.153595 0.149306
0 0.129690 0.117772 0.153595 0.149306
0 0.519910 0.472103 0.153595 0.149306
0 0.510784 0.294601 0.153595 0.149306
0 0.324279 0.478281 0.153595 0.149306
0 0.886106 0.491734 0.153595 0.149306
0 0.509860 0.665684 0.153595 0.149306
0 0.128652 0.480735 0.153595 0.149306
0 0.705492 0.659506 0.153595 0.149306
0 0.708263 0.116928 0.153595 0.149306
0 0.697174 0.831002 0.153595 0.149306
0 0.337673 0.668135 0.153595 0.149306
0 0.323699 0.297140 0.153595 0.149306
0 0.326011 0.113544 0.153595 0.149306
0 0.710569 0.299678 0.153595 0.149306
0 0.160409 0.835911 0.153595 0.149306