0 0.931050 0.774062 0.089844 0.164062
0 0.694837 0.075104 0.089844 0.164062
0 0.545788 0.900375 0.089844 0.164062
0 0.077150 0.873000 0.089844 0.164062
0 0.414412 0.205646 0.089844 0.164062
0 0.512938 0.207750 0.089844 0.164062
0 0.776938 0.976167 0.089844 0.164062
0 0.442200 0.449854 0.089844 0.164062
0 0.792100 0.677229 0.089844 0.164062
0 0.576100 0.595104 0.089844 0.164062
0 0.171887 0.849854 0.089844 0.164062
0 0.271675 0.470896 0.089844 0.164062
0 0.064525 0.399333 0.089844 0.164062
0 0.864100 0.214063 0.089844 0.164062
0 0.867887 0.289854 0.089844 0.164062
0 0.884313 0.390896 0.089844 0.164062
0 0.980313 0.881437 0.089844 0.164062
0 0.953788 0.235104 0.089844 0.164062
0 0.118837 0.355104 0.089844 0.164062
0 0.068312 0.180375 0.089844 0.164062
0 0.380312 0.011958 0.089844 0.164062
0 0.634200 0.281438 0.089844 0.164062
0 0.694837 0.696167 0.089844 0.164062
0 0.775675 0.159333 0.089844 0.164062
0 0.528100 0.020375 0.089844 0.164062
0 0.307050 0.294063 0.089844 0.164062
0 0.646838 0.607750 0.089844 0.164062
0 0.505363 0.814063 0.089844 0.164062
0 0.515463 0.719333 0.089844 0.164062
0 0.610200 0.338271 0.089844 0.164062
0 0.852738 0.035104 0.089844 0.164062
0 0.486413 0.534063 0.089844 0.164062
0 0.235050 0.630896 0.089844 0.164062
0 0.265363 0.201438 0.089844 0.164062
0 0.749150 0.456167 0.089844 0.164062
0 0.209788 0.548792 0.089844 0.164062
0 0.026625 0.287750 0.089844 0.164062
0 0.334838 0.633000 0.089844 0.164062
0 0.276737 0.689854 0.089844 0.164062
0 0.754200 0.342479 0.089844 0.164062
0 0.903263 0.510896 0.089844 0.164062
0 0.982838 0.574063 0.089844 0.164062
0 0.976525 0.409854 0.089844 0.164062
0 0.632938 0.814063 0.089844 0.164062
0 0.865363 0.881437 0.089844 0.164062
0 0.689788 0.218271 0.089844 0.164062
0 0.390412 0.679333 0.089844 0.164062
0 0.371463 0.159333 0.089844 0.164062
0 0.989150 0.483542 0.089844 0.164062
0 0.975263 0.091958 0.089844 0.164062
0 0.293150 0.908792 0.089844 0.164062
0 0.726413 0.925646 0.089844 0.164062
0 0.241363 0.885646 0.089844 0.164062
0 0.813575 0.477229 0.089844 0.164062
0 0.860313 0.599333 0.089844 0.164062
0 0.281788 0.830896 0.089844 0.164062
0 0.049363 0.576167 0.089844 0.164062
0 0.022838 0.016167 0.089844 0.164062
0 0.395462 0.967750 0.089844 0.164062
0 0.437150 0.018271 0.089844 0.164062
0 0.195888 0.748792 0.089844 0.164062
0 0.077150 0.961438 0.089844 0.164062
0 0.270413 0.028792 0.089844 0.164062
0 0.977788 0.300375 0.089844 0.164062
0 0.794625 0.266688 0.089844 0.164062
0 0.607675 0.698271 0.089844 0.164062
0 0.323462 0.134063 0.089844 0.164062
0 0.817362 0.784583 0.089844 0.164062
0 0.785787 0.868792 0.089844 0.164062
0 0.409363 0.837229 0.089844 0.164062
0 0.472525 0.942479 0.089844 0.164062
0 0.932313 0.555104 0.089844 0.164062
0 0.140313 0.026688 0.089844 0.164062
0 0.310837 0.965646 0.089844 0.164062
0 0.991675 0.180375 0.089844 0.164062
0 0.132738 0.148792 0.089844 0.164062
0 0.149150 0.984583 0.089844 0.164062
0 0.608938 0.104583 0.089844 0.164062
0 0.712525 0.291958 0.089844 0.164062
0 0.400525 0.363542 0.089844 0.164062
0 0.793363 0.565646 0.089844 0.164062
0 0.899463 0.666687 0.089844 0.164062
0 0.697362 0.588792 0.089844 0.164062
0 0.212312 0.123542 0.089844 0.164062
0 0.950000 0.649854 0.089844 0.164062
0 0.346200 0.323542 0.089844 0.164062
0 0.918412 0.908792 0.089844 0.164062
0 0.539463 0.443542 0.089844 0.164062
0 0.660738 0.955104 0.089844 0.164062
0 0.014000 0.620375 0.089844 0.164062
0 0.492738 0.113000 0.089844 0.164062
0 0.458625 0.614063 0.089844 0.164062
0 0.394200 0.504583 0.089844 0.164062
0 0.182000 0.325646 0.089844 0.164062
0 0.603888 0.967750 0.089844 0.164062
0 0.126412 0.929854 0.089844 0.164062
0 0.331050 0.487750 0.089844 0.164062
0 0.866625 0.974063 0.089844 0.164062
0 0.193363 0.445646 0.089844 0.164062
0 0.463675 0.256167 0.089844 0.164062
0 0.006412 0.169854 0.089844 0.164062
0 0.595050 0.159333 0.089844 0.164062
0 0.300737 0.399333 0.089844 0.164062
0 0.539463 0.298271 0.089844 0.164062
0 0.742838 0.028792 0.089844 0.164062
0 0.870413 0.102479 0.089844 0.164062
0 0.429575 0.677229 0.089844 0.164062
0 0.702412 0.782479 0.089844 0.164062
0 0.125150 0.607750 0.089844 0.164062
0 0.678413 0.418271 0.089844 0.164062
0 0.054413 0.795104 0.089844 0.164062