0 0.365063 0.578908 0.190359 0.218750
0 0.339367 0.364937 0.190359 0.218750
0 0.367426 0.775443 0.190359 0.218750
0 0.547532 0.596487 0.190359 0.218750
0 0.786139 0.361408 0.190359 0.218750
0 0.533502 0.803528 0.190359 0.218750
0 0.545338 0.115633 0.190359 0.218750
0 0.196646 0.743845 0.190359 0.218750
0 0.755738 0.835079 0.190359 0.218750
0 0.783797 0.610522 0.190359 0.218750
0 0.189662 0.364937 0.190359 0.218750
0 0.352616 0.135032 0.190359 0.218750
0 0.540549 0.368402 0.190359 0.218750
0 0.802278 0.105649 0.190359 0.218750
0 0.165380 0.144430 0.190359 0.218750
0 0.189662 0.556123 0.190359 0.218750