0 0.262248 0.618444 0.132065 0.122396
0 0.394428 0.616971 0.132065 0.122396
0 0.306952 0.081888 0.132065 0.122396
0 0.816276 0.956162 0.132065 0.122396
0 0.496497 0.353817 0.132065 0.122396
0 0.402207 0.097967 0.132065 0.122396
0 0.673393 0.722241 0.132065 0.122396
0 0.598552 0.453237 0.132065 0.122396
0 0.023145 0.861120 0.132065 0.122396
0 0.958179 0.731017 0.132065 0.122396
0 0.904717 0.438610 0.132065 0.122396
0 0.670469 0.627199 0.132065 0.122396
0 0.265159 0.874274 0.132065 0.122396
0 0.525655 0.703237 0.132065 0.122396
0 0.018276 0.957614 0.132065 0.122396
0 0.078538 0.447386 0.132065 0.122396
0 0.609241 0.111120 0.132065 0.122396
0 0.019255 0.442988 0.132065 0.122396
0 0.957200 0.969315 0.132065 0.122396
0 0.398317 0.859668 0.132065 0.122396
0 0.899862 0.358195 0.132065 0.122396
0 0.864869 0.149129 0.132065 0.122396
0 0.252524 0.713465 0.132065 0.122396
0 0.809462 0.869896 0.132065 0.122396
0 0.707407 0.459087 0.132065 0.122396
0 0.397352 0.710539 0.132065 0.122396
0 0.697683 0.362593 0.132065 0.122396
0 0.132979 0.706162 0.132065 0.122396
0 0.495517 0.445913 0.132065 0.122396
0 0.511076 0.086266 0.132065 0.122396
0 0.407076 0.956162 0.132065 0.122396
0 0.080483 0.081888 0.132065 0.122396
0 0.944566 0.612593 0.132065 0.122396
0 0.805572 0.619896 0.132065 0.122396
0 0.957200 0.883050 0.132065 0.122396
0 0.510097 0.173983 0.132065 0.122396
0 0.192262 0.441535 0.132065 0.122396
0 0.404152 0.350892 0.132065 0.122396
0 0.545090 0.948838 0.132065 0.122396
0 0.267103 0.964917 0.132065 0.122396
0 0.119366 0.600892 0.132065 0.122396
0 0.068828 0.166680 0.132065 0.122396
0 0.809462 0.450311 0.132065 0.122396
0 0.179628 0.176909 0.132065 0.122396
0 0.131034 0.961992 0.132065 0.122396
0 0.180607 0.071660 0.132065 0.122396
0 0.691862 0.956162 0.132065 0.122396
0 0.600497 0.358195 0.132065 0.122396
0 0.962069 0.133050 0.132065 0.122396
0 0.694772 0.152054 0.132065 0.122396
0 0.534400 0.864046 0.132065 0.122396
0 0.607297 0.182759 0.132065 0.122396
0 0.812386 0.358195 0.132065 0.122396
0 0.292372 0.364046 0.132065 0.122396
0 0.793917 0.150602 0.132065 0.122396
0 0.011476 0.688610 0.132065 0.122396
0 0.187407 0.346494 0.132065 0.122396
0 0.800717 0.707614 0.132065 0.122396
0 0.397352 0.453237 0.132065 0.122396
0 0.132979 0.875747 0.132065 0.122396
0 0.018276 0.345041 0.132065 0.122396
0 0.112566 0.346494 0.132065 0.122396
0 0.301131 0.173983 0.132065 0.122396
0 0.289462 0.461992 0.132065 0.122396
0 0.401241 0.188610 0.132065 0.122396
0 0.686993 0.861120 0.132065 0.122396