0 0.088110 0.013902 0.127894 0.112847
0 0.206971 0.012083 0.127894 0.112847
0 0.322190 0.015722 0.127894 0.112847
0 0.284593 0.097542 0.127894 0.112847
0 0.141477 0.099362 0.127894 0.112847
0 0.025044 0.104803 0.127894 0.112847
0 0.084468 0.204803 0.127894 0.112847
0 0.204543 0.199362 0.127894 0.112847
0 0.329474 0.202983 0.127894 0.112847
0 0.280964 0.304803 0.127894 0.112847
0 0.147547 0.312083 0.127894 0.112847
0 0.026258 0.312083 0.127894 0.112847
0 0.006846 0.201182 0.127894 0.112847
0 0.006846 0.021182 0.127894 0.112847
0 0.006846 0.408443 0.127894 0.112847
0 0.094180 0.401182 0.127894 0.112847
0 0.209399 0.397542 0.127894 0.112847
0 0.328260 0.401182 0.127894 0.112847
0 0.282165 0.513902 0.127894 0.112847
0 0.146333 0.515722 0.127894 0.112847
0 0.027472 0.515722 0.127894 0.112847
0 0.005632 0.613902 0.127894 0.112847
0 0.085682 0.613902 0.127894 0.112847
0 0.211827 0.617542 0.127894 0.112847
0 0.792791 0.093902 0.127894 0.112847
0 0.948048 0.095722 0.127894 0.112847
0 0.990488 0.202983 0.127894 0.112847
0 0.872841 0.197542 0.127894 0.112847
0 0.763680 0.202983 0.127894 0.112847
0 0.797647 0.310263 0.127894 0.112847
0 0.961389 0.304803 0.127894 0.112847
0 0.989274 0.404803 0.127894 0.112847
0 0.881339 0.406623 0.127894 0.112847
0 0.747922 0.408443 0.127894 0.112847
0 0.791577 0.512083 0.127894 0.112847
0 0.956533 0.513902 0.127894 0.112847
0 0.876483 0.013902 0.127894 0.112847
0 0.984431 0.019362 0.127894 0.112847
0 0.760050 0.015722 0.127894 0.112847
0 0.877697 0.615722 0.127894 0.112847
0 0.757622 0.612083 0.127894 0.112847
0 0.790363 0.722983 0.127894 0.112847
0 0.950463 0.721182 0.127894 0.112847
0 0.989274 0.612083 0.127894 0.112847
0 0.986859 0.821182 0.127894 0.112847
0 0.871627 0.822983 0.127894 0.112847
0 0.763680 0.817542 0.127894 0.112847
0 0.795219 0.932083 0.127894 0.112847
0 0.952891 0.928443 0.127894 0.112847
0 0.983217 0.993902 0.127894 0.112847
0 0.872841 0.995722 0.127894 0.112847
0 0.761264 0.992083 0.127894 0.112847
0 0.091752 0.993902 0.127894 0.112847
0 0.033529 0.922983 0.127894 0.112847
0 0.006846 0.815722 0.127894 0.112847
0 0.027472 0.722983 0.127894 0.112847
0 0.154819 0.722983 0.127894 0.112847
0 0.085682 0.815722 0.127894 0.112847
0 0.208185 0.813902 0.127894 0.112847
0 0.152390 0.926623 0.127894 0.112847
0 0.197272 0.992083 0.127894 0.112847