0 0.257591 0.822727 0.145833 0.241319
0 0.596955 0.781818 0.145833 0.241319
0 0.448500 0.798500 0.145833 0.241319
0 0.315136 0.721227 0.145833 0.241319
0 0.157591 0.696955 0.145833 0.241319
0 0.024227 0.657591 0.145833 0.241319
0 0.068182 0.613636 0.145833 0.241319
0 0.113636 0.619682 0.145833 0.241319
0 0.524227 0.700000 0.145833 0.241319
0 0.696955 0.762136 0.145833 0.241319
0 0.812136 0.751500 0.145833 0.241319
0 0.942409 0.751500 0.145833 0.241319
0 0.812136 0.665136 0.145833 0.241319
0 0.845455 0.596955 0.145833 0.241319
0 0.919682 0.619682 0.145833 0.241319
0 0.978773 0.621227 0.145833 0.241319
0 0.628773 0.648500 0.145833 0.241319
0 0.634864 0.603045 0.145833 0.241319
0 0.486364 0.616682 0.145833 0.241319
0 0.403045 0.654545 0.145833 0.241319
0 0.403045 0.598500 0.145833 0.241319
0 0.296955 0.659091 0.145833 0.241319