0 0.106700 0.369833 0.175130 0.278646
0 0.255613 0.369833 0.175130 0.278646
0 0.491250 0.413467 0.175130 0.278646
0 0.540338 0.286917 0.175130 0.278646
0 0.831612 0.341467 0.175130 0.278646
0 0.954338 0.328383 0.175130 0.278646
0 0.987062 0.629467 0.175130 0.278646
0 0.942887 0.653467 0.175130 0.278646
0 0.864338 0.710200 0.175130 0.278646
0 0.898700 0.932733 0.175130 0.278646
0 0.937975 0.980733 0.175130 0.278646
0 0.925375 0.713033 0.175130 0.278646
0 0.796913 0.939933 0.175130 0.278646
0 0.710187 0.765400 0.175130 0.278646
0 0.504012 0.765400 0.175130 0.278646
0 0.428737 0.763217 0.175130 0.278646
0 0.270012 0.752300 0.175130 0.278646
0 0.139100 0.691217 0.175130 0.278646
0 0.080188 0.778483 0.175130 0.278646
0 0.032738 0.929033 0.175130 0.278646
0 0.126012 0.970483 0.175130 0.278646
0 0.212737 0.966117 0.175130 0.278646
0 0.299463 0.959583 0.175130 0.278646
0 0.427100 0.950850 0.175130 0.278646
0 0.530188 0.977033 0.175130 0.278646
0 0.630012 0.955217 0.175130 0.278646
0 0.702013 0.953033 0.175130 0.278646