0 0.052228 0.436477 0.081274 0.178819
0 0.233132 0.503218 0.081274 0.178819
0 0.173842 0.406283 0.081274 0.178819
0 0.323588 0.493675 0.081274 0.178819
0 0.274342 0.436477 0.081274 0.178819
0 0.261281 0.407864 0.081274 0.178819
0 0.272939 0.377517 0.081274 0.178819
0 0.249114 0.364175 0.081274 0.178819
0 0.214842 0.358447 0.081274 0.178819
0 0.442982 0.544535 0.081274 0.178819
0 0.686096 0.574730 0.081274 0.178819
0 0.663491 0.448391 0.081274 0.178819
0 0.594044 0.459362 0.081274 0.178819
0 0.541982 0.434730 0.081274 0.178819
0 0.849719 0.473024 0.081274 0.178819
0 0.903789 0.439806 0.081274 0.178819
0 0.936956 0.340499 0.081274 0.178819
0 0.862482 0.326671 0.081274 0.178819
0 0.863693 0.349709 0.081274 0.178819
0 0.819465 0.366241 0.081274 0.178819
0 0.790921 0.323010 0.081274 0.178819
0 0.745596 0.378308 0.081274 0.178819
0 0.707211 0.340499 0.081274 0.178819
0 0.671123 0.368141 0.081274 0.178819
0 0.716553 0.404854 0.081274 0.178819
0 0.342184 0.382441 0.081274 0.178819
0 0.386904 0.374022 0.081274 0.178819
0 0.619263 0.377836 0.081274 0.178819