0 0.017178 0.649156 0.145062 0.142361
0 0.062267 0.607594 0.145062 0.142361
0 0.192911 0.561688 0.145062 0.142361
0 0.270644 0.531062 0.145062 0.142361
0 0.321978 0.581344 0.145062 0.142361
0 0.259778 0.695063 0.145062 0.142361
0 0.497689 0.655719 0.145062 0.142361
0 0.396622 0.535438 0.145062 0.142361
0 0.497689 0.557312 0.145062 0.142361
0 0.662533 0.537625 0.145062 0.142361
0 0.563000 0.528875 0.145062 0.142361
0 0.632978 0.592281 0.145062 0.142361
0 0.678089 0.574812 0.145062 0.142361
0 0.766733 0.552937 0.145062 0.142361
0 0.785378 0.625094 0.145062 0.142361
0 0.838267 0.710375 0.145062 0.142361
0 0.967333 0.653531 0.145062 0.142361
0 0.886467 0.576969 0.145062 0.142361
0 0.982889 0.576969 0.145062 0.142361