0 0.859137 0.844619 0.290241 0.387153
0 0.614706 0.713710 0.290241 0.387153
0 0.859137 0.548757 0.290241 0.387153
0 0.820944 0.182219 0.290241 0.387153
0 0.988994 0.108903 0.290241 0.387153
0 0.988994 0.705853 0.290241 0.387153
0 0.576512 0.365493 0.290241 0.387153
0 0.547869 0.067018 0.290241 0.387153
0 0.303438 0.234576 0.290241 0.387153
0 0.211769 0.035596 0.290241 0.387153
0 0.074275 0.145561 0.290241 0.387153
0 0.060912 0.459743 0.290241 0.387153
0 0.129656 0.800103 0.290241 0.387153
0 0.377912 0.865561 0.290241 0.387153
0 0.349269 0.548757 0.290241 0.387153