0 0.060508 0.068788 0.261574 0.164062
0 0.260292 0.067159 0.261574 0.164062
0 0.519469 0.067159 0.261574 0.164062
0 0.774331 0.065543 0.261574 0.164062
0 0.951438 0.062298 0.261574 0.164062
0 0.890962 0.222794 0.261574 0.164062
0 0.618823 0.226039 0.261574 0.164062
0 0.354246 0.222794 0.261574 0.164062
0 0.115585 0.219550 0.261574 0.164062
0 0.045392 0.384908 0.261574 0.164062
0 0.236531 0.381663 0.261574 0.164062
0 0.501115 0.381663 0.261574 0.164062
0 0.776492 0.383279 0.261574 0.164062
0 0.957915 0.371940 0.261574 0.164062
0 0.890962 0.534042 0.261574 0.164062
0 0.616662 0.540531 0.261574 0.164062
0 0.379085 0.540531 0.261574 0.164062
0 0.115585 0.527564 0.261574 0.164062
0 0.058346 0.701016 0.261574 0.164062
0 0.244092 0.699400 0.261574 0.164062
0 0.519469 0.712367 0.261574 0.164062
0 0.772169 0.710751 0.261574 0.164062
0 0.957915 0.701016 0.261574 0.164062
0 0.895285 0.858268 0.261574 0.164062
0 0.619900 0.848545 0.261574 0.164062
0 0.355323 0.871236 0.261574 0.164062
0 0.103708 0.855023 0.261574 0.164062