0 0.156492 0.063935 0.267974 0.250000
0 0.436762 0.089691 0.267974 0.250000
0 0.775346 0.019993 0.267974 0.250000
0 0.725131 0.173029 0.267974 0.250000
0 0.945454 0.335144 0.267974 0.250000
0 0.773731 0.477568 0.267974 0.250000
0 0.521000 0.315453 0.267974 0.250000
0 0.310400 0.263935 0.267974 0.250000
0 0.287715 0.486662 0.267974 0.250000
0 0.506423 0.524540 0.267974 0.250000
0 0.303915 0.754842 0.267974 0.250000
0 0.077108 0.821511 0.267974 0.250000
0 0.681385 0.918482 0.267974 0.250000
0 0.435138 0.910906 0.267974 0.250000
0 0.506423 0.827568 0.267974 0.250000
0 0.491838 0.706360 0.267974 0.250000
0 0.780208 0.727568 0.267974 0.250000
0 0.955177 0.786662 0.267974 0.250000
0 0.974615 0.609388 0.267974 0.250000
0 0.943831 0.112417 0.267974 0.250000
0 0.162969 0.644237 0.267974 0.250000
0 0.056046 0.632115 0.267974 0.250000
0 0.906246 0.912719 0.267974 0.250000
0 0.628246 0.834540 0.267974 0.250000