0 0.963195 0.977050 0.181134 0.271701
0 0.868706 0.857026 0.181134 0.271701
0 0.985000 0.854317 0.181134 0.271701
0 0.992268 0.696091 0.181134 0.271701
0 0.875974 0.619712 0.181134 0.271701
0 0.874169 0.412422 0.181134 0.271701
0 0.986821 0.327866 0.181134 0.271701
0 0.965016 0.161463 0.181134 0.271701
0 0.855990 0.183285 0.181134 0.271701
0 0.692460 0.055084 0.181134 0.271701
0 0.563450 0.139640 0.181134 0.271701
0 0.381741 0.044173 0.181134 0.271701
0 0.205495 0.035995 0.181134 0.271701
0 0.047412 0.046906 0.181134 0.271701
0 0.101917 0.254197 0.181134 0.271701
0 0.009249 0.336043 0.181134 0.271701
0 0.023786 0.494245 0.181134 0.271701
0 0.130990 0.466978 0.181134 0.271701
0 0.092843 0.619712 0.181134 0.271701
0 0.040144 0.870671 0.181134 0.271701
0 0.210942 0.925228 0.181134 0.271701
0 0.361757 0.941607 0.181134 0.271701
0 0.527109 0.949784 0.181134 0.271701
0 0.688834 0.851583 0.181134 0.271701
0 0.796038 0.987962 0.181134 0.271701
0 0.739696 0.589712 0.181134 0.271701
0 0.627045 0.529712 0.181134 0.271701
0 0.688834 0.352398 0.181134 0.271701
0 0.523482 0.415132 0.181134 0.271701
0 0.428994 0.205108 0.181134 0.271701
0 0.287268 0.210576 0.181134 0.271701
0 0.236390 0.406954 0.181134 0.271701
0 0.372668 0.417866 0.181134 0.271701
0 0.196406 0.682470 0.181134 0.271701
0 0.381741 0.671559 0.181134 0.271701
0 0.532556 0.666091 0.181134 0.271701
0 0.477875 0.802206 0.181134 0.271701
0 0.707364 0.173741 0.181134 0.271701
0 0.910863 0.031894 0.181134 0.271701