0 0.016950 0.201489 0.154710 0.292535
0 0.018687 0.047111 0.154710 0.292535
0 0.100312 0.065644 0.154710 0.292535
0 0.105525 0.263244 0.154710 0.292535
0 0.225350 0.065644 0.154710 0.292535
0 0.076000 0.349689 0.154710 0.292535
0 0.025638 0.476267 0.154710 0.292535
0 0.143725 0.448489 0.154710 0.292535
0 0.036050 0.676956 0.154710 0.292535
0 0.063838 0.852933 0.154710 0.292535
0 0.195825 0.658422 0.154710 0.292535
0 0.239250 0.868378 0.154710 0.292535
0 0.168038 0.994956 0.154710 0.292535
0 0.298300 0.500978 0.154710 0.292535
0 0.286137 0.229267 0.154710 0.292535
0 0.216675 0.328067 0.154710 0.292535
0 0.355600 0.099600 0.154710 0.292535
0 0.286137 0.081089 0.154710 0.292535
0 0.447650 0.031689 0.154710 0.292535
0 0.473700 0.102689 0.154710 0.292535
0 0.551850 0.142822 0.154710 0.292535
0 0.614375 0.022422 0.154710 0.292535
0 0.699463 0.062556 0.154710 0.292535
0 0.800200 0.105778 0.154710 0.292535
0 0.918288 0.022422 0.154710 0.292535
0 0.925238 0.204578 0.154710 0.292535
0 0.992962 0.362044 0.154710 0.292535
0 0.991225 0.099600 0.154710 0.292535
0 0.906137 0.439222 0.154710 0.292535
0 0.989500 0.630644 0.154710 0.292535
0 0.998175 0.852933 0.154710 0.292535
0 0.951287 0.785022 0.154710 0.292535
0 0.916550 0.868378 0.154710 0.292535
0 0.881825 0.695489 0.154710 0.292535
0 0.805400 0.661511 0.154710 0.292535
0 0.716838 0.451578 0.154710 0.292535
0 0.656050 0.633733 0.154710 0.292535
0 0.716838 0.880733 0.154710 0.292535
0 0.591788 0.812800 0.154710 0.292535
0 0.668213 0.988778 0.154710 0.292535
0 0.456338 0.914689 0.154710 0.292535
0 0.386863 0.988778 0.154710 0.292535
0 0.544900 0.448489 0.154710 0.292535
0 0.471963 0.689311 0.154710 0.292535
0 0.456338 0.500978 0.154710 0.292535
0 0.352137 0.658422 0.154710 0.292535
0 0.397287 0.476267 0.154710 0.292535
0 0.452863 0.309556 0.154710 0.292535
0 0.673412 0.204578 0.154710 0.292535
0 0.789775 0.281756 0.154710 0.292535
0 0.079475 0.571978 0.154710 0.292535
0 0.060538 0.016556 0.154710 0.292535
0 0.013300 0.356178 0.154710 0.292535
0 0.278675 0.688378 0.154710 0.292535
0 0.307850 0.018400 0.154710 0.292535
0 0.333200 0.970889 0.154710 0.292535
0 0.797238 0.505289 0.154710 0.292535
0 0.786125 0.009756 0.154710 0.292535
0 0.830938 0.009756 0.154710 0.292535