0 0.106700 0.081820 0.172813 0.098090
0 0.181183 0.169700 0.172813 0.098090
0 0.311233 0.068180 0.172813 0.098090
0 0.390783 0.166660 0.172813 0.098090
0 0.504417 0.080300 0.172813 0.098090
0 0.703917 0.077280 0.172813 0.098090
0 0.895833 0.080300 0.172813 0.098090
0 0.813767 0.165160 0.172813 0.098090
0 0.607950 0.168180 0.172813 0.098090
0 0.717800 0.268180 0.172813 0.098090
0 0.605433 0.371220 0.172813 0.098090
0 0.489267 0.263640 0.172813 0.098090
0 0.394567 0.360600 0.172813 0.098090
0 0.480433 0.469700 0.172813 0.098090
0 0.279667 0.271220 0.172813 0.098090