0 0.385093 0.248423 0.163281 0.183160
0 0.086613 0.270854 0.163281 0.183160
0 0.186020 0.306608 0.163281 0.183160
0 0.201513 0.476000 0.163281 0.183160
0 0.116033 0.618577 0.163281 0.183160
0 0.237100 0.819338 0.163281 0.183160
0 0.225680 0.642515 0.163281 0.183160
0 0.331647 0.653423 0.163281 0.183160
0 0.452587 0.609792 0.163281 0.183160
0 0.511280 0.769185 0.163281 0.183160
0 0.575493 0.607669 0.163281 0.183160
0 0.673847 0.638277 0.163281 0.183160
0 0.596373 0.428731 0.163281 0.183160
0 0.494213 0.269485 0.163281 0.183160
0 0.596373 0.249792 0.163281 0.183160
0 0.333487 0.465854 0.163281 0.183160
0 0.356200 0.352369 0.163281 0.183160
0 0.096593 0.095854 0.163281 0.183160
0 0.133887 0.006308 0.163281 0.183160
0 0.252073 0.108577 0.163281 0.183160
0 0.363687 0.082062 0.163281 0.183160
0 0.558033 0.019485 0.163281 0.183160
0 0.460860 0.019485 0.163281 0.183160