0 0.147200 0.260596 0.159902 0.162326
0 0.055422 0.299937 0.159902 0.162326
0 0.082400 0.081599 0.159902 0.162326
0 0.217400 0.127304 0.159902 0.162326
0 0.343378 0.134922 0.159902 0.162326
0 0.283089 0.062539 0.159902 0.162326
0 0.427978 0.065078 0.159902 0.162326
0 0.473889 0.170470 0.159902 0.162326
0 0.402778 0.338025 0.159902 0.162326
0 0.282200 0.348182 0.159902 0.162326
0 0.181400 0.517022 0.159902 0.162326
0 0.322689 0.543699 0.159902 0.162326
0 0.467578 0.527179 0.159902 0.162326
0 0.510778 0.338025 0.159902 0.162326
0 0.659267 0.299937 0.159902 0.162326
0 0.593578 0.176803 0.159902 0.162326
0 0.533267 0.066364 0.159902 0.162326
0 0.631356 0.061285 0.159902 0.162326
0 0.820356 0.089216 0.159902 0.162326
0 0.728556 0.206019 0.159902 0.162326
0 0.769044 0.368495 0.159902 0.162326
0 0.613378 0.464984 0.159902 0.162326
0 0.705156 0.532257 0.159902 0.162326
0 0.602578 0.621129 0.159902 0.162326
0 0.841956 0.518307 0.159902 0.162326
0 0.903511 0.321285 0.159902 0.162326
0 0.940311 0.196489 0.159902 0.162326
0 0.857067 0.172100 0.159902 0.162326
0 0.938778 0.514859 0.159902 0.162326
0 0.959756 0.020533 0.159902 0.162326
0 0.016267 0.116771 0.159902 0.162326