0 0.095467 0.939100 0.264757 0.233507
0 0.048500 0.810300 0.264757 0.233507
0 0.187867 0.801200 0.264757 0.233507
0 0.337867 0.972433 0.264757 0.233507
0 0.500000 0.919400 0.264757 0.233507
0 0.524233 0.760300 0.264757 0.233507
0 0.306067 0.740600 0.264757 0.233507
0 0.530300 0.619400 0.264757 0.233507
0 0.637867 0.698167 0.264757 0.233507
0 0.693933 0.893633 0.264757 0.233507
0 0.775767 0.946667 0.264757 0.233507
0 0.827267 0.761833 0.264757 0.233507
0 0.953033 0.933033 0.264757 0.233507
0 0.948500 0.805767 0.264757 0.233507
0 0.860600 0.934533 0.264757 0.233507
0 0.803033 0.561833 0.264757 0.233507
0 0.760600 0.657267 0.264757 0.233507
0 0.971200 0.614833 0.264757 0.233507
0 0.860600 0.370900 0.264757 0.233507
0 0.556067 0.436067 0.264757 0.233507
0 0.386367 0.531500 0.264757 0.233507
0 0.231833 0.626967 0.264757 0.233507
0 0.089400 0.490600 0.264757 0.233507
0 0.031833 0.645167 0.264757 0.233507
0 0.091000 0.310333 0.264757 0.233507
0 0.050000 0.199700 0.264757 0.233507
0 0.251500 0.180000 0.264757 0.233507
0 0.130300 0.048167 0.264757 0.233507
0 0.407567 0.048167 0.264757 0.233507
0 0.331833 0.260300 0.264757 0.233507
0 0.390900 0.176967 0.264757 0.233507
0 0.554533 0.066367 0.264757 0.233507
0 0.756067 0.133033 0.264757 0.233507
0 0.857567 0.096667 0.264757 0.233507
0 0.977267 0.070900 0.264757 0.233507
0 0.978800 0.283033 0.264757 0.233507
0 0.681833 0.242133 0.264757 0.233507
0 0.512133 0.273933 0.264757 0.233507
0 0.424233 0.420900 0.264757 0.233507
0 0.206067 0.452733 0.264757 0.233507
0 0.082633 0.661967 0.264757 0.233507