0 0.665075 0.750075 0.268229 0.224826
0 0.736287 0.565075 0.268229 0.224826
0 0.803106 0.398562 0.268229 0.224826
0 0.866744 0.277350 0.268229 0.224826
0 0.612044 0.224319 0.268229 0.224826
0 0.554469 0.371287 0.268229 0.224826
0 0.469775 0.521288 0.268229 0.224826
0 0.412044 0.695531 0.268229 0.224826
0 0.157500 0.640831 0.268229 0.224826
0 0.230225 0.474319 0.268229 0.224826
0 0.306138 0.315075 0.268229 0.224826
0 0.372650 0.168106 0.268229 0.224826
0 0.140831 0.115075 0.268229 0.224826
0 0.075681 0.253106 0.268229 0.224826
0 0.054469 0.406138 0.268229 0.224826