0 0.046411 0.484670 0.152269 0.200521
0 0.111200 0.327070 0.152269 0.200521
0 0.184641 0.200220 0.152269 0.200521
0 0.260235 0.071454 0.152269 0.200521
0 0.367141 0.132952 0.152269 0.200521
0 0.313144 0.267489 0.152269 0.200521
0 0.242946 0.415485 0.152269 0.200521
0 0.173837 0.582687 0.152269 0.200521
0 0.309901 0.663414 0.152269 0.200521
0 0.390903 0.486586 0.152269 0.200521
0 0.441658 0.328987 0.152269 0.200521
0 0.502129 0.175242 0.152269 0.200521
0 0.637116 0.182930 0.152269 0.200521
0 0.586361 0.359736 0.152269 0.200521
0 0.523725 0.528877 0.152269 0.200521
0 0.454616 0.713370 0.152269 0.200521
0 0.616597 0.805639 0.152269 0.200521
0 0.699752 0.621123 0.152269 0.200521
0 0.754827 0.436608 0.152269 0.200521
0 0.798032 0.267489 0.152269 0.200521
0 0.921139 0.505815 0.152269 0.200521
0 0.867141 0.686476 0.152269 0.200521
0 0.814220 0.890198 0.152269 0.200521