0 0.490131 0.760377 0.617871 0.027778
0 0.493206 0.691979 0.617871 0.027778
0 0.493969 0.636221 0.617871 0.027778
0 0.493969 0.581500 0.617871 0.027778
0 0.493969 0.543625 0.617871 0.027778
0 0.493969 0.516264 0.617871 0.027778
0 0.493969 0.484704 0.617871 0.027778
0 0.493969 0.459452 0.617871 0.027778
0 0.492437 0.436298 0.617871 0.027778
0 0.491669 0.413153 0.617871 0.027778
0 0.490131 0.395270 0.617871 0.027778
0 0.488600 0.378432 0.617871 0.027778
0 0.488600 0.361594 0.617871 0.027778
0 0.486294 0.345810 0.617871 0.027778
0 0.484762 0.330034 0.617871 0.027778