0 0.499444 0.807616 0.586338 0.030382
0 0.499444 0.760643 0.586338 0.030382
0 0.499444 0.715189 0.586338 0.030382
0 0.500544 0.675798 0.586338 0.030382
0 0.500544 0.643979 0.586338 0.030382
0 0.501650 0.616707 0.586338 0.030382
0 0.501650 0.593979 0.586338 0.030382
0 0.501650 0.571252 0.586338 0.030382
0 0.501650 0.550034 0.586338 0.030382
0 0.501650 0.531852 0.586338 0.030382
0 0.501650 0.515189 0.586338 0.030382
0 0.501650 0.503070 0.586338 0.030382
0 0.502756 0.489434 0.586338 0.030382
0 0.503856 0.475798 0.586338 0.030382
0 0.503856 0.465189 0.586338 0.030382