0 0.029149 0.785938 0.036844 0.220486
0 0.077384 0.755813 0.036844 0.220486
0 0.117584 0.685562 0.036844 0.220486
0 0.175882 0.610313 0.036844 0.220486
0 0.227134 0.530000 0.036844 0.220486
0 0.308536 0.429625 0.036844 0.220486
0 0.358385 0.401500 0.036844 0.220486
0 0.425832 0.238375 0.036844 0.220486
0 0.511752 0.164625 0.036844 0.220486
0 0.557084 0.221812 0.036844 0.220486
0 0.589049 0.265000 0.036844 0.220486
0 0.621502 0.366875 0.036844 0.220486
0 0.597184 0.330250 0.036844 0.220486
0 0.665732 0.383937 0.036844 0.220486
0 0.734869 0.493875 0.036844 0.220486
0 0.766233 0.501375 0.036844 0.220486
0 0.773567 0.573125 0.036844 0.220486
0 0.802716 0.579688 0.036844 0.220486
0 0.834468 0.635875 0.036844 0.220486
0 0.859800 0.635875 0.036844 0.220486
0 0.891552 0.708625 0.036844 0.220486
0 0.944618 0.724188 0.036844 0.220486
0 0.947134 0.788937 0.036844 0.220486
0 0.984618 0.785438 0.036844 0.220486