0 0.266941 0.096529 0.346405 0.147569
0 0.098059 0.245765 0.346405 0.147569
0 0.027368 0.426422 0.346405 0.147569
0 0.215882 0.502353 0.346405 0.147569
0 0.062721 0.748461 0.346405 0.147569
0 0.365118 0.675147 0.346405 0.147569
0 0.467221 0.855804 0.346405 0.147569
0 0.848176 0.824382 0.346405 0.147569
0 0.942426 0.651588 0.346405 0.147569
0 0.969912 0.463078 0.346405 0.147569
0 0.891368 0.237912 0.346405 0.147569
0 0.471147 0.321696 0.346405 0.147569
0 0.596824 0.536382 0.346405 0.147569
0 0.549691 0.151510 0.346405 0.147569