0 0.280370 0.121252 0.233804 0.210938
0 0.253620 0.219735 0.233804 0.210938
0 0.196010 0.343976 0.233804 0.210938
0 0.143540 0.503063 0.233804 0.210938
0 0.070500 0.736406 0.233804 0.210938
0 0.505670 0.162165 0.233804 0.210938
0 0.534480 0.097010 0.233804 0.210938
0 0.513900 0.234890 0.233804 0.210938
0 0.512880 0.350029 0.233804 0.210938
0 0.485100 0.486406 0.233804 0.210938
0 0.472750 0.790943 0.233804 0.210938
0 0.745380 0.115184 0.233804 0.210938
0 0.777270 0.215184 0.233804 0.210938
0 0.816370 0.342459 0.233804 0.210938
0 0.855460 0.504580 0.233804 0.210938
0 0.898670 0.725788 0.233804 0.210938