0 0.319065 0.019644 0.376634 0.144965
0 0.317176 0.131770 0.376634 0.144965
0 0.701639 0.018133 0.376634 0.144965
0 0.769824 0.157526 0.376634 0.144965
0 0.661870 0.257526 0.376634 0.144965
0 0.277398 0.251467 0.376634 0.144965
0 0.302019 0.362074 0.376634 0.144965
0 0.694065 0.377222 0.376634 0.144965
0 0.656185 0.521163 0.376634 0.144965
0 0.258463 0.478741 0.376634 0.144965
0 0.311491 0.590859 0.376634 0.144965
0 0.783083 0.627222 0.376634 0.144965
0 0.800130 0.787830 0.376634 0.144965
0 0.334213 0.746919 0.376634 0.144965
0 0.290657 0.878741 0.376634 0.144965
0 0.747093 0.931770 0.376634 0.144965