0 0.431833 0.162133 0.171007 0.164931
0 0.269700 0.222733 0.171007 0.164931
0 0.415167 0.300000 0.171007 0.164931
0 0.630300 0.193933 0.171007 0.164931
0 0.857567 0.186367 0.171007 0.164931
0 0.848500 0.313633 0.171007 0.164931
0 0.831833 0.459100 0.171007 0.164931
0 0.819700 0.607567 0.171007 0.164931
0 0.790900 0.748500 0.171007 0.164931
0 0.628800 0.796967 0.171007 0.164931
0 0.454533 0.766667 0.171007 0.164931
0 0.251500 0.739400 0.171007 0.164931
0 0.209100 0.598500 0.171007 0.164931
0 0.234833 0.446967 0.171007 0.164931
0 0.392433 0.475767 0.171007 0.164931
0 0.596967 0.306067 0.171007 0.164931