0 0.067685 0.410187 0.131510 0.118056
0 0.138015 0.164593 0.131510 0.118056
0 0.210015 0.084220 0.131510 0.118056
0 0.265945 0.391653 0.131510 0.118056
0 0.471740 0.403487 0.131510 0.118056
0 0.402920 0.485200 0.131510 0.118056
0 0.463365 0.130660 0.131510 0.118056
0 0.461360 0.095827 0.131510 0.118056
0 0.752720 0.275333 0.131510 0.118056
0 0.698465 0.406613 0.131510 0.118056
0 0.899405 0.478953 0.131510 0.118056
0 0.987815 0.570047 0.131510 0.118056
0 0.636175 0.666493 0.131510 0.118056
0 0.483460 0.813847 0.131510 0.118056
0 0.405095 0.918340 0.131510 0.118056
0 0.254390 0.846000 0.131510 0.118056
0 0.165980 0.765627 0.131510 0.118056
0 0.149735 0.528293 0.131510 0.118056
0 0.205160 0.473593 0.131510 0.118056
0 0.166980 0.493913 0.131510 0.118056
0 0.131150 0.476720 0.131510 0.118056
0 0.754060 0.771207 0.131510 0.118056
0 0.745185 0.833500 0.131510 0.118056
0 0.766950 0.848007 0.131510 0.118056