0 0.183157 0.712044 0.161765 0.125868
0 0.251874 0.854469 0.161765 0.125868
0 0.349228 0.769775 0.161765 0.125868
0 0.446575 0.837956 0.161765 0.125868
0 0.515291 0.781894 0.161765 0.125868
0 0.494299 0.674319 0.161765 0.125868
0 0.353039 0.660681 0.161765 0.125868
0 0.278598 0.569775 0.161765 0.125868
0 0.421764 0.548562 0.161765 0.125868
0 0.610740 0.509169 0.161765 0.125868
0 0.679457 0.621287 0.161765 0.125868
0 0.545835 0.590831 0.161765 0.125868
0 0.740535 0.545531 0.161765 0.125868
0 0.725268 0.704469 0.161765 0.125868
0 0.603102 0.709169 0.161765 0.125868
0 0.373850 0.476437 0.161765 0.125868
0 0.506709 0.450988 0.161765 0.125868
0 0.542213 0.357956 0.161765 0.125868
0 0.752945 0.412500 0.161765 0.125868
0 0.858315 0.514319 0.161765 0.125868
0 0.441425 0.292500 0.161765 0.125868
0 0.656740 0.279775 0.161765 0.125868
0 0.535339 0.156137 0.161765 0.125868
0 0.778906 0.353106 0.161765 0.125868
0 0.284134 0.673862 0.161765 0.125868