0 0.291708 0.620687 0.144676 0.190972
0 0.350250 0.817437 0.144676 0.190972
0 0.511667 0.875000 0.144676 0.190972
0 0.447083 0.693375 0.144676 0.190972
0 0.580292 0.705437 0.144676 0.190972
0 0.715500 0.793250 0.144676 0.190972
0 0.501583 0.529875 0.144676 0.190972
0 0.378500 0.478438 0.144676 0.190972
0 0.267500 0.442125 0.144676 0.190972
0 0.354250 0.311937 0.144676 0.190972
0 0.295750 0.160562 0.144676 0.190972
0 0.410792 0.115187 0.144676 0.190972
0 0.475333 0.321000 0.144676 0.190972
0 0.598458 0.393687 0.144676 0.190972
0 0.574250 0.221125 0.144676 0.190972
0 0.721542 0.351312 0.144676 0.190972
0 0.683208 0.581375 0.144676 0.190972
0 0.810375 0.520813 0.144676 0.190972