0 0.088662 0.189609 0.154994 0.170139
0 0.265208 0.113244 0.154994 0.170139
0 0.083231 0.327796 0.154994 0.170139
0 0.204092 0.302338 0.154994 0.170139
0 0.167423 0.427796 0.154994 0.170139
0 0.098169 0.567796 0.154994 0.170139
0 0.209523 0.627796 0.154994 0.170139
0 0.115823 0.747796 0.154994 0.170139
0 0.216315 0.822338 0.154994 0.170139
0 0.384715 0.822338 0.154994 0.170139
0 0.523231 0.711432 0.154994 0.170139
0 0.623731 0.827796 0.154994 0.170139
0 0.816569 0.815067 0.154994 0.170139
0 0.925215 0.755067 0.154994 0.170139
0 0.842377 0.595067 0.154994 0.170139
0 0.713362 0.715067 0.154994 0.170139
0 0.721508 0.600515 0.154994 0.170139
0 0.625085 0.596880 0.154994 0.170139
0 0.485208 0.518702 0.154994 0.170139
0 0.354838 0.587796 0.154994 0.170139
0 0.333108 0.456880 0.154994 0.170139
0 0.367062 0.276880 0.154994 0.170139
0 0.398292 0.116880 0.154994 0.170139
0 0.604715 0.107796 0.154994 0.170139
0 0.506938 0.225973 0.154994 0.170139
0 0.447185 0.365973 0.154994 0.170139
0 0.595208 0.367796 0.154994 0.170139
0 0.712000 0.493244 0.154994 0.170139
0 0.830154 0.433244 0.154994 0.170139
0 0.937438 0.376880 0.154994 0.170139
0 0.945585 0.527796 0.154994 0.170139
0 0.936077 0.231432 0.154994 0.170139
0 0.881754 0.140515 0.154994 0.170139
0 0.774469 0.131432 0.154994 0.170139
0 0.714715 0.280515 0.154994 0.170139
0 0.817931 0.307796 0.154994 0.170139