0 0.851973 0.906633 0.133681 0.339410
0 0.564287 0.953265 0.133681 0.339410
0 0.273486 0.920630 0.133681 0.339410
0 0.040225 0.887980 0.133681 0.339410
0 0.006016 0.601215 0.133681 0.339410
0 0.103984 0.619868 0.133681 0.339410
0 0.253271 0.647848 0.133681 0.339410
0 0.402559 0.654832 0.133681 0.339410
0 0.579844 0.682811 0.133681 0.339410
0 0.736904 0.675827 0.133681 0.339410
0 0.873750 0.668829 0.133681 0.339410
0 0.976387 0.654832 0.133681 0.339410
0 0.926621 0.302782 0.133681 0.339410
0 0.991934 0.323763 0.133681 0.339410
0 0.778887 0.319107 0.133681 0.339410
0 0.638936 0.363397 0.133681 0.339410
0 0.519189 0.309780 0.133681 0.339410
0 0.393232 0.356413 0.133681 0.339410
0 0.267266 0.319107 0.133681 0.339410
0 0.161523 0.365739 0.133681 0.339410
0 0.052666 0.323763 0.133681 0.339410
0 0.082217 0.104612 0.133681 0.339410
0 0.183291 0.074305 0.133681 0.339410
0 0.278154 0.095286 0.133681 0.339410
0 0.377676 0.060307 0.133681 0.339410
0 0.460098 0.123265 0.133681 0.339410
0 0.568955 0.083631 0.133681 0.339410
0 0.666924 0.099941 0.133681 0.339410
0 0.792881 0.097613 0.133681 0.339410
0 0.876855 0.097613 0.133681 0.339410
0 0.987266 0.088287 0.133681 0.339410