0 0.274242 0.086367 0.186632 0.238715
0 0.439392 0.056058 0.186632 0.238715
0 0.451517 0.216667 0.186632 0.238715
0 0.230300 0.221208 0.186632 0.238715
0 0.457575 0.374242 0.186632 0.238715
0 0.159092 0.421208 0.186632 0.238715
0 0.318183 0.516667 0.186632 0.238715
0 0.215150 0.718183 0.186632 0.238715
0 0.059092 0.724242 0.186632 0.238715
0 0.284850 0.846967 0.186632 0.238715
0 0.495458 0.650000 0.186632 0.238715
0 0.716667 0.531817 0.186632 0.238715
0 0.669700 0.393942 0.186632 0.238715
0 0.884850 0.284850 0.186632 0.238715
0 0.946967 0.066667 0.186632 0.238715
0 0.781817 0.127275 0.186632 0.238715
0 0.628792 0.192425 0.186632 0.238715