0 0.286753 0.912500 0.156863 0.122396
0 0.080390 0.083286 0.156863 0.122396
0 0.164848 0.156000 0.156863 0.122396
0 0.405455 0.074214 0.156863 0.122396
0 0.363203 0.196929 0.156863 0.122396
0 0.241991 0.265107 0.156863 0.122396
0 0.436667 0.272679 0.156863 0.122396
0 0.524848 0.181786 0.156863 0.122396
0 0.655238 0.092393 0.156863 0.122396
0 0.504632 0.401464 0.156863 0.122396
0 0.352208 0.403000 0.156863 0.122396
0 0.181385 0.386321 0.156863 0.122396
0 0.163030 0.524214 0.156863 0.122396
0 0.293420 0.528750 0.156863 0.122396
0 0.511991 0.549964 0.156863 0.122396
0 0.508312 0.672679 0.156863 0.122396
0 0.328312 0.669643 0.156863 0.122396
0 0.177706 0.663607 0.156863 0.122396
0 0.225455 0.778750 0.156863 0.122396
0 0.405455 0.789357 0.156863 0.122396