0 0.157686 0.219385 0.127894 0.179688
0 0.132451 0.411728 0.127894 0.179688
0 0.255479 0.425915 0.127894 0.179688
0 0.287021 0.216237 0.127894 0.179688
0 0.383760 0.302943 0.127894 0.179688
0 0.526768 0.209927 0.127894 0.179688
0 0.654004 0.175242 0.127894 0.179688
0 0.772832 0.154744 0.127894 0.179688
0 0.887441 0.074348 0.127894 0.179688
0 0.896904 0.265110 0.127894 0.179688
0 0.785449 0.353397 0.127894 0.179688
0 0.636133 0.350234 0.127894 0.179688
0 0.497324 0.419605 0.127894 0.179688
0 0.901113 0.468477 0.127894 0.179688
0 0.778086 0.525227 0.127894 0.179688
0 0.635078 0.518931 0.127894 0.179688
0 0.895859 0.643470 0.127894 0.179688
0 0.760205 0.736486 0.127894 0.179688
0 0.879033 0.837379 0.127894 0.179688
0 0.883242 0.979268 0.127894 0.179688
0 0.769678 0.924085 0.127894 0.179688
0 0.638232 0.902020 0.127894 0.179688
0 0.629824 0.715988 0.127894 0.179688
0 0.537285 0.599327 0.127894 0.179688
0 0.403740 0.498433 0.127894 0.179688
0 0.263887 0.583558 0.127894 0.179688
0 0.133496 0.618243 0.127894 0.179688
0 0.122988 0.801127 0.127894 0.179688
0 0.236553 0.802694 0.127894 0.179688
0 0.402695 0.689195 0.127894 0.179688
0 0.505742 0.768009 0.127894 0.179688