0 0.174425 0.153057 0.125448 0.146701
0 0.315898 0.154572 0.125448 0.146701
0 0.528737 0.134873 0.125448 0.146701
0 0.704019 0.093967 0.125448 0.146701
0 0.880549 0.106087 0.125448 0.146701
0 0.921865 0.250027 0.125448 0.146701
0 0.931880 0.365177 0.125448 0.146701
0 0.735316 0.237903 0.125448 0.146701
0 0.717789 0.384873 0.125448 0.146701
0 0.522477 0.272753 0.125448 0.146701
0 0.527485 0.425783 0.125448 0.146701
0 0.293365 0.307602 0.125448 0.146701
0 0.334680 0.450027 0.125448 0.146701
0 0.114327 0.295482 0.125448 0.146701
0 0.116831 0.446997 0.125448 0.146701
0 0.091793 0.610632 0.125448 0.146701
0 0.330925 0.604572 0.125448 0.146701
0 0.329673 0.869722 0.125448 0.146701
0 0.054233 0.887903 0.125448 0.146701
0 0.607613 0.812147 0.125448 0.146701
0 0.565045 0.613662 0.125448 0.146701
0 0.779135 0.562147 0.125448 0.146701
0 0.940643 0.536388 0.125448 0.146701