0 0.467783 0.739644 0.182190 0.126736
0 0.415373 0.601767 0.182190 0.126736
0 0.282336 0.676011 0.182190 0.126736
0 0.231944 0.562372 0.182190 0.126736
0 0.193644 0.444194 0.182190 0.126736
0 0.360946 0.416917 0.182190 0.126736
0 0.344826 0.512372 0.182190 0.126736
0 0.463747 0.498739 0.182190 0.126736
0 0.564538 0.406311 0.182190 0.126736
0 0.459719 0.397222 0.182190 0.126736
0 0.691530 0.483583 0.182190 0.126736
0 0.683466 0.563889 0.182190 0.126736
0 0.806423 0.591161 0.182190 0.126736
0 0.697576 0.689644 0.182190 0.126736
0 0.566556 0.612372 0.182190 0.126736