0 0.032555 0.325741 0.302083 0.231771
0 0.115891 0.159070 0.302083 0.231771
0 0.240132 0.039376 0.302083 0.231771
0 0.494679 0.063617 0.302083 0.231771
0 0.734073 0.122711 0.302083 0.231771
0 0.941650 0.171194 0.302083 0.231771
0 0.890132 0.327253 0.302083 0.231771
0 0.650738 0.275741 0.302083 0.231771
0 0.331044 0.169676 0.302083 0.231771
0 0.273467 0.398464 0.302083 0.231771
0 0.103767 0.551500 0.302083 0.231771
0 0.347708 0.656041 0.302083 0.231771
0 0.665891 0.736347 0.302083 0.231771
0 0.806803 0.568164 0.302083 0.231771
0 0.568920 0.466647 0.302083 0.231771