0 0.372852 0.700396 0.139974 0.174479
0 0.477383 0.512240 0.139974 0.174479
0 0.427734 0.594698 0.139974 0.174479
0 0.280523 0.240458 0.139974 0.174479
0 0.454734 0.044177 0.139974 0.174479
0 0.587141 0.013979 0.139974 0.174479
0 0.473086 0.862333 0.139974 0.174479
0 0.352914 0.840344 0.139974 0.174479
0 0.515500 0.664396 0.139974 0.174479
0 0.334063 0.582708 0.139974 0.174479
0 0.291648 0.702104 0.139974 0.174479
0 0.171469 0.727229 0.139974 0.174479
0 0.154977 0.620417 0.139974 0.174479
0 0.086641 0.554438 0.139974 0.174479
0 0.246875 0.548146 0.139974 0.174479
0 0.204461 0.384771 0.139974 0.174479
0 0.070148 0.328219 0.139974 0.174479
0 0.166758 0.205688 0.139974 0.174479
0 0.209172 0.073740 0.139974 0.174479
0 0.256297 0.167990 0.139974 0.174479
0 0.315211 0.438188 0.139974 0.174479
0 0.324633 0.274813 0.139974 0.174479
0 0.350555 0.155427 0.139974 0.174479
0 0.326992 0.036031 0.139974 0.174479
0 0.456594 0.127146 0.139974 0.174479
0 0.437742 0.246531 0.139974 0.174479
0 0.508430 0.431906 0.139974 0.174479
0 0.457531 0.375979 0.139974 0.174479
0 0.544250 0.572344 0.139974 0.174479
0 0.648867 0.631094 0.139974 0.174479
0 0.657117 0.465208 0.139974 0.174479
0 0.596555 0.369385 0.139974 0.174479
0 0.534352 0.301521 0.139974 0.174479
0 0.599859 0.118354 0.139974 0.174479
0 0.657117 0.242760 0.139974 0.174479
0 0.781531 0.229573 0.139974 0.174479
0 0.771633 0.142542 0.139974 0.174479
0 0.793078 0.454521 0.139974 0.174479
0 0.758680 0.353990 0.139974 0.174479
0 0.842094 0.340792 0.139974 0.174479
0 0.950016 0.305917 0.139974 0.174479
0 0.910898 0.439125 0.139974 0.174479
0 0.925508 0.570146 0.139974 0.174479
0 0.801094 0.694240 0.139974 0.174479
0 0.613523 0.851021 0.139974 0.174479
0 0.716258 0.751740 0.139974 0.174479
0 0.685570 0.041854 0.139974 0.174479