0 0.512300 0.844628 0.113333 0.176215
0 0.415073 0.800147 0.113333 0.176215
0 0.585873 0.711163 0.113333 0.176215
0 0.664707 0.809041 0.113333 0.176215
0 0.533320 0.655553 0.113333 0.176215
0 0.559593 0.526546 0.113333 0.176215
0 0.664707 0.526546 0.113333 0.176215
0 0.690980 0.637765 0.113333 0.176215
0 0.767187 0.510971 0.113333 0.176215
0 0.772440 0.637765 0.113333 0.176215
0 0.809233 0.771230 0.113333 0.176215
0 0.874927 0.686704 0.113333 0.176215
0 0.849960 0.544334 0.113333 0.176215
0 0.934047 0.555463 0.113333 0.176215
0 0.831567 0.437573 0.113333 0.176215
0 0.935360 0.364165 0.113333 0.176215
0 0.889380 0.246275 0.113333 0.176215
0 0.798720 0.299661 0.113333 0.176215
0 0.709380 0.444244 0.113333 0.176215
0 0.726460 0.368612 0.113333 0.176215
0 0.860867 0.308115 0.113333 0.176215
0 0.737493 0.273634 0.113333 0.176215
0 0.676400 0.302991 0.113333 0.176215
0 0.634487 0.387968 0.113333 0.176215
0 0.508487 0.449808 0.113333 0.176215
0 0.424533 0.615079 0.113333 0.176215
0 0.486673 0.542336 0.113333 0.176215
0 0.359760 0.596388 0.113333 0.176215
0 0.378940 0.426670 0.113333 0.176215
0 0.274093 0.511422 0.113333 0.176215
0 0.294980 0.721625 0.113333 0.176215
0 0.527667 0.319898 0.113333 0.176215
0 0.596120 0.191772 0.113333 0.176215
0 0.669960 0.218025 0.113333 0.176215
0 0.755760 0.147065 0.113333 0.176215
0 0.646313 0.123713 0.113333 0.176215
0 0.607947 0.043409 0.113333 0.176215
0 0.483000 0.034289 0.113333 0.176215
0 0.472880 0.111479 0.113333 0.176215
0 0.510327 0.134605 0.113333 0.176215
0 0.456460 0.216467 0.113333 0.176215
0 0.392607 0.256727 0.113333 0.176215
0 0.418227 0.167088 0.113333 0.176215
0 0.387213 0.075880 0.113333 0.176215
0 0.323360 0.139278 0.113333 0.176215
0 0.279480 0.247381 0.113333 0.176215
0 0.329667 0.299876 0.113333 0.176215
0 0.446473 0.343251 0.113333 0.176215
0 0.272253 0.407980 0.113333 0.176215
0 0.246633 0.310779 0.113333 0.176215
0 0.232967 0.179323 0.113333 0.176215
0 0.172400 0.645102 0.113333 0.176215
0 0.141653 0.498736 0.113333 0.176215
0 0.194207 0.359718 0.113333 0.176215
0 0.097900 0.444910 0.113333 0.176215
0 0.132980 0.333691 0.113333 0.176215
0 0.160313 0.252054 0.113333 0.176215