0 0.064281 0.126244 0.157712 0.164931
0 0.043094 0.245962 0.157712 0.164931
0 0.011844 0.415681 0.157712 0.164931
0 0.005781 0.586854 0.157712 0.164931
0 0.241781 0.117183 0.157712 0.164931
0 0.217563 0.247465 0.157712 0.164931
0 0.181281 0.420188 0.157712 0.164931
0 0.161094 0.576291 0.157712 0.164931
0 0.151000 0.761127 0.157712 0.164931
0 0.365844 0.768685 0.157712 0.164931
0 0.353719 0.562629 0.157712 0.164931
0 0.366844 0.415681 0.157712 0.164931
0 0.388031 0.259624 0.157712 0.164931
0 0.398094 0.108075 0.157712 0.164931
0 0.564500 0.132347 0.157712 0.164931
0 0.559469 0.261127 0.157712 0.164931
0 0.569562 0.417183 0.157712 0.164931
0 0.573594 0.573239 0.157712 0.164931
0 0.577625 0.753521 0.157712 0.164931
0 0.791438 0.758075 0.157712 0.164931
0 0.768219 0.583850 0.157712 0.164931
0 0.757125 0.412629 0.157712 0.164931
0 0.751094 0.276291 0.157712 0.164931
0 0.725875 0.138404 0.157712 0.164931
0 0.890250 0.130798 0.157712 0.164931
0 0.920531 0.274742 0.157712 0.164931
0 0.952781 0.415681 0.157712 0.164931
0 0.979000 0.599014 0.157712 0.164931
0 0.994125 0.780798 0.157712 0.164931