0 0.280806 0.217979 0.187908 0.131076
0 0.404238 0.217471 0.187908 0.131076
0 0.312038 0.299160 0.187908 0.131076
0 0.346334 0.382891 0.187908 0.131076
0 0.426320 0.303223 0.187908 0.131076
0 0.569560 0.278867 0.187908 0.131076
0 0.540601 0.211885 0.187908 0.131076
0 0.653372 0.205801 0.187908 0.131076
0 0.182522 0.442764 0.187908 0.131076
0 0.188196 0.315869 0.187908 0.131076
0 0.483930 0.454756 0.187908 0.131076
0 0.351232 0.457285 0.187908 0.131076
0 0.417581 0.612588 0.187908 0.131076
0 0.277302 0.605010 0.187908 0.131076
0 0.078240 0.603750 0.187908 0.131076
0 0.025161 0.757793 0.187908 0.131076
0 0.137009 0.783037 0.187908 0.131076
0 0.279194 0.808291 0.187908 0.131076
0 0.438431 0.783037 0.187908 0.131076
0 0.576833 0.789355 0.187908 0.131076
0 0.597683 0.610059 0.187908 0.131076
0 0.713328 0.789355 0.187908 0.131076
0 0.847933 0.779258 0.187908 0.131076
0 0.882053 0.606270 0.187908 0.131076
0 0.739868 0.596172 0.187908 0.131076
0 0.785367 0.464863 0.187908 0.131076
0 0.609062 0.449707 0.187908 0.131076
0 0.645073 0.368896 0.187908 0.131076
0 0.796745 0.386572 0.187908 0.131076
0 0.844135 0.296934 0.187908 0.131076
0 0.737977 0.277988 0.187908 0.131076
0 0.808871 0.192256 0.187908 0.131076