0 0.327189 0.559973 0.190972 0.276910
0 0.100414 0.637703 0.190972 0.276910
0 0.199766 0.409324 0.190972 0.276910
0 0.029135 0.375297 0.190972 0.276910
0 0.178162 0.106405 0.190972 0.276910
0 0.360667 0.169568 0.190972 0.276910
0 0.489189 0.284595 0.190972 0.276910
0 0.569099 0.391486 0.190972 0.276910
0 0.558072 0.749000 0.190972 0.276910
0 0.297495 0.865946 0.190972 0.276910
0 0.052901 0.918270 0.190972 0.276910
0 0.740793 0.632054 0.190972 0.276910
0 0.926216 0.857865 0.190972 0.276910
0 0.918234 0.539378 0.190972 0.276910
0 0.888649 0.301595 0.190972 0.276910
0 0.681730 0.414486 0.190972 0.276910
0 0.756991 0.132324 0.190972 0.276910
0 0.981730 0.114811 0.190972 0.276910