0 0.116130 0.689347 0.155093 0.281250
0 0.300972 0.668125 0.155093 0.281250
0 0.455519 0.802986 0.155093 0.281250
0 0.599963 0.874194 0.155093 0.281250
0 0.761583 0.949944 0.155093 0.281250
0 0.829259 0.628736 0.155093 0.281250
0 0.691889 0.606014 0.155093 0.281250
0 0.573704 0.519653 0.155093 0.281250
0 0.448454 0.465097 0.155093 0.281250
0 0.319157 0.413583 0.155093 0.281250
0 0.133296 0.375708 0.155093 0.281250
0 0.195926 0.062069 0.155093 0.281250
0 0.379769 0.122681 0.155093 0.281250
0 0.556528 0.174194 0.155093 0.281250
0 0.730269 0.287833 0.155093 0.281250
0 0.857546 0.393889 0.155093 0.281250