0 0.115616 0.176729 0.196615 0.269965
0 0.292867 0.200723 0.196615 0.269965
0 0.468233 0.181777 0.196615 0.269965
0 0.599985 0.409053 0.196615 0.269965
0 0.444531 0.505010 0.196615 0.269965
0 0.279597 0.505010 0.196615 0.269965
0 0.088123 0.506270 0.196615 0.269965
0 0.843600 0.143896 0.196615 0.269965
0 0.947867 0.035312 0.196615 0.269965
0 0.361122 0.025215 0.196615 0.269965
0 0.747859 0.013848 0.196615 0.269965
0 0.844545 0.350967 0.196615 0.269965
0 0.036935 0.083291 0.196615 0.269965
0 0.245477 0.756270 0.196615 0.269965
0 0.049260 0.802988 0.196615 0.269965
0 0.170594 0.978496 0.196615 0.269965
0 0.343109 0.991123 0.196615 0.269965
0 0.481503 0.781523 0.196615 0.269965
0 0.659707 0.715869 0.196615 0.269965
0 0.797148 0.550469 0.196615 0.269965
0 0.916584 0.728496 0.196615 0.269965
0 0.865396 0.935566 0.196615 0.269965
0 0.672977 0.945664 0.196615 0.269965
0 0.522258 0.978496 0.196615 0.269965
0 0.006606 0.597187 0.196615 0.269965
0 0.959238 0.549199 0.196615 0.269965
0 0.980095 0.276475 0.196615 0.269965
0 0.103292 0.012588 0.196615 0.269965