0 0.037000 0.195286 0.185047 0.181424
0 0.017949 0.069143 0.185047 0.181424
0 0.079897 0.362929 0.185047 0.181424
0 0.017949 0.502321 0.185047 0.181424
0 0.011974 0.711464 0.185047 0.181424
0 0.155897 0.712143 0.185047 0.181424
0 0.193103 0.545500 0.185047 0.181424
0 0.364692 0.615214 0.185047 0.181424
0 0.337308 0.832643 0.185047 0.181424
0 0.125128 0.914286 0.185047 0.181424
0 0.507692 0.897357 0.185047 0.181424
0 0.550590 0.731393 0.185047 0.181424
0 0.756744 0.708143 0.185047 0.181424
0 0.754359 0.897357 0.185047 0.181424
0 0.931923 0.830964 0.185047 0.181424
0 0.933103 0.625143 0.185047 0.181424
0 0.784154 0.429321 0.185047 0.181424
0 0.618513 0.533857 0.185047 0.181424
0 0.458846 0.435929 0.185047 0.181424
0 0.296769 0.334714 0.185047 0.181424
0 0.206205 0.206893 0.185047 0.181424
0 0.159744 0.075786 0.185047 0.181424
0 0.301538 0.027643 0.185047 0.181424
0 0.383769 0.135536 0.185047 0.181424
0 0.474333 0.250036 0.185047 0.181424
0 0.612564 0.339679 0.185047 0.181424
0 0.771051 0.241750 0.185047 0.181424
0 0.922385 0.314786 0.185047 0.181424
0 0.989103 0.452536 0.185047 0.181424
0 0.889026 0.143821 0.185047 0.181424
0 0.866385 0.034286 0.185047 0.181424
0 0.742436 0.069143 0.185047 0.181424
0 0.593487 0.183679 0.185047 0.181424
0 0.488641 0.047571 0.185047 0.181424
0 0.992692 0.044250 0.185047 0.181424