0 0.207030 0.812393 0.328431 0.195312
0 0.607030 0.662393 0.328431 0.195312
0 0.918141 0.504816 0.328431 0.195312
0 0.758546 0.319969 0.328431 0.195312
0 0.936324 0.272999 0.328431 0.195312
0 0.497937 0.415423 0.328431 0.195312
0 0.128239 0.536636 0.328431 0.195312
0 0.051475 0.366939 0.328431 0.195312
0 0.316119 0.306333 0.328431 0.195312
0 0.520159 0.238150 0.328431 0.195312
0 0.746422 0.183606 0.328431 0.195312
0 0.605008 0.109363 0.328431 0.195312
0 0.423190 0.151786 0.328431 0.195312
0 0.209048 0.192696 0.328431 0.195312
0 0.095919 0.122999 0.328431 0.195312
0 0.039350 0.048756 0.328431 0.195312
0 0.190866 0.029059 0.328431 0.195312
0 0.291879 0.088150 0.328431 0.195312
0 0.336324 0.012393 0.328431 0.195312
0 0.491879 0.059363 0.328431 0.195312