0 0.273185 0.942140 0.277778 0.229167
0 0.045837 0.717087 0.277778 0.229167
0 0.250222 0.515000 0.277778 0.229167
0 0.286964 0.694124 0.277778 0.229167
0 0.489051 0.785982 0.277778 0.229167
0 0.649802 0.944435 0.277778 0.229167
0 0.700324 0.730866 0.277778 0.229167
0 0.950635 0.740053 0.277778 0.229167
0 0.796772 0.517298 0.277778 0.229167
0 0.971303 0.372622 0.277778 0.229167
0 0.741660 0.294540 0.277778 0.229167
0 0.489051 0.179719 0.277778 0.229167
0 0.695731 0.069491 0.277778 0.229167
0 0.286964 0.062603 0.277778 0.229167
0 0.259405 0.308320 0.277778 0.229167
0 0.057318 0.356544 0.277778 0.229167