0 0.872308 0.325385 0.193576 0.194444
0 0.917769 0.686615 0.193576 0.194444
0 0.468115 0.699269 0.193576 0.194444
0 0.692962 0.507269 0.193576 0.194444
0 0.175038 0.138423 0.193576 0.194444
0 0.134615 0.706846 0.193576 0.194444
0 0.111885 0.310192 0.193576 0.194444
0 0.690423 0.310192 0.193576 0.194444
0 0.490846 0.512308 0.193576 0.194444
0 0.687885 0.686615 0.193576 0.194444
0 0.877385 0.138423 0.193576 0.194444
0 0.144731 0.494615 0.193576 0.194444
0 0.516115 0.115692 0.193576 0.194444
0 0.498423 0.257154 0.193576 0.194444
0 0.344308 0.509769 0.193576 0.194444
0 0.329154 0.699269 0.193576 0.194444
0 0.356962 0.118192 0.193576 0.194444
0 0.687885 0.133385 0.193576 0.194444
0 0.314000 0.315269 0.193576 0.194444
0 0.907692 0.527462 0.193576 0.194444