0 0.236248 0.183008 0.147876 0.178819
0 0.741150 0.159199 0.147876 0.178819
0 0.534824 0.538896 0.147876 0.178819
0 0.026575 0.614092 0.147876 0.178819
0 0.222837 0.977500 0.147876 0.178819
0 0.571725 0.894795 0.147876 0.178819
0 0.028248 0.195547 0.147876 0.178819
0 0.731085 0.319600 0.147876 0.178819
0 0.147346 0.486270 0.147876 0.178819
0 0.340248 0.335889 0.147876 0.178819
0 0.350314 0.700557 0.147876 0.178819
0 0.211085 0.813340 0.147876 0.178819
0 0.211085 0.329629 0.147876 0.178819
0 0.506314 0.335889 0.147876 0.178819
0 0.149020 0.339648 0.147876 0.178819
0 0.169150 0.186768 0.147876 0.178819
0 0.682431 0.794541 0.147876 0.178819
0 0.455987 0.705566 0.147876 0.178819
0 0.088641 0.957451 0.147876 0.178819
0 0.549922 0.749424 0.147876 0.178819
0 0.070183 0.476240 0.147876 0.178819
0 0.083608 0.325869 0.147876 0.178819
0 0.357020 0.176748 0.147876 0.178819
0 0.268118 0.327119 0.147876 0.178819
0 0.598562 0.166719 0.147876 0.178819
0 0.472758 0.170479 0.147876 0.178819
0 0.105412 0.191787 0.147876 0.178819
0 0.430824 0.522607 0.147876 0.178819
0 0.239608 0.493789 0.147876 0.178819
0 0.662314 0.967471 0.147876 0.178819
0 0.677399 0.556445 0.147876 0.178819
0 0.045033 0.750684 0.147876 0.178819
0 0.361438 0.875977 0.147876 0.178819
0 0.419085 0.334639 0.147876 0.178819
0 0.083608 0.774492 0.147876 0.178819
0 0.325150 0.506318 0.147876 0.178819
0 0.093673 0.629131 0.147876 0.178819
0 0.268118 0.680508 0.147876 0.178819
0 0.611987 0.324619 0.147876 0.178819
0 0.006444 0.916094 0.147876 0.178819
0 0.045033 0.332139 0.147876 0.178819
0 0.184248 0.654189 0.147876 0.178819