0 0.202353 0.318047 0.240628 0.067708
0 0.190250 0.394270 0.240628 0.067708
0 0.191064 0.445429 0.240628 0.067708
0 0.192678 0.482790 0.240628 0.067708
0 0.195907 0.532575 0.240628 0.067708
0 0.196708 0.582232 0.240628 0.067708
0 0.200738 0.633541 0.240628 0.067708
0 0.199937 0.668112 0.240628 0.067708
0 0.205582 0.716524 0.240628 0.067708
0 0.447584 0.484163 0.240628 0.067708
0 0.458874 0.539356 0.240628 0.067708
0 0.458073 0.598820 0.240628 0.067708
0 0.464531 0.643219 0.240628 0.067708
0 0.445970 0.704077 0.240628 0.067708
0 0.465332 0.755258 0.240628 0.067708
0 0.494368 0.811824 0.240628 0.067708
0 0.502441 0.847790 0.240628 0.067708
0 0.502441 0.888026 0.240628 0.067708
0 0.599237 0.224142 0.240628 0.067708
0 0.615369 0.267017 0.240628 0.067708
0 0.618598 0.297296 0.240628 0.067708
0 0.729111 0.394270 0.240628 0.067708
0 0.729111 0.439893 0.240628 0.067708
0 0.729111 0.484163 0.240628 0.067708
0 0.738798 0.515966 0.240628 0.067708
0 0.742028 0.555944 0.240628 0.067708
0 0.742028 0.600215 0.240628 0.067708
0 0.747672 0.639077 0.240628 0.067708
0 0.754931 0.662597 0.240628 0.067708
0 0.755732 0.701309 0.240628 0.067708