0 0.351816 0.269301 0.151961 0.139757
0 0.769551 0.762724 0.151961 0.139757
0 0.093697 0.143810 0.151961 0.139757
0 0.456560 0.525146 0.151961 0.139757
0 0.116143 0.477630 0.151961 0.139757
0 0.662308 0.102390 0.151961 0.139757
0 0.578761 0.335084 0.151961 0.139757
0 0.415417 0.752975 0.151961 0.139757
0 0.808205 0.409405 0.151961 0.139757
0 0.065011 0.240052 0.151961 0.139757
0 0.361795 0.147463 0.151961 0.139757
0 0.220887 0.247370 0.151961 0.139757
0 0.788259 0.232745 0.151961 0.139757
0 0.941635 0.611649 0.151961 0.139757
0 0.940385 0.281482 0.151961 0.139757
0 0.243333 0.480063 0.151961 0.139757
0 0.718419 0.487380 0.151961 0.139757
0 0.202179 0.137714 0.151961 0.139757
0 0.576271 0.510522 0.151961 0.139757
0 0.557564 0.627484 0.151961 0.139757
0 0.879284 0.696931 0.151961 0.139757
0 0.065011 0.611649 0.151961 0.139757
0 0.551335 0.793173 0.151961 0.139757
0 0.325630 0.531242 0.151961 0.139757
0 0.340598 0.944248 0.151961 0.139757
0 0.775780 0.648194 0.151961 0.139757
0 0.117382 0.348486 0.151961 0.139757
0 0.436613 0.638455 0.151961 0.139757
0 0.510182 0.098727 0.151961 0.139757
0 0.354306 0.404530 0.151961 0.139757
0 0.846859 0.316816 0.151961 0.139757
0 0.636122 0.222996 0.151961 0.139757
0 0.712190 0.328998 0.151961 0.139757
0 0.914199 0.397223 0.151961 0.139757
0 0.653579 0.713987 0.151961 0.139757
0 0.669797 0.576315 0.151961 0.139757
0 0.114893 0.787088 0.151961 0.139757
0 0.636122 0.421587 0.151961 0.139757
0 0.497714 0.227871 0.151961 0.139757
0 0.232105 0.364322 0.151961 0.139757
0 0.833141 0.117004 0.151961 0.139757
0 0.268269 0.768810 0.151961 0.139757
0 0.203429 0.599468 0.151961 0.139757
0 0.321891 0.657944 0.151961 0.139757
0 0.844370 0.520271 0.151961 0.139757
0 0.500203 0.424029 0.151961 0.139757