0 0.056488 0.296834 0.071641 0.125868
0 0.797583 0.740126 0.071641 0.125868
0 0.117358 0.305628 0.071641 0.125868
0 0.331343 0.750402 0.071641 0.125868
0 0.877905 0.939774 0.071641 0.125868
0 0.545317 0.446558 0.071641 0.125868
0 0.569162 0.605075 0.071641 0.125868
0 0.077197 0.602161 0.071641 0.125868
0 0.181364 0.304171 0.071641 0.125868
0 0.515199 0.305628 0.071641 0.125868
0 0.155005 0.186734 0.071641 0.125868
0 0.255414 0.301231 0.071641 0.125868
0 0.710988 0.293894 0.071641 0.125868
0 0.940655 0.908945 0.071641 0.125868
0 0.256660 0.894246 0.071641 0.125868
0 0.434253 0.600678 0.071641 0.125868
0 0.870999 0.445075 0.071641 0.125868
0 0.625639 0.596281 0.071641 0.125868
0 0.314393 0.299774 0.071641 0.125868
0 0.822685 0.603618 0.071641 0.125868
0 0.549710 0.197010 0.071641 0.125868
0 0.397852 0.747462 0.071641 0.125868
0 0.347025 0.453894 0.071641 0.125868
0 0.198303 0.754799 0.071641 0.125868
0 0.670827 0.892789 0.071641 0.125868
0 0.288045 0.189673 0.071641 0.125868
0 0.607444 0.456834 0.071641 0.125868
0 0.152503 0.455352 0.071641 0.125868
0 0.387820 0.301231 0.071641 0.125868
0 0.576069 0.302714 0.071641 0.125868
0 0.293684 0.596281 0.071641 0.125868
0 0.806369 0.195553 0.071641 0.125868
0 0.416681 0.452437 0.071641 0.125868
0 0.751149 0.194070 0.071641 0.125868
0 0.748636 0.436281 0.071641 0.125868
0 0.645725 0.301231 0.071641 0.125868
0 0.271096 0.751884 0.071641 0.125868
0 0.126144 0.894246 0.071641 0.125868
0 0.060881 0.455352 0.071641 0.125868
0 0.594898 0.751884 0.071641 0.125868
0 0.473781 0.450955 0.071641 0.125868
0 0.873512 0.194070 0.071641 0.125868
0 0.615607 0.189673 0.071641 0.125868
0 0.815779 0.448015 0.071641 0.125868
0 0.874769 0.866357 0.071641 0.125868
0 0.053351 0.906005 0.071641 0.125868
0 0.542814 0.747462 0.071641 0.125868
0 0.733577 0.746005 0.071641 0.125868
0 0.665177 0.747462 0.071641 0.125868
0 0.675220 0.439221 0.071641 0.125868
0 0.819549 0.892789 0.071641 0.125868
0 0.450569 0.296834 0.071641 0.125868
0 0.940655 0.195553 0.071641 0.125868
0 0.347658 0.186734 0.071641 0.125868
0 0.473781 0.743065 0.071641 0.125868
0 0.170064 0.599221 0.071641 0.125868
0 0.892342 0.770955 0.071641 0.125868
0 0.489474 0.596281 0.071641 0.125868
0 0.743620 0.596281 0.071641 0.125868
0 0.781890 0.283618 0.071641 0.125868
0 0.476294 0.191156 0.071641 0.125868
0 0.475038 0.894246 0.071641 0.125868
0 0.695929 0.594799 0.071641 0.125868
0 0.363974 0.597739 0.071641 0.125868
0 0.242234 0.600678 0.071641 0.125868
0 0.228432 0.182337 0.071641 0.125868
0 0.283018 0.453894 0.071641 0.125868
0 0.673330 0.191156 0.071641 0.125868
0 0.073426 0.188216 0.071641 0.125868
0 0.747379 0.891332 0.071641 0.125868
0 0.424211 0.188216 0.071641 0.125868
0 0.843394 0.304171 0.071641 0.125868
0 0.924339 0.304171 0.071641 0.125868
0 0.190773 0.895729 0.071641 0.125868
0 0.087240 0.746005 0.071641 0.125868
0 0.906144 0.596281 0.071641 0.125868
0 0.219012 0.453894 0.071641 0.125868
0 0.936262 0.455352 0.071641 0.125868