0 0.508640 0.327038 0.939840 0.048611
0 0.503333 0.629057 0.939840 0.048611
0 0.505107 0.590208 0.939840 0.048611
0 0.506867 0.530057 0.939840 0.048611
0 0.501560 0.795717 0.939840 0.048611
0 0.501560 0.825792 0.939840 0.048611
0 0.506867 0.563887 0.939840 0.048611
0 0.511293 0.228057 0.939840 0.048611
0 0.508640 0.395962 0.939840 0.048611
0 0.501560 0.660377 0.939840 0.048611
0 0.512187 0.127792 0.939840 0.048611
0 0.500680 0.917264 0.939840 0.048611
0 0.506867 0.459887 0.939840 0.048611
0 0.501560 0.883434 0.939840 0.048611
0 0.508640 0.426038 0.939840 0.048611
0 0.510413 0.264396 0.939840 0.048611
0 0.503333 0.691717 0.939840 0.048611
0 0.512187 0.162887 0.939840 0.048611
0 0.506867 0.494962 0.939840 0.048611
0 0.510413 0.290698 0.939840 0.048611
0 0.501560 0.853358 0.939840 0.048611
0 0.503333 0.754358 0.939840 0.048611
0 0.511293 0.194208 0.939840 0.048611
0 0.502440 0.726792 0.939840 0.048611
0 0.509533 0.364642 0.939840 0.048611