0 0.579594 0.964969 0.090278 0.302951
0 0.907250 0.411812 0.090278 0.302951
0 0.670234 0.970813 0.090278 0.302951
0 0.465156 0.069687 0.090278 0.302951
0 0.756375 0.408313 0.090278 0.302951
0 0.317781 0.743391 0.090278 0.302951
0 0.147656 0.743438 0.090278 0.302951
0 0.879187 0.074969 0.090278 0.302951
0 0.399766 0.954734 0.090278 0.302951
0 0.746250 0.960578 0.090278 0.302951
0 0.824797 0.406547 0.090278 0.302951
0 0.231641 0.954734 0.090278 0.302951
0 0.910000 0.962047 0.090278 0.302951
0 0.801984 0.074969 0.090278 0.302951
0 0.728312 0.062687 0.090278 0.302951
0 0.389703 0.064437 0.090278 0.302951
0 0.979219 0.752187 0.090278 0.302951
0 0.057656 0.953266 0.090278 0.302951
0 0.507250 0.408313 0.090278 0.302951
0 0.237031 0.745156 0.090278 0.302951
0 0.832516 0.963500 0.090278 0.302951
0 0.024797 0.060937 0.090278 0.302951
0 0.252859 0.404797 0.090278 0.302951
0 0.987953 0.411812 0.090278 0.302951
0 0.728281 0.738125 0.090278 0.302951
0 0.666906 0.406547 0.090278 0.302951
0 0.330062 0.397781 0.090278 0.302951
0 0.817656 0.740000 0.090278 0.302951
0 0.082687 0.397781 0.090278 0.302951
0 0.087953 0.057422 0.090278 0.302951
0 0.602031 0.076719 0.090278 0.302951
0 0.433563 0.403047 0.090278 0.302951
0 0.320813 0.957656 0.090278 0.302951
0 0.010766 0.408313 0.090278 0.302951
0 0.966906 0.067953 0.090278 0.302951
0 0.063437 0.750469 0.090278 0.302951
0 0.638828 0.741641 0.090278 0.302951
0 0.326562 0.062656 0.090278 0.302951
0 0.166906 0.399531 0.090278 0.302951
0 0.900313 0.750469 0.090278 0.302951
0 0.663391 0.074969 0.090278 0.302951
0 0.161641 0.060937 0.090278 0.302951
0 0.490406 0.957656 0.090278 0.302951
0 0.482656 0.741563 0.090278 0.302951
0 0.400234 0.741641 0.090278 0.302951
0 0.531813 0.069703 0.090278 0.302951
0 0.146844 0.953266 0.090278 0.302951
0 0.242344 0.059219 0.090278 0.302951
0 0.563391 0.739891 0.090278 0.302951
0 0.580937 0.408313 0.090278 0.302951