0 0.650600 0.440400 0.067810 0.958333
0 0.610833 0.436900 0.067810 0.958333
0 0.741833 0.424625 0.067810 0.958333
0 0.826033 0.426375 0.067810 0.958333
0 0.557033 0.435150 0.067810 0.958333
0 0.157033 0.468475 0.067810 0.958333
0 0.383933 0.454450 0.067810 0.958333
0 0.248267 0.445675 0.067810 0.958333
0 0.334800 0.449175 0.067810 0.958333
0 0.463467 0.438650 0.067810 0.958333
0 0.414333 0.445675 0.067810 0.958333
0 0.790967 0.426375 0.067810 0.958333
0 0.690367 0.426375 0.067810 0.958333
0 0.512600 0.436900 0.067810 0.958333
0 0.192133 0.457950 0.067810 0.958333
0 0.288033 0.447425 0.067810 0.958333