0 0.204104 0.741222 0.084635 0.320312
0 0.460437 0.748667 0.084635 0.320312
0 0.889521 0.394500 0.084635 0.320312
0 0.675917 0.746167 0.084635 0.320312
0 0.486438 0.431639 0.084635 0.320312
0 0.155813 0.741222 0.084635 0.320312
0 0.062938 0.520806 0.084635 0.320312
0 0.233833 0.523278 0.084635 0.320312
0 0.542167 0.738750 0.084635 0.320312
0 0.726062 0.414306 0.084635 0.320312
0 0.347125 0.496028 0.084635 0.320312
0 0.114937 0.523278 0.084635 0.320312
0 0.965687 0.756083 0.084635 0.320312
0 0.048063 0.741222 0.084635 0.320312
0 0.809646 0.406861 0.084635 0.320312
0 0.631333 0.409361 0.084635 0.320312
0 0.861667 0.756083 0.084635 0.320312
0 0.410292 0.436583 0.084635 0.320312
0 0.113083 0.218639 0.084635 0.320312
0 0.165104 0.206250 0.084635 0.320312
0 0.062938 0.221111 0.084635 0.320312
0 0.174375 0.523278 0.084635 0.320312
0 0.982396 0.379639 0.084635 0.320312
0 0.571896 0.424194 0.084635 0.320312
0 0.090792 0.738750 0.084635 0.320312
0 0.776229 0.751139 0.084635 0.320312
0 0.289542 0.496028 0.084635 0.320312
0 0.291417 0.748667 0.084635 0.320312
0 0.378708 0.748667 0.084635 0.320312
0 0.596042 0.743694 0.084635 0.320312