0 0.469794 0.213833 0.128255 0.171875
0 0.383444 0.315267 0.128255 0.171875
0 0.122344 0.779908 0.128255 0.171875
0 0.764825 0.753867 0.128255 0.171875
0 0.599319 0.752492 0.128255 0.171875
0 0.106925 0.588017 0.128255 0.171875
0 0.487269 0.437250 0.128255 0.171875
0 0.890238 0.618175 0.128255 0.171875
0 0.229250 0.463292 0.128255 0.171875
0 0.608575 0.437250 0.128255 0.171875
0 0.860425 0.456433 0.128255 0.171875
0 0.282706 0.318008 0.128255 0.171875
0 0.251869 0.596242 0.128255 0.171875
0 0.599319 0.213833 0.128255 0.171875
0 0.398869 0.223433 0.128255 0.171875
0 0.298125 0.757975 0.128255 0.171875
0 0.377281 0.439992 0.128255 0.171875
0 0.140844 0.461917 0.128255 0.171875
0 0.508856 0.594867 0.128255 0.171875
0 0.756600 0.607208 0.128255 0.171875
0 0.643525 0.605833 0.128255 0.171875
0 0.682588 0.223433 0.128255 0.171875
0 0.770994 0.466033 0.128255 0.171875
0 0.827531 0.326225 0.128255 0.171875
0 0.730900 0.334450 0.128255 0.171875
0 0.173744 0.228917 0.128255 0.171875
0 0.443069 0.753867 0.128255 0.171875
0 0.605487 0.330342 0.128255 0.171875
0 0.143931 0.324858 0.128255 0.171875
0 0.401950 0.596242 0.128255 0.171875
0 0.273456 0.224800 0.128255 0.171875
0 0.499606 0.330342 0.128255 0.171875
0 0.777156 0.228917 0.128255 0.171875