0 0.424060 0.912936 0.089312 0.153646
0 0.518550 0.747242 0.089312 0.153646
0 0.603340 0.101032 0.089312 0.153646
0 0.421320 0.258399 0.089312 0.153646
0 0.606530 0.920552 0.089312 0.153646
0 0.425430 0.583986 0.089312 0.153646
0 0.335740 0.764306 0.089312 0.153646
0 0.326830 0.925125 0.089312 0.153646
0 0.517810 0.418808 0.089312 0.153646
0 0.418190 0.422367 0.089312 0.153646
0 0.704160 0.918826 0.089312 0.153646
0 0.603570 0.752117 0.089312 0.153646
0 0.326040 0.076655 0.089312 0.153646
0 0.610470 0.583683 0.089312 0.153646
0 0.328890 0.256370 0.089312 0.153646
0 0.513760 0.261441 0.089312 0.153646
0 0.506910 0.099004 0.089312 0.153646
0 0.418470 0.091886 0.089312 0.153646
0 0.519240 0.919039 0.089312 0.153646
0 0.704160 0.746851 0.089312 0.153646
0 0.330940 0.591299 0.089312 0.153646
0 0.424750 0.759431 0.089312 0.153646
0 0.699770 0.265498 0.089312 0.153646
0 0.610470 0.424093 0.089312 0.153646
0 0.701820 0.582669 0.089312 0.153646
0 0.327520 0.424093 0.089312 0.153646
0 0.692350 0.104075 0.089312 0.153646
0 0.605620 0.266512 0.089312 0.153646
0 0.517870 0.591299 0.089312 0.153646
0 0.699430 0.426228 0.089312 0.153646