0 0.508417 0.871856 0.152697 0.186632
0 0.275328 0.547371 0.152697 0.186632
0 0.189653 0.688299 0.152697 0.186632
0 0.693668 0.837268 0.152697 0.186632
0 0.594054 0.704278 0.152697 0.186632
0 0.759421 0.675000 0.152697 0.186632
0 0.580116 0.425000 0.152697 0.186632
0 0.743475 0.414381 0.152697 0.186632
0 0.410772 0.653763 0.152697 0.186632
0 0.295251 0.855876 0.152697 0.186632
0 0.496448 0.547371 0.152697 0.186632
0 0.115946 0.542062 0.152697 0.186632
0 0.223514 0.403763 0.152697 0.186632
0 0.673745 0.520773 0.152697 0.186632
0 0.410772 0.403763 0.152697 0.186632
0 0.078108 0.845258 0.152697 0.186632