0 0.036825 0.608333 0.071376 0.696615
0 0.124412 0.620022 0.071376 0.696615
0 0.216388 0.612222 0.071376 0.696615
0 0.301788 0.602489 0.071376 0.696615
0 0.392663 0.583022 0.071376 0.696615
0 0.466025 0.586933 0.071376 0.696615
0 0.524050 0.606400 0.071376 0.696615
0 0.583175 0.606400 0.071376 0.696615
0 0.641200 0.598600 0.071376 0.696615
0 0.694850 0.602489 0.071376 0.696615
0 0.751787 0.637533 0.071376 0.696615
0 0.790113 0.641422 0.071376 0.696615
0 0.844850 0.635578 0.071376 0.696615
0 0.902888 0.639489 0.071376 0.696615
0 0.972950 0.658956 0.071376 0.696615
0 0.001788 0.549933 0.071376 0.696615