0 0.323062 0.630000 0.156901 0.196181
0 0.191250 0.540600 0.156901 0.196181
0 0.151475 0.399700 0.156901 0.196181
0 0.173062 0.273933 0.156901 0.196181
0 0.249200 0.186067 0.156901 0.196181
0 0.356025 0.130000 0.156901 0.196181
0 0.329888 0.293633 0.156901 0.196181
0 0.427612 0.180000 0.156901 0.196181
0 0.487837 0.101217 0.156901 0.196181
0 0.573063 0.089083 0.156901 0.196181
0 0.593525 0.160300 0.156901 0.196181
0 0.496938 0.307267 0.156901 0.196181
0 0.318525 0.437583 0.156901 0.196181
0 0.402612 0.504250 0.156901 0.196181
0 0.542388 0.661817 0.156901 0.196181
0 0.662837 0.473933 0.156901 0.196181
0 0.683300 0.330000 0.156901 0.196181
0 0.712838 0.184550 0.156901 0.196181
0 0.799200 0.230000 0.156901 0.196181
0 0.868525 0.372417 0.156901 0.196181
0 0.817387 0.467883 0.156901 0.196181
0 0.827613 0.636067 0.156901 0.196181
0 0.226475 0.013333 0.156901 0.196181
0 0.341250 0.016367 0.156901 0.196181
0 0.544663 0.011817 0.156901 0.196181