0 0.565667 0.925773 0.048611 0.045139
0 0.536375 0.890930 0.048611 0.045139
0 0.485870 0.878805 0.048611 0.045139
0 0.459609 0.837898 0.048611 0.045139
0 0.430318 0.807594 0.048611 0.045139
0 0.401021 0.775773 0.048611 0.045139
0 0.360620 0.801531 0.048611 0.045139
0 0.426276 0.740930 0.048611 0.045139
0 0.480823 0.756078 0.048611 0.045139
0 0.503042 0.790930 0.048611 0.045139
0 0.532333 0.768203 0.048611 0.045139
0 0.563651 0.734867 0.048611 0.045139
0 0.549505 0.804562 0.048611 0.045139
0 0.516172 0.839414 0.048611 0.045139
0 0.575771 0.840930 0.048611 0.045139
0 0.599000 0.881836 0.048611 0.045139
0 0.628297 0.842445 0.048611 0.045139
0 0.603042 0.807594 0.048611 0.045139
0 0.630318 0.774258 0.048611 0.045139
0 0.604052 0.743961 0.048611 0.045139
0 0.577792 0.771234 0.048611 0.045139
0 0.629307 0.715172 0.048611 0.045139
0 0.657589 0.746992 0.048611 0.045139
0 0.681833 0.772750 0.048611 0.045139
0 0.657589 0.807594 0.048611 0.045139
0 0.591932 0.709109 0.048611 0.045139
0 0.617182 0.680320 0.048611 0.045139
0 0.653547 0.686383 0.048611 0.045139
0 0.680823 0.716687 0.048611 0.045139
0 0.633344 0.659109 0.048611 0.045139
0 0.677792 0.662141 0.048611 0.045139
0 0.702031 0.692445 0.048611 0.045139
0 0.509104 0.683352 0.048611 0.045139
0 0.616172 0.627289 0.048611 0.045139
0 0.694964 0.642445 0.048611 0.045139
0 0.655568 0.633352 0.048611 0.045139
0 0.716172 0.618203 0.048611 0.045139
0 0.714156 0.665172 0.048611 0.045139
0 0.735365 0.595477 0.048611 0.045139
0 0.757542 0.525164 0.048611 0.045139
0 0.749943 0.536562 0.048611 0.045139
0 0.733573 0.554102 0.048611 0.045139
0 0.748771 0.582156 0.048611 0.045139
0 0.755786 0.562867 0.048611 0.045139
0 0.686812 0.605836 0.048611 0.045139
0 0.640047 0.607586 0.048611 0.045139
0 0.679797 0.563742 0.048611 0.045139
0 0.675703 0.577773 0.048611 0.045139
0 0.668688 0.533930 0.048611 0.045139
0 0.527813 0.704039 0.048611 0.045139