0 0.126281 0.258876 0.011574 0.186632
0 0.134922 0.260492 0.011574 0.186632
0 0.144641 0.265340 0.011574 0.186632
0 0.155438 0.265340 0.011574 0.186632
0 0.163000 0.263724 0.011574 0.186632
0 0.169484 0.260492 0.011574 0.186632
0 0.174875 0.260492 0.011574 0.186632
0 0.181359 0.252412 0.011574 0.186632
0 0.187844 0.249157 0.011574 0.186632
0 0.196484 0.236206 0.011574 0.186632
0 0.206203 0.224895 0.011574 0.186632
0 0.217000 0.220023 0.011574 0.186632
0 0.229953 0.215176 0.011574 0.186632
0 0.240750 0.216792 0.011574 0.186632
0 0.249391 0.221639 0.011574 0.186632
0 0.261266 0.221639 0.011574 0.186632
0 0.270984 0.223255 0.011574 0.186632
0 0.281797 0.221639 0.011574 0.186632
0 0.290422 0.215176 0.011574 0.186632
0 0.297984 0.213560 0.011574 0.186632
0 0.354141 0.187658 0.011574 0.186632
0 0.364938 0.187658 0.011574 0.186632
0 0.373578 0.189274 0.011574 0.186632
0 0.385469 0.189274 0.011574 0.186632
0 0.397344 0.189274 0.011574 0.186632
0 0.409219 0.189274 0.011574 0.186632
0 0.420016 0.189274 0.011574 0.186632
0 0.431891 0.192506 0.011574 0.186632
0 0.439453 0.192506 0.011574 0.186632
0 0.452422 0.190890 0.011574 0.186632
0 0.462141 0.190890 0.011574 0.186632
0 0.475094 0.194122 0.011574 0.186632
0 0.484813 0.192506 0.011574 0.186632
0 0.495609 0.194122 0.011574 0.186632
0 0.505328 0.190890 0.011574 0.186632
0 0.517219 0.189274 0.011574 0.186632
0 0.524766 0.187658 0.011574 0.186632
0 0.531250 0.181194 0.011574 0.186632
0 0.544203 0.173091 0.011574 0.186632
0 0.553922 0.164988 0.011574 0.186632
0 0.564734 0.155293 0.011574 0.186632
0 0.577688 0.153677 0.011574 0.186632
0 0.588484 0.150422 0.011574 0.186632
0 0.599281 0.148806 0.011574 0.186632
0 0.617641 0.122904 0.011574 0.186632
0 0.626281 0.121288 0.011574 0.186632
0 0.633844 0.116440 0.011574 0.186632
0 0.639234 0.118056 0.011574 0.186632
0 0.647875 0.119672 0.011574 0.186632
0 0.654359 0.121288 0.011574 0.186632
0 0.706203 0.145574 0.011574 0.186632
0 0.720234 0.140726 0.011574 0.186632
0 0.731031 0.142342 0.011574 0.186632
0 0.741828 0.142342 0.011574 0.186632
0 0.751547 0.145574 0.011574 0.186632
0 0.761266 0.148806 0.011574 0.186632
0 0.770984 0.147190 0.011574 0.186632
0 0.780703 0.150422 0.011574 0.186632
0 0.791516 0.148806 0.011574 0.186632
0 0.802312 0.147190 0.011574 0.186632
0 0.815266 0.145574 0.011574 0.186632
0 0.823906 0.140726 0.011574 0.186632
0 0.836859 0.137471 0.011574 0.186632
0 0.848750 0.135855 0.011574 0.186632
0 0.860625 0.139110 0.011574 0.186632
0 0.872500 0.142342 0.011574 0.186632
0 0.878984 0.147190 0.011574 0.186632
0 0.917859 0.155293 0.011574 0.186632
0 0.241937 0.686183 0.011574 0.186632
0 0.247344 0.687799 0.011574 0.186632
0 0.255984 0.687799 0.011574 0.186632
0 0.263547 0.689415 0.011574 0.186632
0 0.271094 0.691054 0.011574 0.186632
0 0.282984 0.691054 0.011574 0.186632
0 0.290531 0.692670 0.011574 0.186632
0 0.298094 0.694286 0.011574 0.186632
0 0.306734 0.695902 0.011574 0.186632
0 0.315375 0.695902 0.011574 0.186632
0 0.324016 0.695902 0.011574 0.186632
0 0.332656 0.695902 0.011574 0.186632
0 0.128547 0.689415 0.011574 0.186632
0 0.136109 0.691054 0.011574 0.186632
0 0.143672 0.692670 0.011574 0.186632
0 0.151234 0.692670 0.011574 0.186632
0 0.160953 0.694286 0.011574 0.186632
0 0.168500 0.695902 0.011574 0.186632
0 0.177141 0.697518 0.011574 0.186632
0 0.185781 0.697518 0.011574 0.186632
0 0.194422 0.697518 0.011574 0.186632
0 0.204141 0.697518 0.011574 0.186632
0 0.210625 0.700749 0.011574 0.186632
0 0.220344 0.699133 0.011574 0.186632
0 0.735469 0.828618 0.011574 0.186632
0 0.744094 0.827002 0.011574 0.186632
0 0.753812 0.825386 0.011574 0.186632
0 0.763547 0.825386 0.011574 0.186632
0 0.770016 0.823770 0.011574 0.186632
0 0.778656 0.822155 0.011574 0.186632
0 0.787297 0.822155 0.011574 0.186632
0 0.794859 0.820539 0.011574 0.186632
0 0.804578 0.822155 0.011574 0.186632
0 0.814297 0.823770 0.011574 0.186632
0 0.821859 0.823770 0.011574 0.186632
0 0.830500 0.822155 0.011574 0.186632
0 0.840219 0.820539 0.011574 0.186632
0 0.847766 0.820539 0.011574 0.186632
0 0.855328 0.818923 0.011574 0.186632
0 0.863969 0.817283 0.011574 0.186632
0 0.872609 0.818923 0.011574 0.186632
0 0.881250 0.820539 0.011574 0.186632
0 0.889891 0.820539 0.011574 0.186632
0 0.897453 0.822155 0.011574 0.186632
0 0.907172 0.822155 0.011574 0.186632
0 0.915813 0.822155 0.011574 0.186632
0 0.923359 0.820539 0.011574 0.186632
0 0.933078 0.822155 0.011574 0.186632
0 0.015156 0.670000 0.011574 0.186632
0 0.022719 0.679719 0.011574 0.186632
0 0.029203 0.681335 0.011574 0.186632
0 0.037844 0.686183 0.011574 0.186632
0 0.045391 0.687799 0.011574 0.186632
0 0.052953 0.687799 0.011574 0.186632
0 0.062672 0.689415 0.011574 0.186632
0 0.070234 0.692670 0.011574 0.186632
0 0.077797 0.697518 0.011574 0.186632
0 0.084281 0.703981 0.011574 0.186632
0 0.094000 0.702365 0.011574 0.186632
0 0.100469 0.702365 0.011574 0.186632
0 0.048641 0.453115 0.011574 0.186632
0 0.054031 0.456347 0.011574 0.186632
0 0.062672 0.462810 0.011574 0.186632
0 0.073469 0.466066 0.011574 0.186632
0 0.084281 0.467681 0.011574 0.186632
0 0.094000 0.466066 0.011574 0.186632
0 0.104797 0.464450 0.011574 0.186632
0 0.116672 0.467681 0.011574 0.186632
0 0.129625 0.466066 0.011574 0.186632
0 0.137187 0.464450 0.011574 0.186632
0 0.147984 0.461194 0.011574 0.186632
0 0.158781 0.461194 0.011574 0.186632
0 0.168500 0.459578 0.011574 0.186632
0 0.181469 0.459578 0.011574 0.186632
0 0.194422 0.459578 0.011574 0.186632
0 0.205219 0.459578 0.011574 0.186632
0 0.216016 0.457963 0.011574 0.186632
0 0.226828 0.456347 0.011574 0.186632
0 0.237625 0.459578 0.011574 0.186632
0 0.248422 0.457963 0.011574 0.186632
0 0.260297 0.457963 0.011574 0.186632
0 0.272172 0.457963 0.011574 0.186632
0 0.282984 0.457963 0.011574 0.186632
0 0.293781 0.457963 0.011574 0.186632
0 0.321859 0.449883 0.011574 0.186632
0 0.332656 0.451499 0.011574 0.186632
0 0.343453 0.451499 0.011574 0.186632
0 0.353172 0.451499 0.011574 0.186632
0 0.367219 0.449883 0.011574 0.186632
0 0.379094 0.449883 0.011574 0.186632
0 0.389891 0.453115 0.011574 0.186632
0 0.403922 0.453115 0.011574 0.186632
0 0.414734 0.453115 0.011574 0.186632
0 0.425531 0.451499 0.011574 0.186632
0 0.437406 0.453115 0.011574 0.186632
0 0.449281 0.456347 0.011574 0.186632
0 0.460078 0.459578 0.011574 0.186632
0 0.470891 0.457963 0.011574 0.186632
0 0.480609 0.459578 0.011574 0.186632
0 0.490328 0.466066 0.011574 0.186632
0 0.502203 0.462810 0.011574 0.186632
0 0.513000 0.459578 0.011574 0.186632
0 0.525953 0.457963 0.011574 0.186632
0 0.536750 0.454731 0.011574 0.186632
0 0.546484 0.454731 0.011574 0.186632
0 0.558359 0.453115 0.011574 0.186632
0 0.568078 0.448244 0.011574 0.186632
0 0.576719 0.445012 0.011574 0.186632
0 0.613438 0.553466 0.011574 0.186632
0 0.622078 0.550234 0.011574 0.186632
0 0.628547 0.548595 0.011574 0.186632
0 0.636109 0.550234 0.011574 0.186632
0 0.644750 0.551850 0.011574 0.186632
0 0.654469 0.559930 0.011574 0.186632
0 0.660953 0.561546 0.011574 0.186632
0 0.667422 0.561546 0.011574 0.186632
0 0.674984 0.561546 0.011574 0.186632
0 0.683625 0.558314 0.011574 0.186632
0 0.692266 0.559930 0.011574 0.186632
0 0.699828 0.558314 0.011574 0.186632
0 0.708469 0.558314 0.011574 0.186632
0 0.716016 0.561546 0.011574 0.186632
0 0.722500 0.561546 0.011574 0.186632
0 0.730063 0.563185 0.011574 0.186632
0 0.739781 0.563185 0.011574 0.186632
0 0.746266 0.564801 0.011574 0.186632
0 0.753812 0.564801 0.011574 0.186632
0 0.761375 0.563185 0.011574 0.186632
0 0.768938 0.563185 0.011574 0.186632
0 0.776500 0.561546 0.011574 0.186632
0 0.784062 0.561546 0.011574 0.186632
0 0.792703 0.566417 0.011574 0.186632
0 0.801344 0.568033 0.011574 0.186632
0 0.807813 0.571265 0.011574 0.186632
0 0.815375 0.569649 0.011574 0.186632
0 0.822937 0.569649 0.011574 0.186632
0 0.829422 0.566417 0.011574 0.186632
0 0.838047 0.566417 0.011574 0.186632
0 0.845609 0.566417 0.011574 0.186632
0 0.853172 0.566417 0.011574 0.186632
0 0.860734 0.563185 0.011574 0.186632
0 0.868297 0.559930 0.011574 0.186632
0 0.874766 0.558314 0.011574 0.186632
0 0.882328 0.559930 0.011574 0.186632
0 0.614516 0.326862 0.011574 0.186632
0 0.622078 0.328478 0.011574 0.186632
0 0.630703 0.328478 0.011574 0.186632
0 0.638266 0.317143 0.011574 0.186632
0 0.645828 0.313911 0.011574 0.186632
0 0.651234 0.347892 0.011574 0.186632
0 0.662031 0.313911 0.011574 0.186632
0 0.669594 0.310679 0.011574 0.186632
0 0.678219 0.309063 0.011574 0.186632
0 0.683625 0.317143 0.011574 0.186632
0 0.691188 0.315527 0.011574 0.186632
0 0.697672 0.323630 0.011574 0.186632
0 0.707391 0.321991 0.011574 0.186632
0 0.716016 0.317143 0.011574 0.186632
0 0.723578 0.315527 0.011574 0.186632
0 0.730063 0.317143 0.011574 0.186632
0 0.736547 0.317143 0.011574 0.186632
0 0.743016 0.323630 0.011574 0.186632
0 0.752734 0.315527 0.011574 0.186632
0 0.760297 0.315527 0.011574 0.186632
0 0.767859 0.315527 0.011574 0.186632
0 0.774344 0.317143 0.011574 0.186632
0 0.782984 0.313911 0.011574 0.186632
0 0.789453 0.317143 0.011574 0.186632
0 0.797016 0.318759 0.011574 0.186632
0 0.804578 0.318759 0.011574 0.186632
0 0.812141 0.317143 0.011574 0.186632
0 0.818609 0.313911 0.011574 0.186632
0 0.824016 0.330094 0.011574 0.186632
0 0.832656 0.325246 0.011574 0.186632
0 0.840219 0.328478 0.011574 0.186632
0 0.847766 0.330094 0.011574 0.186632
0 0.853172 0.334941 0.011574 0.186632
0 0.859656 0.343044 0.011574 0.186632
0 0.869375 0.328478 0.011574 0.186632
0 0.875844 0.331710 0.011574 0.186632
0 0.921203 0.351148 0.011574 0.186632
0 0.928766 0.346276 0.011574 0.186632
0 0.936328 0.344660 0.011574 0.186632
0 0.942812 0.343044 0.011574 0.186632
0 0.949281 0.343044 0.011574 0.186632
0 0.955766 0.339813 0.011574 0.186632
0 0.362891 0.835105 0.011574 0.186632
0 0.371531 0.833489 0.011574 0.186632
0 0.380172 0.836721 0.011574 0.186632
0 0.390969 0.825386 0.011574 0.186632
0 0.398531 0.831874 0.011574 0.186632
0 0.407172 0.838337 0.011574 0.186632
0 0.417969 0.839953 0.011574 0.186632
0 0.425531 0.843185 0.011574 0.186632
0 0.436328 0.836721 0.011574 0.186632
0 0.444969 0.833489 0.011574 0.186632
0 0.602625 0.830234 0.011574 0.186632
0 0.612344 0.828618 0.011574 0.186632
0 0.620984 0.835105 0.011574 0.186632
0 0.630703 0.836721 0.011574 0.186632
0 0.640422 0.844801 0.011574 0.186632
0 0.649062 0.846440 0.011574 0.186632
0 0.657703 0.838337 0.011574 0.186632
0 0.667422 0.846440 0.011574 0.186632
0 0.677141 0.873934 0.011574 0.186632
0 0.681469 0.812436 0.011574 0.186632