0 0.153500 0.615067 0.059028 0.061632
0 0.444767 0.843333 0.059028 0.061632
0 0.611200 0.650733 0.059028 0.061632
0 0.920289 0.779133 0.059028 0.061632
0 0.955956 0.652517 0.059028 0.061632
0 0.952389 0.586533 0.059028 0.061632
0 0.984489 0.554450 0.059028 0.061632
0 0.725322 0.550883 0.059028 0.061632
0 0.670633 0.581200 0.059028 0.061632
0 0.697978 0.623983 0.059028 0.061632
0 0.503011 0.552667 0.059028 0.061632
0 0.503011 0.595450 0.059028 0.061632
0 0.321122 0.613283 0.059028 0.061632
0 0.333011 0.588317 0.059028 0.061632
0 0.031056 0.556233 0.059028 0.061632
0 0.865467 0.544683 0.059028 0.061632
0 0.976878 0.537417 0.059028 0.061632