0 0.042420 0.042720 0.185764 0.167535
0 0.203040 0.060900 0.185764 0.167535
0 0.422720 0.324540 0.185764 0.167535
0 0.240900 0.321520 0.185764 0.167535
0 0.230300 0.186660 0.185764 0.167535
0 0.034840 0.157880 0.185764 0.167535
0 0.046960 0.295760 0.185764 0.167535
0 0.060600 0.468480 0.185764 0.167535
0 0.104540 0.651820 0.185764 0.167535
0 0.083340 0.803340 0.185764 0.167535
0 0.301520 0.789700 0.185764 0.167535
0 0.310600 0.660900 0.185764 0.167535
0 0.269700 0.488180 0.185764 0.167535
0 0.390900 0.083640 0.185764 0.167535
0 0.403040 0.209400 0.185764 0.167535
0 0.450000 0.486660 0.185764 0.167535
0 0.503040 0.644240 0.185764 0.167535
0 0.551520 0.806360 0.185764 0.167535
0 0.757580 0.777580 0.185764 0.167535
0 0.942420 0.795760 0.185764 0.167535
0 0.878780 0.616960 0.185764 0.167535
0 0.693940 0.630600 0.185764 0.167535
0 0.628780 0.463940 0.185764 0.167535
0 0.583340 0.321520 0.185764 0.167535
0 0.563640 0.185160 0.185764 0.167535
0 0.524240 0.079100 0.185764 0.167535
0 0.657580 0.012420 0.185764 0.167535
0 0.677280 0.097280 0.185764 0.167535
0 0.703040 0.209400 0.185764 0.167535
0 0.743940 0.335160 0.185764 0.167535
0 0.789400 0.473040 0.185764 0.167535
0 0.968180 0.473040 0.185764 0.167535
0 0.980300 0.586660 0.185764 0.167535
0 0.892420 0.333640 0.185764 0.167535
0 0.859100 0.210900 0.185764 0.167535
0 0.856060 0.101820 0.185764 0.167535
0 0.786360 0.012420 0.185764 0.167535
0 0.913640 0.013940 0.185764 0.167535
0 0.954540 0.101820 0.185764 0.167535
0 0.977280 0.212420 0.185764 0.167535
0 0.981820 0.321520 0.185764 0.167535
0 0.068480 0.984320 0.185764 0.167535
0 0.316680 0.993740 0.185764 0.167535
0 0.558600 0.981160 0.185764 0.167535
0 0.750240 0.974880 0.185764 0.167535
0 0.989020 0.022920 0.185764 0.167535