0 0.072344 0.039150 0.130719 0.087674
0 0.077266 0.118050 0.130719 0.087674
0 0.197305 0.085450 0.130719 0.087674
0 0.212070 0.147525 0.130719 0.087674
0 0.309063 0.089650 0.130719 0.087674
0 0.317305 0.020200 0.130719 0.087674
0 0.468555 0.042300 0.130719 0.087674
0 0.686055 0.081125 0.130719 0.087674
0 0.735391 0.015900 0.130719 0.087674
0 0.845547 0.046400 0.130719 0.087674
0 0.541367 0.082175 0.130719 0.087674
0 0.551250 0.116900 0.130719 0.087674
0 0.370391 0.145300 0.130719 0.087674
0 0.880039 0.127425 0.130719 0.087674
0 0.781406 0.137950 0.130719 0.087674
0 0.955664 0.133725 0.130719 0.087674
0 0.791289 0.185300 0.130719 0.087674
0 0.644961 0.184250 0.130719 0.087674
0 0.543047 0.176875 0.130719 0.087674
0 0.454258 0.150575 0.130719 0.087674
0 0.353945 0.209500 0.130719 0.087674
0 0.258594 0.224225 0.130719 0.087674
0 0.155039 0.171600 0.130719 0.087674
0 0.028438 0.217900 0.130719 0.087674
0 0.158320 0.242100 0.130719 0.087674
0 0.344102 0.284200 0.130719 0.087674
0 0.482187 0.254725 0.130719 0.087674
0 0.613711 0.273675 0.130719 0.087674
0 0.737031 0.226325 0.130719 0.087674
0 0.865273 0.251575 0.130719 0.087674
0 0.978711 0.183175 0.130719 0.087674
0 0.919531 0.209500 0.130719 0.087674
0 0.978711 0.252625 0.130719 0.087674
0 0.912930 0.345225 0.130719 0.087674
0 0.745234 0.291550 0.130719 0.087674
0 0.756758 0.364150 0.130719 0.087674
0 0.635078 0.357850 0.130719 0.087674
0 0.503555 0.315750 0.130719 0.087674
0 0.490430 0.382050 0.130719 0.087674
0 0.436172 0.394675 0.130719 0.087674
0 0.311211 0.359950 0.130719 0.087674
0 0.194492 0.330500 0.130719 0.087674
0 0.082695 0.406250 0.130719 0.087674
0 0.095859 0.269475 0.130719 0.087674
0 0.871836 0.414675 0.130719 0.087674
0 0.983633 0.389425 0.130719 0.087674
0 0.786328 0.455700 0.130719 0.087674
0 0.710703 0.439925 0.130719 0.087674
0 0.556172 0.458850 0.130719 0.087674
0 0.424648 0.485175 0.130719 0.087674
0 0.199414 0.462025 0.130719 0.087674
0 0.054766 0.475700 0.130719 0.087674
0 0.284922 0.521250 0.130719 0.087674
0 0.954961 0.890525 0.130719 0.087674
0 0.938594 0.919325 0.130719 0.087674
0 0.889492 0.924575 0.130719 0.087674
0 0.632539 0.044200 0.130719 0.087674
0 0.572656 0.018650 0.130719 0.087674
0 0.039102 0.343850 0.130719 0.087674
0 0.975508 0.956975 0.130719 0.087674
0 0.287734 0.931425 0.130719 0.087674
0 0.100820 0.619100 0.130719 0.087674
0 0.013711 0.663125 0.130719 0.087674
0 0.334922 0.991925 0.130719 0.087674
0 0.583516 0.988450 0.130719 0.087674
0 0.906563 0.727000 0.130719 0.087674
0 0.977344 0.612125 0.130719 0.087674
0 0.980977 0.501800 0.130719 0.087674
0 0.928320 0.015050 0.130719 0.087674
0 0.970078 0.066150 0.130719 0.087674
0 0.026953 0.561350 0.130719 0.087674
0 0.135469 0.539250 0.130719 0.087674
0 0.291641 0.611850 0.130719 0.087674
0 0.082852 0.727600 0.130719 0.087674
0 0.216016 0.703400 0.130719 0.087674
0 0.426484 0.652875 0.130719 0.087674
0 0.332773 0.670775 0.130719 0.087674
0 0.539922 0.611850 0.130719 0.087674
0 0.421523 0.561350 0.130719 0.087674
0 0.650039 0.537150 0.130719 0.087674
0 0.544844 0.540300 0.130719 0.087674
0 0.775000 0.545550 0.130719 0.087674
0 0.891719 0.510850 0.130719 0.087674
0 0.895000 0.592900 0.130719 0.087674
0 0.937773 0.681300 0.130719 0.087674
0 0.798008 0.668675 0.130719 0.087674
0 0.684570 0.617100 0.130719 0.087674
0 0.707578 0.719175 0.130719 0.087674
0 0.584297 0.707600 0.130719 0.087674
0 0.447852 0.754950 0.130719 0.087674
0 0.306445 0.780200 0.130719 0.087674
0 0.202891 0.823350 0.130719 0.087674
0 0.051641 0.843325 0.130719 0.087674
0 0.186445 0.907525 0.130719 0.087674
0 0.058203 0.906450 0.130719 0.087674
0 0.286719 0.855950 0.130719 0.087674
0 0.423164 0.832800 0.130719 0.087674
0 0.561289 0.817025 0.130719 0.087674
0 0.699375 0.797025 0.130719 0.087674
0 0.633633 0.830700 0.130719 0.087674
0 0.830898 0.754950 0.130719 0.087674
0 0.870352 0.831750 0.130719 0.087674
0 0.794727 0.860175 0.130719 0.087674
0 0.694453 0.875950 0.130719 0.087674
0 0.566211 0.895950 0.130719 0.087674
0 0.388633 0.943275 0.130719 0.087674
0 0.180195 0.985575 0.130719 0.087674
0 0.507695 0.985575 0.130719 0.087674
0 0.665508 0.955275 0.130719 0.087674
0 0.801641 0.935075 0.130719 0.087674
0 0.866758 0.956550 0.130719 0.087674