0 0.040846 0.103052 0.132293 0.191840
0 0.034792 0.290925 0.132293 0.191840
0 0.046892 0.462139 0.132293 0.191840
0 0.029754 0.678809 0.132293 0.191840
0 0.158800 0.065168 0.132293 0.191840
0 0.167869 0.281838 0.132293 0.191840
0 0.051431 0.890324 0.132293 0.191840
0 0.203054 0.903503 0.132293 0.191840
0 0.176846 0.709711 0.132293 0.191840
0 0.210015 0.508046 0.132293 0.191840
0 0.319700 0.104867 0.132293 0.191840
0 0.290162 0.285468 0.132293 0.191840
0 0.316269 0.455780 0.132293 0.191840
0 0.281392 0.693954 0.132293 0.191840
0 0.335423 0.908659 0.132293 0.191840
0 0.469515 0.892902 0.132293 0.191840
0 0.453885 0.701838 0.132293 0.191840
0 0.471323 0.492439 0.132293 0.191840
0 0.441685 0.301225 0.132293 0.191840
0 0.462554 0.136231 0.132293 0.191840
0 0.553192 0.073503 0.132293 0.191840
0 0.584546 0.298659 0.132293 0.191840
0 0.567100 0.523803 0.132293 0.191840
0 0.591500 0.691387 0.132293 0.191840
0 0.595031 0.858960 0.132293 0.191840
0 0.711669 0.895630 0.132293 0.191840
0 0.722154 0.691387 0.132293 0.191840
0 0.711669 0.502902 0.132293 0.191840
0 0.704715 0.290775 0.132293 0.191840
0 0.722154 0.125780 0.132293 0.191840
0 0.838900 0.044717 0.132293 0.191840
0 0.831946 0.243653 0.132293 0.191840
0 0.826700 0.455780 0.132293 0.191840
0 0.835369 0.665168 0.132293 0.191840
0 0.863300 0.877295 0.132293 0.191840
0 0.992138 0.856231 0.132293 0.191840
0 0.987000 0.665168 0.132293 0.191840
0 0.978231 0.458347 0.132293 0.191840
0 0.971269 0.264566 0.132293 0.191840
0 0.971269 0.073503 0.132293 0.191840