0 0.023675 0.981612 0.043403 0.048611
0 0.089150 0.944775 0.043403 0.048611
0 0.159292 0.954425 0.043403 0.048611
0 0.143508 0.899188 0.043403 0.048611
0 0.115450 0.907950 0.043403 0.048611
0 0.089150 0.868500 0.043403 0.048611
0 0.049983 0.838687 0.043403 0.048611
0 0.078042 0.804488 0.043403 0.048611
0 0.111942 0.802738 0.043403 0.048611
0 0.151108 0.820275 0.043403 0.048611
0 0.161042 0.855350 0.043403 0.048611
0 0.210150 0.825537 0.043403 0.048611
0 0.192608 0.784325 0.043403 0.048611
0 0.166308 0.768537 0.043403 0.048611
0 0.198458 0.897437 0.043403 0.048611
0 0.190275 0.860600 0.043403 0.048611
0 0.243467 0.893925 0.043403 0.048611
0 0.249317 0.846575 0.043403 0.048611
0 0.224175 0.939525 0.043403 0.048611
0 0.236450 0.968450 0.043403 0.048611
0 0.268017 0.986862 0.043403 0.048611
0 0.316533 0.945662 0.043403 0.048611
0 0.291400 0.904450 0.043403 0.048611
0 0.331733 0.863237 0.043403 0.048611
0 0.352775 0.914087 0.043403 0.048611
0 0.361550 0.963200 0.043403 0.048611
0 0.403050 0.923737 0.043403 0.048611
0 0.418250 0.984237 0.043403 0.048611
0 0.446892 0.926363 0.043403 0.048611
0 0.485467 0.943900 0.043403 0.048611
0 0.488975 0.993888 0.043403 0.048611
0 0.465008 0.984237 0.043403 0.048611
0 0.543925 0.991250 0.043403 0.048611
0 0.599458 0.987750 0.043403 0.048611
0 0.604133 0.957063 0.043403 0.048611
0 0.597700 0.919350 0.043403 0.048611
0 0.545092 0.944775 0.043403 0.048611
0 0.516450 0.930750 0.043403 0.048611
0 0.566142 0.909712 0.043403 0.048611
0 0.533992 0.882525 0.043403 0.048611
0 0.557958 0.876387 0.043403 0.048611
0 0.492483 0.891300 0.043403 0.048611
0 0.488392 0.855350 0.043403 0.048611
0 0.443967 0.865862 0.043403 0.048611
0 0.477875 0.825537 0.043403 0.048611
0 0.415908 0.838687 0.043403 0.048611
0 0.390775 0.867625 0.043403 0.048611
0 0.369142 0.841312 0.043403 0.048611
0 0.358625 0.794850 0.043403 0.048611
0 0.418250 0.789587 0.043403 0.048611
0 0.438125 0.742237 0.043403 0.048611
0 0.436367 0.694013 0.043403 0.048611
0 0.419417 0.649287 0.043403 0.048611
0 0.382592 0.687000 0.043403 0.048611
0 0.352192 0.649287 0.043403 0.048611
0 0.330567 0.772050 0.043403 0.048611
0 0.299000 0.803612 0.043403 0.048611
0 0.278542 0.846575 0.043403 0.048611
0 0.258083 0.755387 0.043403 0.048611
0 0.296075 0.758012 0.043403 0.048611
0 0.280292 0.725575 0.043403 0.048611
0 0.273275 0.694887 0.043403 0.048611
0 0.308350 0.678225 0.043403 0.048611
0 0.265092 0.659813 0.043403 0.048611
0 0.224175 0.729963 0.043403 0.048611
0 0.235283 0.808875 0.043403 0.048611
0 0.168058 0.700150 0.043403 0.048611
0 0.116033 0.741363 0.043403 0.048611
0 0.569058 0.862363 0.043403 0.048611
0 0.566142 0.838687 0.043403 0.048611
0 0.603550 0.819400 0.043403 0.048611
0 0.636283 0.838687 0.043403 0.048611
0 0.594783 0.754513 0.043403 0.048611
0 0.566142 0.780813 0.043403 0.048611
0 0.538667 0.759775 0.043403 0.048611
0 0.526975 0.741363 0.043403 0.048611
0 0.508850 0.788713 0.043403 0.048611
0 0.526392 0.697512 0.043403 0.048611
0 0.535158 0.660687 0.043403 0.048611
0 0.580167 0.671213 0.043403 0.048611
0 0.507100 0.629125 0.043403 0.048611
0 0.486058 0.678225 0.043403 0.048611
0 0.462675 0.624738 0.043403 0.048611
0 0.499500 0.587037 0.043403 0.048611
0 0.460917 0.573013 0.043403 0.048611
0 0.438125 0.589662 0.043403 0.048611
0 0.406558 0.608962 0.043403 0.048611
0 0.377325 0.588787 0.043403 0.048611
0 0.343425 0.568625 0.043403 0.048611
0 0.350442 0.614212 0.043403 0.048611
0 0.299583 0.619475 0.043403 0.048611
0 0.323550 0.633513 0.043403 0.048611
0 0.232358 0.619475 0.043403 0.048611
0 0.224175 0.665075 0.043403 0.048611
0 0.197875 0.651050 0.043403 0.048611
0 0.177417 0.622987 0.043403 0.048611
0 0.131233 0.650162 0.043403 0.048611
0 0.123633 0.687875 0.043403 0.048611
0 0.087975 0.657187 0.043403 0.048611
0 0.073950 0.689625 0.043403 0.048611
0 0.049983 0.646663 0.043403 0.048611
0 0.016075 0.613337 0.043403 0.048611
0 0.060500 0.583525 0.043403 0.048611
0 0.027767 0.473050 0.043403 0.048611
0 0.033617 0.438850 0.043403 0.048611
0 0.062842 0.477437 0.043403 0.048611
0 0.111942 0.447625 0.043403 0.048611
0 0.055825 0.513387 0.043403 0.048611
0 0.011400 0.504613 0.043403 0.048611
0 0.021342 0.539687 0.043403 0.048611
0 0.082133 0.537062 0.043403 0.048611
0 0.111942 0.570375 0.043403 0.048611
0 0.099667 0.544075 0.043403 0.048611
0 0.130067 0.518650 0.043403 0.048611
0 0.147017 0.544950 0.043403 0.048611
0 0.149358 0.577388 0.043403 0.048611
0 0.129483 0.610712 0.043403 0.048611
0 0.203133 0.563362 0.043403 0.048611
0 0.212483 0.529162 0.043403 0.048611
0 0.179167 0.526537 0.043403 0.048611
0 0.190858 0.491462 0.043403 0.048611
0 0.151692 0.487075 0.043403 0.048611
0 0.228850 0.487950 0.043403 0.048611
0 0.264508 0.484450 0.043403 0.048611
0 0.306017 0.510750 0.043403 0.048611
0 0.305433 0.545825 0.043403 0.048611
0 0.277375 0.554600 0.043403 0.048611
0 0.246392 0.565987 0.043403 0.048611
0 0.280292 0.586163 0.043403 0.048611
0 0.263342 0.515138 0.043403 0.048611
0 0.271525 0.535300 0.043403 0.048611
0 0.413575 0.531800 0.043403 0.048611
0 0.440458 0.514262 0.043403 0.048611
0 0.487225 0.538813 0.043403 0.048611
0 0.541583 0.567750 0.043403 0.048611
0 0.450983 0.466037 0.043403 0.048611
0 0.456825 0.430087 0.043403 0.048611
0 0.422342 0.409037 0.043403 0.048611
0 0.418833 0.472175 0.043403 0.048611
0 0.377325 0.480938 0.043403 0.048611
0 0.347517 0.449375 0.043403 0.048611
0 0.329983 0.472175 0.043403 0.048611
0 0.333492 0.496725 0.043403 0.048611
0 0.301925 0.442362 0.043403 0.048611
0 0.295492 0.484450 0.043403 0.048611
0 0.255742 0.433588 0.043403 0.048611
0 0.235283 0.404662 0.043403 0.048611
0 0.102008 0.486200 0.043403 0.048611
0 0.091483 0.497600 0.043403 0.048611
0 0.954275 0.951800 0.043403 0.048611
0 0.982333 0.904450 0.043403 0.048611
0 0.976492 0.852712 0.043403 0.048611
0 0.916283 0.907950 0.043403 0.048611
0 0.911608 0.986862 0.043403 0.048611
0 0.989350 0.993888 0.043403 0.048611
0 0.874192 0.995637 0.043403 0.048611
0 0.786517 0.993888 0.043403 0.048611
0 0.763717 0.943900 0.043403 0.048611
0 0.813400 0.944775 0.043403 0.048611
0 0.837950 0.881650 0.043403 0.048611
0 0.886475 0.871125 0.043403 0.048611
0 0.866600 0.949163 0.043403 0.048611
0 0.876533 0.909712 0.043403 0.048611
0 0.908683 0.822900 0.043403 0.048611
0 0.907517 0.774675 0.043403 0.048611
0 0.877117 0.821150 0.043403 0.048611
0 0.844383 0.790462 0.043403 0.048611
0 0.844383 0.837812 0.043403 0.048611
0 0.824508 0.755387 0.043403 0.048611
0 0.818075 0.737850 0.043403 0.048611
0 0.882967 0.708037 0.043403 0.048611
0 0.866600 0.729087 0.043403 0.048611
0 0.842042 0.711550 0.043403 0.048611
0 0.880042 0.669462 0.043403 0.048611
0 0.943758 0.679975 0.043403 0.048611
0 0.990525 0.694013 0.043403 0.048611
0 0.993442 0.660687 0.043403 0.048611
0 0.979417 0.631750 0.043403 0.048611
0 0.940833 0.616850 0.043403 0.048611
0 0.954867 0.562487 0.043403 0.048611
0 0.992275 0.549338 0.043403 0.048611
0 0.989350 0.591425 0.043403 0.048611
0 0.744425 0.896550 0.043403 0.048611
0 0.787100 0.859725 0.043403 0.048611
0 0.792358 0.900937 0.043403 0.048611
0 0.813400 0.868500 0.043403 0.048611
0 0.808142 0.836050 0.043403 0.048611
0 0.765467 0.829037 0.043403 0.048611
0 0.770733 0.751875 0.043403 0.048611
0 0.747933 0.770287 0.043403 0.048611
0 0.737408 0.786075 0.043403 0.048611
0 0.722217 0.857975 0.043403 0.048611
0 0.719292 0.821150 0.043403 0.048611
0 0.706433 0.916725 0.043403 0.048611
0 0.681875 0.951800 0.043403 0.048611
0 0.690067 0.989500 0.043403 0.048611
0 0.732150 0.988625 0.043403 0.048611
0 0.734492 0.952675 0.043403 0.048611
0 0.636283 0.968450 0.043403 0.048611
0 0.631608 0.917600 0.043403 0.048611
0 0.644467 0.890413 0.043403 0.048611
0 0.674283 0.875513 0.043403 0.048611
0 0.808142 0.786950 0.043403 0.048611
0 0.697075 0.690500 0.043403 0.048611
0 0.730983 0.627375 0.043403 0.048611
0 0.785342 0.627375 0.043403 0.048611
0 0.820417 0.651925 0.043403 0.048611
0 0.800542 0.690500 0.043403 0.048611
0 0.857242 0.628250 0.043403 0.048611
0 0.958958 0.409912 0.043403 0.048611
0 0.992858 0.412550 0.043403 0.048611
0 0.984675 0.455512 0.043403 0.048611
0 0.970650 0.505487 0.043403 0.048611
0 0.936158 0.432712 0.043403 0.048611
0 0.925050 0.492338 0.043403 0.048611
0 0.905758 0.522150 0.043403 0.048611
0 0.882967 0.485325 0.043403 0.048611
0 0.902842 0.455512 0.043403 0.048611
0 0.897575 0.416063 0.043403 0.048611
0 0.928558 0.373975 0.043403 0.048611
0 0.904008 0.367825 0.043403 0.048611
0 0.886475 0.352925 0.043403 0.048611
0 0.852567 0.339775 0.043403 0.048611
0 0.858417 0.370462 0.043403 0.048611
0 0.863675 0.399400 0.043403 0.048611
0 0.856658 0.438850 0.043403 0.048611
0 0.823342 0.415175 0.043403 0.048611
0 0.834450 0.448500 0.043403 0.048611
0 0.785342 0.426575 0.043403 0.048611
0 0.805800 0.470425 0.043403 0.048611
0 0.835033 0.501112 0.043403 0.048611
0 0.807558 0.509875 0.043403 0.048611
0 0.858417 0.544075 0.043403 0.048611
0 0.867767 0.573013 0.043403 0.048611
0 0.824508 0.565987 0.043403 0.048611
0 0.779500 0.560737 0.043403 0.048611
0 0.792358 0.527412 0.043403 0.048611
0 0.767225 0.510750 0.043403 0.048611
0 0.780083 0.470425 0.043403 0.048611
0 0.747933 0.465162 0.043403 0.048611
0 0.740917 0.509875 0.043403 0.048611
0 0.736242 0.537938 0.043403 0.048611
0 0.729808 0.573887 0.043403 0.048611
0 0.754367 0.596688 0.043403 0.048611
0 0.891733 0.595800 0.043403 0.048611
0 0.901083 0.563362 0.043403 0.048611
0 0.723967 0.480938 0.043403 0.048611
0 0.704092 0.513387 0.043403 0.048611
0 0.690650 0.565113 0.043403 0.048611
0 0.672525 0.542325 0.043403 0.048611
0 0.695325 0.474800 0.043403 0.048611
0 0.698833 0.441487 0.043403 0.048611
0 0.694742 0.407287 0.043403 0.048611
0 0.656742 0.454637 0.043403 0.048611
0 0.656742 0.496725 0.043403 0.048611
0 0.637450 0.526537 0.043403 0.048611
0 0.618167 0.473925 0.043403 0.048611
0 0.597117 0.542325 0.043403 0.048611
0 0.618750 0.574762 0.043403 0.048611
0 0.546850 0.449375 0.043403 0.048611
0 0.553275 0.416938 0.043403 0.048611
0 0.574908 0.381862 0.043403 0.048611
0 0.612900 0.358188 0.043403 0.048611
0 0.644467 0.387125 0.043403 0.048611
0 0.588350 0.433588 0.043403 0.048611
0 0.612900 0.416063 0.043403 0.048611
0 0.672525 0.349412 0.043403 0.048611
0 0.726892 0.345037 0.043403 0.048611
0 0.775408 0.387125 0.043403 0.048611
0 0.936742 0.047787 0.043403 0.048611
0 0.989933 0.085500 0.043403 0.048611
0 0.961292 0.120563 0.043403 0.048611
0 0.972983 0.179312 0.043403 0.048611
0 0.992858 0.146875 0.043403 0.048611
0 0.981750 0.255600 0.043403 0.048611
0 0.995783 0.206500 0.043403 0.048611
0 0.997533 0.265237 0.043403 0.048611
0 0.990525 0.295938 0.043403 0.048611
0 0.949600 0.288912 0.043403 0.048611
0 0.967142 0.325737 0.043403 0.048611
0 0.935575 0.265237 0.043403 0.048611
0 0.904592 0.300312 0.043403 0.048611
0 0.923883 0.341525 0.043403 0.048611
0 0.894658 0.254725 0.043403 0.048611
0 0.928558 0.217013 0.043403 0.048611
0 0.925633 0.163525 0.043403 0.048611
0 0.888808 0.197725 0.043403 0.048611
0 0.887642 0.153887 0.043403 0.048611
0 0.905175 0.117062 0.043403 0.048611
0 0.908683 0.076725 0.043403 0.048611
0 0.884133 0.071462 0.043403 0.048611
0 0.894658 0.034638 0.043403 0.048611
0 0.860750 0.049550 0.043403 0.048611
0 0.855492 0.018850 0.043403 0.048611
0 0.916867 0.010963 0.043403 0.048611
0 0.787100 0.023237 0.043403 0.048611
0 0.825092 0.067962 0.043403 0.048611
0 0.818667 0.053925 0.043403 0.048611
0 0.804633 0.023237 0.043403 0.048611
0 0.799958 0.058312 0.043403 0.048611
0 0.862508 0.096888 0.043403 0.048611
0 0.847892 0.074100 0.043403 0.048611
0 0.868933 0.129337 0.043403 0.048611
0 0.855492 0.162650 0.043403 0.048611
0 0.844383 0.197725 0.043403 0.048611
0 0.839708 0.238062 0.043403 0.048611
0 0.860167 0.288912 0.043403 0.048611
0 0.868933 0.316100 0.043403 0.048611
0 0.830942 0.299437 0.043403 0.048611
0 0.777742 0.296812 0.043403 0.048611
0 0.799958 0.306450 0.043403 0.048611
0 0.797617 0.252087 0.043403 0.048611
0 0.804633 0.195975 0.043403 0.048611
0 0.804633 0.143362 0.043403 0.048611
0 0.829183 0.117937 0.043403 0.048611
0 0.815158 0.096013 0.043403 0.048611
0 0.779500 0.103025 0.043403 0.048611
0 0.771317 0.060937 0.043403 0.048611
0 0.748517 0.048662 0.043403 0.048611
0 0.725133 0.081988 0.043403 0.048611
0 0.746183 0.158275 0.043403 0.048611
0 0.774825 0.179312 0.043403 0.048611
0 0.760208 0.218775 0.043403 0.048611
0 0.754367 0.252962 0.043403 0.048611
0 0.790017 0.352925 0.043403 0.048611
0 0.752025 0.318725 0.043403 0.048611
0 0.725133 0.317850 0.043403 0.048611
0 0.719292 0.292425 0.043403 0.048611
0 0.712275 0.263487 0.043403 0.048611
0 0.711692 0.221400 0.043403 0.048611
0 0.670192 0.275763 0.043403 0.048611
0 0.659083 0.313463 0.043403 0.048611
0 0.681292 0.313463 0.043403 0.048611
0 0.744425 0.285413 0.043403 0.048611
0 0.716367 0.184575 0.043403 0.048611
0 0.707600 0.143362 0.043403 0.048611
0 0.680125 0.132837 0.043403 0.048611
0 0.665508 0.181950 0.043403 0.048611
0 0.657325 0.217013 0.043403 0.048611
0 0.652067 0.246825 0.043403 0.048611
0 0.634533 0.200362 0.043403 0.048611
0 0.621667 0.170550 0.043403 0.048611
0 0.694158 0.085500 0.043403 0.048611
0 0.698833 0.053050 0.043403 0.048611
0 0.719292 0.007462 0.043403 0.048611
0 0.674867 0.052175 0.043403 0.048611
0 0.660833 0.031125 0.043403 0.048611
0 0.646808 0.053925 0.043403 0.048611
0 0.625175 0.050425 0.043403 0.048611
0 0.660833 0.111800 0.043403 0.048611
0 0.657325 0.081988 0.043403 0.048611
0 0.631025 0.136350 0.043403 0.048611
0 0.599458 0.105662 0.043403 0.048611
0 0.591858 0.141613 0.043403 0.048611
0 0.574908 0.190712 0.043403 0.048611
0 0.539833 0.226662 0.043403 0.048611
0 0.532233 0.187200 0.043403 0.048611
0 0.539250 0.150375 0.043403 0.048611
0 0.552108 0.121437 0.043403 0.048611
0 0.564383 0.086375 0.043403 0.048611
0 0.595950 0.031125 0.043403 0.048611
0 0.600042 0.074100 0.043403 0.048611
0 0.631608 0.107413 0.043403 0.048611
0 0.620500 0.097775 0.043403 0.048611
0 0.830358 0.175813 0.043403 0.048611
0 0.944925 0.007462 0.043403 0.048611
0 0.206642 0.391500 0.043403 0.048611
0 0.216575 0.350300 0.043403 0.048611
0 0.273275 0.345913 0.043403 0.048611
0 0.256325 0.305575 0.043403 0.048611
0 0.301333 0.275763 0.043403 0.048611
0 0.306600 0.309088 0.043403 0.048611
0 0.325892 0.316975 0.043403 0.048611
0 0.349858 0.343275 0.043403 0.048611
0 0.355700 0.300312 0.043403 0.048611
0 0.393700 0.316100 0.043403 0.048611
0 0.432858 0.323112 0.043403 0.048611
0 0.467350 0.345037 0.043403 0.048611
0 0.435783 0.277512 0.043403 0.048611
0 0.436367 0.202113 0.043403 0.048611
0 0.373233 0.230175 0.043403 0.048611
0 0.358042 0.267000 0.043403 0.048611
0 0.558542 0.014475 0.043403 0.048611
0 0.525217 0.003950 0.043403 0.048611
0 0.533400 0.050425 0.043403 0.048611
0 0.501842 0.048662 0.043403 0.048611
0 0.514700 0.085500 0.043403 0.048611
0 0.511775 0.130212 0.043403 0.048611
0 0.477283 0.110925 0.043403 0.048611
0 0.469100 0.068837 0.043403 0.048611
0 0.465592 0.028500 0.043403 0.048611
0 0.476117 0.008337 0.043403 0.048611
0 0.439292 0.024987 0.043403 0.048611
0 0.431692 0.069712 0.043403 0.048611
0 0.453317 0.130212 0.043403 0.048611
0 0.421167 0.138975 0.043403 0.048611
0 0.393108 0.138975 0.043403 0.048611
0 0.383758 0.109162 0.043403 0.048611
0 0.406558 0.082863 0.043403 0.048611
0 0.390192 0.067075 0.043403 0.048611
0 0.393700 0.019737 0.043403 0.048611
0 0.420000 0.003950 0.043403 0.048611
0 0.371483 0.060937 0.043403 0.048611
0 0.374408 0.028500 0.043403 0.048611
0 0.360375 0.043412 0.043403 0.048611
0 0.353950 0.096013 0.043403 0.048611
0 0.352192 0.143362 0.043403 0.048611
0 0.370900 0.181062 0.043403 0.048611
0 0.307767 0.214387 0.043403 0.048611
0 0.311858 0.172300 0.043403 0.048611
0 0.304258 0.109162 0.043403 0.048611
0 0.284967 0.088125 0.043403 0.048611
0 0.318875 0.056562 0.043403 0.048611
0 0.290817 0.046038 0.043403 0.048611
0 0.342842 0.034638 0.043403 0.048611
0 0.308350 0.003950 0.043403 0.048611
0 0.337583 0.113550 0.043403 0.048611
0 0.266850 0.132837 0.043403 0.048611
0 0.266850 0.169675 0.043403 0.048611
0 0.271525 0.209125 0.043403 0.048611
0 0.256908 0.235425 0.043403 0.048611
0 0.282050 0.235425 0.043403 0.048611
0 0.217158 0.230175 0.043403 0.048611
0 0.230608 0.172300 0.043403 0.048611
0 0.236450 0.202113 0.043403 0.048611
0 0.178583 0.211762 0.043403 0.048611
0 0.071025 0.269625 0.043403 0.048611
0 0.071608 0.226662 0.043403 0.048611
0 0.069858 0.193337 0.043403 0.048611
0 0.032442 0.208250 0.043403 0.048611
0 0.021342 0.233675 0.043403 0.048611
0 0.013158 0.182825 0.043403 0.048611
0 0.054075 0.174925 0.043403 0.048611
0 0.034200 0.164412 0.043403 0.048611
0 0.011983 0.142487 0.043403 0.048611
0 0.064008 0.112675 0.043403 0.048611
0 0.055825 0.144237 0.043403 0.048611
0 0.090317 0.150375 0.043403 0.048611
0 0.125975 0.189837 0.043403 0.048611
0 0.104342 0.189837 0.043403 0.048611
0 0.153450 0.171425 0.043403 0.048611
0 0.136492 0.133725 0.043403 0.048611
0 0.106100 0.107413 0.043403 0.048611
0 0.097917 0.074100 0.043403 0.048611
0 0.082133 0.066200 0.043403 0.048611
0 0.068100 0.039025 0.043403 0.048611
0 0.057000 0.012712 0.043403 0.048611
0 0.090317 0.027625 0.043403 0.048611
0 0.028942 0.003950 0.043403 0.048611
0 0.047058 0.087250 0.043403 0.048611
0 0.038875 0.069712 0.043403 0.048611
0 0.006725 0.084612 0.043403 0.048611
0 0.127725 0.087250 0.043403 0.048611
0 0.130067 0.074975 0.043403 0.048611
0 0.130067 0.053925 0.043403 0.048611
0 0.127142 0.034638 0.043403 0.048611
0 0.102592 0.042525 0.043403 0.048611
0 0.147017 0.011838 0.043403 0.048611
0 0.180333 0.072337 0.043403 0.048611
0 0.200208 0.113550 0.043403 0.048611
0 0.225933 0.129337 0.043403 0.048611
0 0.234117 0.087250 0.043403 0.048611
0 0.213067 0.080238 0.043403 0.048611
0 0.202550 0.159150 0.043403 0.048611
0 0.179167 0.130212 0.043403 0.048611
0 0.162217 0.102150 0.043403 0.048611
0 0.153450 0.069712 0.043403 0.048611
0 0.244633 0.008337 0.043403 0.048611
0 0.187350 0.009213 0.043403 0.048611
0 0.214242 0.026750 0.043403 0.048611
0 0.204883 0.039025 0.043403 0.048611
0 0.239375 0.054800 0.043403 0.048611
0 0.270358 0.091637 0.043403 0.048611
0 0.258667 0.084612 0.043403 0.048611
0 0.032442 0.043412 0.043403 0.048611
0 0.266267 0.018850 0.043403 0.048611