0 0.503467 0.982033 0.135417 0.153646
0 0.646683 0.982033 0.135417 0.153646
0 0.156983 0.148433 0.135417 0.153646
0 0.318217 0.121000 0.135417 0.153646
0 0.489733 0.091833 0.135417 0.153646
0 0.623533 0.052367 0.135417 0.153646
0 0.751317 0.045500 0.135417 0.153646
0 0.900550 0.030067 0.135417 0.153646
0 0.906550 0.326800 0.135417 0.153646
0 0.801917 0.350833 0.135417 0.153646
0 0.645833 0.357700 0.135417 0.153646
0 0.497450 0.392000 0.135417 0.153646
0 0.344800 0.410867 0.135417 0.153646
0 0.238450 0.424600 0.135417 0.153646
0 0.130383 0.446900 0.135417 0.153646
0 0.122667 0.738467 0.135417 0.153646
0 0.239300 0.721333 0.135417 0.153646
0 0.355950 0.709333 0.135417 0.153646
0 0.504317 0.697300 0.135417 0.153646
0 0.626950 0.680167 0.135417 0.153646
0 0.753033 0.659567 0.135417 0.153646
0 0.912550 0.633833 0.135417 0.153646
0 0.928850 0.961467 0.135417 0.153646
0 0.790767 0.985467 0.135417 0.153646