0 0.099262 0.136398 0.217014 0.150174
0 0.406138 0.137917 0.217014 0.150174
0 0.628225 0.139437 0.217014 0.150174
0 0.892700 0.134897 0.217014 0.150174
0 0.857375 0.371257 0.217014 0.150174
0 0.654463 0.377317 0.217014 0.150174
0 0.379887 0.374278 0.217014 0.150174
0 0.140650 0.381857 0.217014 0.150174
0 0.164875 0.622758 0.217014 0.150174
0 0.377875 0.616698 0.217014 0.150174
0 0.677687 0.597017 0.217014 0.150174
0 0.887650 0.600038 0.217014 0.150174
0 0.874525 0.840957 0.217014 0.150174
0 0.671625 0.839437 0.217014 0.150174
0 0.368787 0.851557 0.217014 0.150174
0 0.130550 0.831857 0.217014 0.150174