0 0.141639 0.129437 0.055917 0.079861
0 0.078843 0.332459 0.055917 0.079861
0 0.078843 0.415393 0.055917 0.079861
0 0.076685 0.501778 0.055917 0.079861
0 0.082083 0.582993 0.055917 0.079861
0 0.137157 0.510430 0.055917 0.079861
0 0.204111 0.508696 0.055917 0.079861
0 0.198713 0.401570 0.055917 0.079861
0 0.206269 0.263333 0.055917 0.079861
0 0.131759 0.304815 0.055917 0.079861
0 0.073444 0.176948 0.055917 0.079861
0 0.070204 0.095733 0.055917 0.079861
0 0.139315 0.038711 0.055917 0.079861
0 0.208435 0.088830 0.055917 0.079861
0 0.314259 0.011067 0.055917 0.079861
0 0.301306 0.249511 0.055917 0.079861
0 0.374741 0.213230 0.055917 0.079861
0 0.296981 0.398119 0.055917 0.079861
0 0.372574 0.363556 0.055917 0.079861
0 0.386620 0.513881 0.055917 0.079861
0 0.309944 0.519067 0.055917 0.079861
0 0.247306 0.498326 0.055917 0.079861
0 0.210593 0.622741 0.055917 0.079861
0 0.139315 0.614089 0.055917 0.079861
0 0.317500 0.664207 0.055917 0.079861
0 0.386620 0.665926 0.055917 0.079861
0 0.479491 0.688400 0.055917 0.079861
0 0.481648 0.515600 0.055917 0.079861
0 0.478407 0.356637 0.055917 0.079861
0 0.474093 0.176948 0.055917 0.079861
0 0.590722 0.145837 0.055917 0.079861
0 0.586398 0.348000 0.055917 0.079861
0 0.589639 0.539793 0.055917 0.079861
0 0.602602 0.736770 0.055917 0.079861
0 0.802380 0.790341 0.055917 0.079861
0 0.777546 0.546711 0.055917 0.079861
0 0.782944 0.316904 0.055917 0.079861
0 0.780787 0.087096 0.055917 0.079861
0 0.955731 0.049081 0.055917 0.079861
0 0.960056 0.318637 0.055917 0.079861
0 0.964370 0.567437 0.055917 0.079861
0 0.968472 0.851674 0.055917 0.079861
0 0.136241 0.411644 0.055917 0.079861