0 0.075024 0.025083 0.172386 0.060764
0 0.279670 0.061447 0.172386 0.060764
0 0.095489 0.114174 0.172386 0.060764
0 0.077298 0.195992 0.172386 0.060764
0 0.270575 0.141447 0.172386 0.060764
0 0.300134 0.192356 0.172386 0.060764
0 0.156883 0.232356 0.172386 0.060764
0 0.165978 0.325083 0.172386 0.060764
0 0.286491 0.266901 0.172386 0.060764
0 0.184169 0.370538 0.172386 0.060764
0 0.179621 0.435992 0.172386 0.060764
0 0.186443 0.501447 0.172386 0.060764
0 0.188716 0.608719 0.172386 0.060764
0 0.197812 0.675992 0.172386 0.060764
0 0.209181 0.734174 0.172386 0.060764
0 0.211455 0.810538 0.172386 0.060764
0 0.361528 0.792356 0.172386 0.060764
0 0.345611 0.743265 0.172386 0.060764
0 0.345611 0.668719 0.172386 0.060764
0 0.325147 0.583265 0.172386 0.060764
0 0.329694 0.494174 0.172386 0.060764
0 0.329694 0.443265 0.172386 0.060764
0 0.313778 0.397810 0.172386 0.060764
0 0.306956 0.337810 0.172386 0.060764
0 0.482042 0.054174 0.172386 0.060764
0 0.491137 0.126901 0.172386 0.060764
0 0.482042 0.208719 0.172386 0.060764
0 0.486589 0.266901 0.172386 0.060764
0 0.484315 0.334174 0.172386 0.060764
0 0.482042 0.392356 0.172386 0.060764
0 0.502506 0.455992 0.172386 0.060764
0 0.504780 0.510538 0.172386 0.060764
0 0.511601 0.561447 0.172386 0.060764
0 0.684413 0.512356 0.172386 0.060764
0 0.695782 0.428719 0.172386 0.060764
0 0.704878 0.372356 0.172386 0.060764
0 0.693509 0.308719 0.172386 0.060764
0 0.684413 0.246901 0.172386 0.060764
0 0.679866 0.185083 0.172386 0.060764
0 0.679866 0.117810 0.172386 0.060764
0 0.673044 0.055992 0.172386 0.060764
0 0.870868 0.026901 0.172386 0.060764
0 0.875416 0.101447 0.172386 0.060764
0 0.884511 0.174174 0.172386 0.060764
0 0.873142 0.239629 0.172386 0.060764
0 0.873142 0.286901 0.172386 0.060764
0 0.875416 0.355992 0.172386 0.060764
0 0.870868 0.412356 0.172386 0.060764
0 0.879963 0.486901 0.172386 0.060764
0 0.854951 0.545083 0.172386 0.060764
0 0.741259 0.554174 0.172386 0.060764
0 0.536614 0.646901 0.172386 0.060764
0 0.723068 0.643265 0.172386 0.060764
0 0.893606 0.606901 0.172386 0.060764
0 0.891333 0.681447 0.172386 0.060764
0 0.761724 0.688719 0.172386 0.060764
0 0.582090 0.712356 0.172386 0.060764
0 0.541161 0.779629 0.172386 0.060764
0 0.720795 0.761447 0.172386 0.060764
0 0.907249 0.726901 0.172386 0.060764
0 0.918619 0.799629 0.172386 0.060764
0 0.770819 0.815992 0.172386 0.060764
0 0.588912 0.837810 0.172386 0.060764
0 0.404731 0.839629 0.172386 0.060764
0 0.209181 0.879629 0.172386 0.060764
0 0.202359 0.943265 0.172386 0.060764
0 0.366076 0.923265 0.172386 0.060764
0 0.554804 0.899629 0.172386 0.060764
0 0.741259 0.894174 0.172386 0.060764
0 0.916345 0.861447 0.172386 0.060764
0 0.920892 0.925083 0.172386 0.060764
0 0.782188 0.946901 0.172386 0.060764
0 0.609377 0.959629 0.172386 0.060764
0 0.381993 0.963265 0.172386 0.060764
0 0.927714 0.981447 0.172386 0.060764
0 0.641210 0.005083 0.172386 0.060764
0 0.245733 0.994174 0.172386 0.060764
0 0.813667 0.993011 0.172386 0.060764
0 0.457812 0.006950 0.172386 0.060764