0 0.157668 0.542110 0.171875 0.207465
0 0.330447 0.652350 0.171875 0.207465
0 0.266741 0.477266 0.171875 0.207465
0 0.299137 0.394580 0.171875 0.207465
0 0.468690 0.414053 0.171875 0.207465
0 0.453562 0.566427 0.171875 0.207465
0 0.562636 0.592374 0.171875 0.207465
0 0.688978 0.673429 0.171875 0.207465
0 0.744058 0.770695 0.171875 0.207465
0 0.744058 0.519424 0.171875 0.207465
0 0.819649 0.381631 0.171875 0.207465
0 0.661981 0.320024 0.171875 0.207465
0 0.596118 0.375132 0.171875 0.207465
0 0.273211 0.063885 0.171875 0.207465
0 0.201949 0.144940 0.171875 0.207465
0 0.008323 0.268297 0.171875 0.207465