0 0.180708 0.676559 0.090278 0.137153
0 0.248723 0.561363 0.090278 0.137153
0 0.212100 0.401651 0.090278 0.137153
0 0.287092 0.684411 0.090278 0.137153
0 0.426623 0.584919 0.090278 0.137153
0 0.398715 0.493291 0.090278 0.137153
0 0.398715 0.370231 0.090278 0.137153
0 0.390000 0.234088 0.090278 0.137153
0 0.480692 0.210520 0.090278 0.137153
0 0.496392 0.372852 0.090278 0.137153
0 0.505108 0.464492 0.090278 0.137153
0 0.515577 0.558741 0.090278 0.137153
0 0.599292 0.524700 0.090278 0.137153
0 0.601038 0.422598 0.090278 0.137153
0 0.578362 0.333580 0.090278 0.137153
0 0.648123 0.205289 0.090278 0.137153
0 0.667315 0.330958 0.090278 0.137153
0 0.684754 0.438303 0.090278 0.137153
0 0.744054 0.341432 0.090278 0.137153
0 0.735331 0.262887 0.090278 0.137153
0 0.839977 0.299538 0.090278 0.137153
0 0.857423 0.181721 0.090278 0.137153
0 0.951600 0.042956 0.090278 0.137153