0 0.121425 0.084902 0.291667 0.215278
0 0.415717 0.036418 0.291667 0.215278
0 0.347475 0.127330 0.291667 0.215278
0 0.609783 0.034902 0.291667 0.215278
0 0.878483 0.036418 0.291667 0.215278
0 0.805975 0.128845 0.291667 0.215278
0 0.985117 0.203085 0.291667 0.215278
0 0.985117 0.101569 0.291667 0.215278
0 0.857158 0.362179 0.291667 0.215278
0 0.720675 0.230361 0.291667 0.215278
0 0.526608 0.369751 0.291667 0.215278
0 0.430642 0.236418 0.291667 0.215278
0 0.161942 0.268236 0.291667 0.215278
0 0.025458 0.431871 0.291667 0.215278
0 0.191800 0.397028 0.291667 0.215278
0 0.189667 0.619751 0.291667 0.215278
0 0.057442 0.827330 0.291667 0.215278
0 0.398658 0.822783 0.291667 0.215278
0 0.554333 0.592481 0.291667 0.215278
0 0.931800 0.563694 0.291667 0.215278
0 0.771858 0.775814 0.291667 0.215278
0 0.893417 0.918236 0.291667 0.215278
0 0.667358 0.453085 0.291667 0.215278