0 0.492304 0.263382 0.052288 0.042535
0 0.535804 0.272852 0.052288 0.042535
0 0.569489 0.272852 0.052288 0.042535
0 0.554054 0.307571 0.052288 0.042535
0 0.643859 0.323358 0.052288 0.042535
0 0.374424 0.289690 0.052288 0.042535
0 0.423543 0.269698 0.052288 0.042535
0 0.228489 0.171842 0.052288 0.042535
0 0.817870 0.280220 0.052288 0.042535
0 0.854359 0.289690 0.052288 0.042535
0 0.890837 0.254963 0.052288 0.042535
0 0.941359 0.282323 0.052288 0.042535
0 0.913293 0.310733 0.052288 0.042535
0 0.927326 0.363341 0.052288 0.042535
0 0.986261 0.357025 0.052288 0.042535
0 0.997489 0.387539 0.052288 0.042535
0 0.979250 0.403325 0.052288 0.042535
0 0.932935 0.434890 0.052288 0.042535
0 0.844533 0.388590 0.052288 0.042535
0 0.809446 0.381231 0.052288 0.042535
0 0.837511 0.412795 0.052288 0.042535
0 0.749109 0.402274 0.052288 0.042535
0 0.744902 0.427522 0.052288 0.042535
0 0.694380 0.447514 0.052288 0.042535
0 0.707011 0.464352 0.052288 0.042535
0 0.607370 0.454882 0.052288 0.042535
0 0.596152 0.494866 0.052288 0.042535
0 0.552641 0.503284 0.052288 0.042535
0 0.490902 0.526430 0.052288 0.042535
0 0.584924 0.569568 0.052288 0.042535
0 0.635446 0.573782 0.052288 0.042535
0 0.695783 0.586406 0.052288 0.042535
0 0.770152 0.555892 0.052288 0.042535
0 0.840326 0.576936 0.052288 0.042535
0 0.805239 0.645330 0.052288 0.042535
0 0.729457 0.623227 0.052288 0.042535
0 0.876804 0.693725 0.052288 0.042535
0 0.833304 0.787376 0.052288 0.042535
0 0.879620 0.839984 0.052288 0.042535
0 0.826293 0.835770 0.052288 0.042535
0 0.796261 0.752649 0.052288 0.042535
0 0.730022 0.721190 0.052288 0.042535
0 0.588707 0.778215 0.052288 0.042535
0 0.560500 0.790636 0.052288 0.042535
0 0.532293 0.781165 0.052288 0.042535
0 0.491326 0.754857 0.052288 0.042535
0 0.565413 0.648166 0.052288 0.042535
0 0.598533 0.615232 0.052288 0.042535
0 0.526402 0.599136 0.052288 0.042535
0 0.509848 0.637857 0.052288 0.042535
0 0.372467 0.585249 0.052288 0.042535
0 0.414283 0.550212 0.052288 0.042535
0 0.384109 0.510016 0.052288 0.042535
0 0.344120 0.549470 0.052288 0.042535
0 0.303283 0.551679 0.052288 0.042535
0 0.268196 0.593350 0.052288 0.042535
0 0.330500 0.619658 0.052288 0.042535
0 0.200837 0.651011 0.052288 0.042535
0 0.372467 0.460350 0.052288 0.042535
0 0.299348 0.406267 0.052288 0.042535
0 0.292478 0.431842 0.052288 0.042535
0 0.234935 0.444988 0.052288 0.042535
0 0.378217 0.372706 0.052288 0.042535
0 0.346076 0.358818 0.052288 0.042535
0 0.022196 0.665216 0.052288 0.042535
0 0.008022 0.700041 0.052288 0.042535
0 0.543522 0.922787 0.052288 0.042535
0 0.098674 0.131858 0.052288 0.042535
0 0.866848 0.125338 0.052288 0.042535
0 0.852250 0.158060 0.052288 0.042535
0 0.994826 0.171214 0.052288 0.042535
0 0.659293 0.023904 0.052288 0.042535
0 0.846859 0.327221 0.052288 0.042535