0 0.061570 0.802037 0.022222 0.036458
0 0.039061 0.782556 0.022222 0.036458
0 0.040886 0.756250 0.022222 0.036458
0 0.026281 0.806910 0.022222 0.036458
0 0.028105 0.821531 0.022222 0.036458
0 0.011675 0.816657 0.022222 0.036458
0 0.006202 0.782556 0.022222 0.036458
0 0.004982 0.711433 0.022222 0.036458
0 0.022632 0.688048 0.022222 0.036458
0 0.020193 0.724101 0.022222 0.036458
0 0.036018 0.721180 0.022222 0.036458
0 0.039667 0.692921 0.022222 0.036458
0 0.052447 0.705590 0.022222 0.036458
0 0.073746 0.703638 0.022222 0.036458
0 0.093219 0.686096 0.022222 0.036458
0 0.066439 0.676362 0.022222 0.036458
0 0.066439 0.615955 0.022222 0.036458
0 0.065833 0.636404 0.022222 0.036458
0 0.033579 0.632514 0.022222 0.036458
0 0.102956 0.625688 0.022222 0.036458
0 0.098693 0.608160 0.022222 0.036458
0 0.084088 0.627640 0.022222 0.036458
0 0.118772 0.612051 0.022222 0.036458
0 0.300114 0.710463 0.022222 0.036458
0 0.287947 0.731896 0.022222 0.036458
0 0.264816 0.714354 0.022222 0.036458
0 0.250211 0.733848 0.022222 0.036458
0 0.230746 0.760154 0.022222 0.036458
0 0.260561 0.754298 0.022222 0.036458
0 0.260561 0.769888 0.022222 0.036458
0 0.284289 0.766966 0.022222 0.036458
0 0.306202 0.755281 0.022222 0.036458
0 0.329930 0.746503 0.022222 0.036458
0 0.336018 0.729944 0.022222 0.036458
0 0.326886 0.726053 0.022222 0.036458
0 0.357316 0.845885 0.022222 0.036458
0 0.314105 0.839073 0.022222 0.036458
0 0.312281 0.806910 0.022222 0.036458
0 0.331754 0.865379 0.022222 0.036458
0 0.317763 0.883890 0.022222 0.036458
0 0.292807 0.884860 0.022222 0.036458
0 0.291596 0.854663 0.022222 0.036458
0 0.284289 0.833216 0.022222 0.036458
0 0.261781 0.843933 0.022222 0.036458
0 0.242912 0.847837 0.022222 0.036458
0 0.254474 0.872191 0.022222 0.036458
0 0.256912 0.899480 0.022222 0.036458
0 0.235000 0.884860 0.022222 0.036458
0 0.397474 0.964761 0.022222 0.036458
0 0.412693 0.993989 0.022222 0.036458
0 0.364614 0.941376 0.022222 0.036458
0 0.372526 0.992037 0.022222 0.036458
0 0.341491 0.986194 0.022222 0.036458
0 0.323237 0.948188 0.022222 0.036458
0 0.309851 0.993989 0.022222 0.036458
0 0.284904 0.972556 0.022222 0.036458
0 0.477798 0.751376 0.022222 0.036458
0 0.456500 0.731896 0.022222 0.036458
0 0.443114 0.751376 0.022222 0.036458
0 0.424254 0.770871 0.022222 0.036458
0 0.418772 0.742612 0.022222 0.036458
0 0.395044 0.767949 0.022222 0.036458
0 0.404167 0.790351 0.022222 0.036458
0 0.433377 0.804972 0.022222 0.036458
0 0.444939 0.786461 0.022222 0.036458
0 0.471105 0.779635 0.022222 0.036458
0 0.388351 0.793272 0.022222 0.036458
0 0.409035 0.684157 0.022222 0.036458
0 0.404781 0.667584 0.022222 0.036458
0 0.440684 0.649073 0.022222 0.036458
0 0.416947 0.658820 0.022222 0.036458
0 0.421211 0.674410 0.022222 0.036458
0 0.425465 0.695843 0.022222 0.036458
0 0.440070 0.677331 0.022222 0.036458
0 0.455895 0.663694 0.022222 0.036458
0 0.469895 0.669537 0.022222 0.036458
0 0.491798 0.673427 0.022222 0.036458
0 0.463807 0.689017 0.022222 0.036458
0 0.506404 0.896559 0.022222 0.036458
0 0.536219 0.888764 0.022222 0.036458
0 0.553254 0.898497 0.022222 0.036458
0 0.514921 0.855632 0.022222 0.036458
0 0.508228 0.833216 0.022222 0.036458
0 0.454070 0.873174 0.022222 0.036458
0 0.447377 0.910197 0.022222 0.036458
0 0.468675 0.920913 0.022222 0.036458
0 0.476588 0.904354 0.022222 0.036458
0 0.533175 0.914087 0.022222 0.036458
0 0.563605 0.872191 0.022222 0.036458
0 0.552649 0.779635 0.022222 0.036458
0 0.580640 0.785478 0.022222 0.036458
0 0.568474 0.805941 0.022222 0.036458
0 0.587333 0.769888 0.022222 0.036458
0 0.601939 0.741629 0.022222 0.036458
0 0.607421 0.774761 0.022222 0.036458
0 0.604982 0.795225 0.022222 0.036458
0 0.614719 0.813736 0.022222 0.036458
0 0.626281 0.794256 0.022222 0.036458
0 0.639667 0.807893 0.022222 0.036458
0 0.646360 0.781587 0.022222 0.036458
0 0.667658 0.786461 0.022222 0.036458
0 0.628719 0.764045 0.022222 0.036458
0 0.619588 0.746503 0.022222 0.036458
0 0.614114 0.691952 0.022222 0.036458
0 0.600114 0.679284 0.022222 0.036458
0 0.610456 0.663694 0.022222 0.036458
0 0.592202 0.650056 0.022222 0.036458
0 0.589158 0.672458 0.022222 0.036458
0 0.567860 0.673427 0.022222 0.036458
0 0.573947 0.654916 0.022222 0.036458
0 0.552044 0.671489 0.022222 0.036458
0 0.531351 0.676362 0.022222 0.036458
0 0.538658 0.695843 0.022222 0.036458
0 0.549605 0.692921 0.022222 0.036458
0 0.583684 0.697795 0.022222 0.036458
0 0.564825 0.701685 0.022222 0.036458
0 0.662789 0.695843 0.022222 0.036458
0 0.660965 0.720197 0.022222 0.036458
0 0.673746 0.716306 0.022222 0.036458
0 0.687132 0.730913 0.022222 0.036458
0 0.696263 0.717275 0.022222 0.036458
0 0.718772 0.704607 0.022222 0.036458
0 0.709649 0.686096 0.022222 0.036458
0 0.730947 0.677331 0.022222 0.036458
0 0.741904 0.702669 0.022222 0.036458
0 0.752246 0.717275 0.022222 0.036458
0 0.727298 0.732865 0.022222 0.036458
0 0.711474 0.735787 0.022222 0.036458
0 0.718772 0.801067 0.022222 0.036458
0 0.743114 0.809831 0.022222 0.036458
0 0.747982 0.843933 0.022222 0.036458
0 0.717561 0.835169 0.022222 0.036458
0 0.730947 0.961826 0.022222 0.036458
0 0.699912 0.907275 0.022222 0.036458
0 0.666447 0.933581 0.022222 0.036458
0 0.643930 0.905323 0.022222 0.036458
0 0.626281 0.949171 0.022222 0.036458
0 0.604982 0.926756 0.022222 0.036458
0 0.643930 0.979368 0.022222 0.036458
0 0.671316 0.986194 0.022222 0.036458
0 0.687132 0.991067 0.022222 0.036458
0 0.696263 0.969621 0.022222 0.036458
0 0.716342 0.983272 0.022222 0.036458
0 0.714518 0.942346 0.022222 0.036458
0 0.674351 0.905323 0.022222 0.036458
0 0.771105 0.867317 0.022222 0.036458
0 0.777798 0.841011 0.022222 0.036458
0 0.786325 0.820562 0.022222 0.036458
0 0.818570 0.818610 0.022222 0.036458
0 0.824658 0.860506 0.022222 0.036458
0 0.803965 0.864396 0.022222 0.036458
0 0.802754 0.837121 0.022222 0.036458
0 0.727298 0.829326 0.022222 0.036458
0 0.580640 0.995927 0.022222 0.036458
0 0.990781 0.943315 0.022222 0.036458
0 0.995044 0.977416 0.022222 0.036458
0 0.986526 0.992037 0.022222 0.036458
0 0.743728 0.563343 0.022222 0.036458
0 0.455895 0.312935 0.022222 0.036458
0 0.419991 0.310014 0.022222 0.036458
0 0.391395 0.321699 0.022222 0.036458
0 0.264211 0.229143 0.022222 0.036458
0 0.246561 0.234017 0.022222 0.036458
0 0.215526 0.223301 0.022222 0.036458
0 0.224053 0.251559 0.022222 0.036458
0 0.204579 0.234986 0.022222 0.036458
0 0.190579 0.239860 0.022222 0.036458
0 0.204579 0.218427 0.022222 0.036458
0 0.221009 0.204789 0.022222 0.036458
0 0.237439 0.211601 0.022222 0.036458
0 0.255693 0.206742 0.022222 0.036458
0 0.273947 0.207711 0.022222 0.036458
0 0.243518 0.272992 0.022222 0.036458
0 0.210053 0.271039 0.022222 0.036458