0 0.700907 0.362964 0.381323 0.298611
0 0.835887 0.180750 0.381323 0.298611
0 0.455587 0.162098 0.381323 0.298611
0 0.265973 0.332830 0.381323 0.298611
0 0.114927 0.101839 0.381323 0.298611
0 0.069933 0.526518 0.381323 0.298611
0 0.289760 0.787786 0.381323 0.298611
0 0.482587 0.560518 0.381323 0.298611
0 0.709367 0.820920 0.381323 0.298611
0 0.928440 0.589500 0.381323 0.298611
0 0.967007 0.314759 0.381323 0.298611
0 0.976220 0.035848 0.381323 0.298611
0 0.652273 0.021357 0.381323 0.298611
0 0.295973 0.025518 0.381323 0.298611