0 0.561362 0.366217 0.085938 0.115451
0 0.503413 0.275300 0.085938 0.115451
0 0.528413 0.219250 0.085938 0.115451
0 0.594313 0.258633 0.085938 0.115451
0 0.611363 0.360150 0.085938 0.115451
0 0.677275 0.322267 0.085938 0.115451
0 0.701137 0.432883 0.085938 0.115451
0 0.656813 0.561667 0.085938 0.115451
0 0.581812 0.561667 0.085938 0.115451
0 0.482950 0.585917 0.085938 0.115451
0 0.544312 0.663183 0.085938 0.115451
0 0.476138 0.754083 0.085938 0.115451
0 0.432950 0.707117 0.085938 0.115451
0 0.587500 0.457117 0.085938 0.115451
0 0.620450 0.508633 0.085938 0.115451
0 0.712500 0.566217 0.085938 0.115451
0 0.665913 0.638933 0.085938 0.115451
0 0.623862 0.663183 0.085938 0.115451
0 0.622725 0.755600 0.085938 0.115451
0 0.619313 0.860150 0.085938 0.115451
0 0.543188 0.817733 0.085938 0.115451
0 0.527275 0.895000 0.085938 0.115451
0 0.686363 0.799550 0.085938 0.115451
0 0.703412 0.751067 0.085938 0.115451
0 0.661363 0.735917 0.085938 0.115451