0 0.025288 0.018757 0.067807 0.031250
0 0.100437 0.017249 0.067807 0.031250
0 0.168950 0.018757 0.067807 0.031250
0 0.239681 0.018757 0.067807 0.031250
0 0.325881 0.021791 0.067807 0.031250
0 0.408762 0.017249 0.067807 0.031250
0 0.485012 0.018757 0.067807 0.031250
0 0.569006 0.018757 0.067807 0.031250
0 0.650781 0.020274 0.067807 0.031250
0 0.730350 0.020274 0.067807 0.031250
0 0.812131 0.023308 0.067807 0.031250
0 0.893906 0.024824 0.067807 0.031250
0 0.974581 0.023308 0.067807 0.031250
0 0.969056 0.058158 0.067807 0.031250
0 0.927062 0.056641 0.067807 0.031250
0 0.889487 0.053608 0.067807 0.031250
0 0.847494 0.053608 0.067807 0.031250
0 0.807706 0.053608 0.067807 0.031250
0 0.767925 0.056641 0.067807 0.031250
0 0.728137 0.055124 0.067807 0.031250
0 0.686144 0.056641 0.067807 0.031250
0 0.647469 0.053608 0.067807 0.031250
0 0.606575 0.053608 0.067807 0.031250
0 0.566794 0.053608 0.067807 0.031250
0 0.527006 0.053608 0.067807 0.031250
0 0.485012 0.053608 0.067807 0.031250
0 0.447444 0.052091 0.067807 0.031250
0 0.406550 0.055124 0.067807 0.031250
0 0.365663 0.053608 0.067807 0.031250
0 0.325881 0.053608 0.067807 0.031250
0 0.286094 0.053608 0.067807 0.031250
0 0.247412 0.056641 0.067807 0.031250
0 0.206525 0.059666 0.067807 0.031250
0 0.166744 0.058158 0.067807 0.031250
0 0.122537 0.053608 0.067807 0.031250
0 0.062863 0.053608 0.067807 0.031250
0 0.007606 0.056641 0.067807 0.031250
0 0.020869 0.086941 0.067807 0.031250
0 0.103750 0.088458 0.067807 0.031250
0 0.173375 0.088458 0.067807 0.031250
0 0.250731 0.094516 0.067807 0.031250
0 0.326981 0.091491 0.067807 0.031250
0 0.409869 0.085424 0.067807 0.031250
0 0.487225 0.085424 0.067807 0.031250
0 0.567900 0.085424 0.067807 0.031250
0 0.650781 0.089974 0.067807 0.031250
0 0.728137 0.086941 0.067807 0.031250
0 0.809919 0.089974 0.067807 0.031250
0 0.886169 0.089974 0.067807 0.031250
0 0.971263 0.089974 0.067807 0.031250
0 0.987844 0.129366 0.067807 0.031250
0 0.953581 0.129366 0.067807 0.031250
0 0.918219 0.126332 0.067807 0.031250
0 0.880644 0.123308 0.067807 0.031250
0 0.840863 0.126332 0.067807 0.031250
0 0.799969 0.120274 0.067807 0.031250
0 0.760187 0.126332 0.067807 0.031250
0 0.719300 0.123308 0.067807 0.031250
0 0.679512 0.123308 0.067807 0.031250
0 0.641937 0.124824 0.067807 0.031250
0 0.604369 0.121791 0.067807 0.031250
0 0.562375 0.120274 0.067807 0.031250
0 0.523694 0.123308 0.067807 0.031250
0 0.483906 0.120274 0.067807 0.031250
0 0.445231 0.120274 0.067807 0.031250
0 0.405444 0.123308 0.067807 0.031250
0 0.364556 0.123308 0.067807 0.031250
0 0.322563 0.124824 0.067807 0.031250
0 0.281675 0.126332 0.067807 0.031250
0 0.248519 0.123308 0.067807 0.031250
0 0.209844 0.124824 0.067807 0.031250
0 0.168950 0.123308 0.067807 0.031250
0 0.122537 0.120274 0.067807 0.031250
0 0.062863 0.120274 0.067807 0.031250
0 0.007606 0.126332 0.067807 0.031250
0 0.021975 0.153608 0.067807 0.031250
0 0.100437 0.155124 0.067807 0.031250
0 0.167850 0.159666 0.067807 0.031250
0 0.248519 0.159666 0.067807 0.031250
0 0.328088 0.153608 0.067807 0.031250
0 0.405444 0.152091 0.067807 0.031250
0 0.488331 0.156641 0.067807 0.031250
0 0.565688 0.153608 0.067807 0.031250
0 0.648569 0.150583 0.067807 0.031250
0 0.715981 0.156641 0.067807 0.031250
0 0.765713 0.158158 0.067807 0.031250
0 0.840863 0.156641 0.067807 0.031250
0 0.920431 0.155124 0.067807 0.031250
0 0.979000 0.159666 0.067807 0.031250
0 0.982313 0.196033 0.067807 0.031250
0 0.944744 0.194516 0.067807 0.031250
0 0.901644 0.191491 0.067807 0.031250
0 0.856331 0.191491 0.067807 0.031250
0 0.812131 0.189974 0.067807 0.031250
0 0.774556 0.192999 0.067807 0.031250
0 0.732562 0.192999 0.067807 0.031250
0 0.689463 0.191491 0.067807 0.031250
0 0.654100 0.192999 0.067807 0.031250
0 0.613206 0.189974 0.067807 0.031250
0 0.571213 0.189974 0.067807 0.031250
0 0.529219 0.192999 0.067807 0.031250
0 0.491644 0.189974 0.067807 0.031250
0 0.450756 0.188458 0.067807 0.031250
0 0.408762 0.189974 0.067807 0.031250
0 0.367875 0.191491 0.067807 0.031250
0 0.326981 0.191491 0.067807 0.031250
0 0.289413 0.189974 0.067807 0.031250
0 0.247412 0.189974 0.067807 0.031250
0 0.206525 0.191491 0.067807 0.031250
0 0.161219 0.189974 0.067807 0.031250
0 0.123644 0.189974 0.067807 0.031250
0 0.060650 0.189974 0.067807 0.031250
0 0.008712 0.188458 0.067807 0.031250
0 0.020869 0.224824 0.067807 0.031250
0 0.098225 0.226332 0.067807 0.031250
0 0.172269 0.227849 0.067807 0.031250
0 0.242994 0.223308 0.067807 0.031250
0 0.325881 0.223308 0.067807 0.031250
0 0.408762 0.223308 0.067807 0.031250
0 0.485012 0.223308 0.067807 0.031250
0 0.565688 0.223308 0.067807 0.031250
0 0.654100 0.223308 0.067807 0.031250
0 0.732562 0.223308 0.067807 0.031250
0 0.814337 0.226332 0.067807 0.031250
0 0.900537 0.226332 0.067807 0.031250
0 0.973475 0.229366 0.067807 0.031250
0 0.982313 0.262699 0.067807 0.031250
0 0.940319 0.262699 0.067807 0.031250
0 0.900537 0.259666 0.067807 0.031250
0 0.862962 0.262699 0.067807 0.031250
0 0.817656 0.258158 0.067807 0.031250
0 0.773450 0.253608 0.067807 0.031250
0 0.734769 0.256641 0.067807 0.031250
0 0.692775 0.253608 0.067807 0.031250
0 0.654100 0.259666 0.067807 0.031250
0 0.611000 0.259666 0.067807 0.031250
0 0.573425 0.259666 0.067807 0.031250
0 0.528112 0.258158 0.067807 0.031250
0 0.489437 0.256641 0.067807 0.031250
0 0.451863 0.259666 0.067807 0.031250
0 0.408762 0.262699 0.067807 0.031250
0 0.365663 0.259666 0.067807 0.031250
0 0.325881 0.259666 0.067807 0.031250
0 0.287200 0.259666 0.067807 0.031250
0 0.246312 0.259666 0.067807 0.031250
0 0.204319 0.261183 0.067807 0.031250
0 0.167850 0.262699 0.067807 0.031250
0 0.120325 0.262699 0.067807 0.031250
0 0.062863 0.262699 0.067807 0.031250
0 0.007606 0.262699 0.067807 0.031250
0 0.975687 0.294516 0.067807 0.031250
0 0.901644 0.292999 0.067807 0.031250
0 0.820969 0.296033 0.067807 0.031250
0 0.740294 0.297549 0.067807 0.031250
0 0.658519 0.292999 0.067807 0.031250
0 0.577844 0.296033 0.067807 0.031250
0 0.493856 0.296033 0.067807 0.031250
0 0.408762 0.299066 0.067807 0.031250
0 0.330300 0.296033 0.067807 0.031250
0 0.250731 0.297549 0.067807 0.031250
0 0.173375 0.294516 0.067807 0.031250
0 0.104856 0.296033 0.067807 0.031250
0 0.027500 0.294516 0.067807 0.031250
0 0.007606 0.333916 0.067807 0.031250
0 0.055125 0.335424 0.067807 0.031250
0 0.125850 0.332399 0.067807 0.031250
0 0.166744 0.330883 0.067807 0.031250
0 0.205419 0.332399 0.067807 0.031250
0 0.247412 0.332399 0.067807 0.031250
0 0.284988 0.332399 0.067807 0.031250
0 0.326981 0.335424 0.067807 0.031250
0 0.366769 0.332399 0.067807 0.031250
0 0.405444 0.329366 0.067807 0.031250
0 0.447444 0.327849 0.067807 0.031250
0 0.487225 0.329366 0.067807 0.031250
0 0.527006 0.327849 0.067807 0.031250
0 0.567900 0.329366 0.067807 0.031250
0 0.613206 0.327849 0.067807 0.031250
0 0.651887 0.327849 0.067807 0.031250
0 0.690569 0.329366 0.067807 0.031250
0 0.733662 0.327849 0.067807 0.031250
0 0.774556 0.326332 0.067807 0.031250
0 0.819862 0.332399 0.067807 0.031250
0 0.859650 0.326332 0.067807 0.031250
0 0.900537 0.332399 0.067807 0.031250
0 0.940319 0.326332 0.067807 0.031250
0 0.982313 0.329366 0.067807 0.031250
0 0.969056 0.359666 0.067807 0.031250
0 0.896119 0.367249 0.067807 0.031250
0 0.822075 0.361183 0.067807 0.031250
0 0.739187 0.359666 0.067807 0.031250
0 0.658519 0.362699 0.067807 0.031250
0 0.581156 0.359666 0.067807 0.031250
0 0.496063 0.359666 0.067807 0.031250
0 0.416500 0.365733 0.067807 0.031250
0 0.336931 0.362699 0.067807 0.031250
0 0.249625 0.367249 0.067807 0.031250
0 0.177794 0.364216 0.067807 0.031250
0 0.099331 0.367249 0.067807 0.031250
0 0.023075 0.368757 0.067807 0.031250
0 0.007606 0.399066 0.067807 0.031250
0 0.057337 0.396033 0.067807 0.031250
0 0.122537 0.399066 0.067807 0.031250
0 0.166744 0.400583 0.067807 0.031250
0 0.205419 0.399066 0.067807 0.031250
0 0.244100 0.397549 0.067807 0.031250
0 0.283881 0.397549 0.067807 0.031250
0 0.326981 0.399066 0.067807 0.031250
0 0.365663 0.400583 0.067807 0.031250
0 0.405444 0.399066 0.067807 0.031250
0 0.447444 0.394516 0.067807 0.031250
0 0.489437 0.396033 0.067807 0.031250
0 0.529219 0.399066 0.067807 0.031250
0 0.569006 0.392999 0.067807 0.031250
0 0.611000 0.392999 0.067807 0.031250
0 0.650781 0.396033 0.067807 0.031250
0 0.690569 0.392999 0.067807 0.031250
0 0.731456 0.396033 0.067807 0.031250
0 0.772344 0.396033 0.067807 0.031250
0 0.812131 0.394516 0.067807 0.031250
0 0.854125 0.394516 0.067807 0.031250
0 0.897225 0.394516 0.067807 0.031250
0 0.939219 0.397549 0.067807 0.031250
0 0.979000 0.394516 0.067807 0.031250
0 0.971263 0.429366 0.067807 0.031250
0 0.896119 0.432399 0.067807 0.031250
0 0.816550 0.429366 0.067807 0.031250
0 0.739187 0.429366 0.067807 0.031250
0 0.655200 0.429366 0.067807 0.031250
0 0.573425 0.430883 0.067807 0.031250
0 0.493856 0.426332 0.067807 0.031250
0 0.412075 0.432399 0.067807 0.031250
0 0.330300 0.429366 0.067807 0.031250
0 0.246312 0.432399 0.067807 0.031250
0 0.173375 0.429366 0.067807 0.031250
0 0.107069 0.432399 0.067807 0.031250
0 0.018656 0.435424 0.067807 0.031250
0 0.007606 0.465733 0.067807 0.031250
0 0.056231 0.464216 0.067807 0.031250
0 0.122537 0.465733 0.067807 0.031250
0 0.168950 0.465733 0.067807 0.031250
0 0.205419 0.465733 0.067807 0.031250
0 0.244100 0.462699 0.067807 0.031250
0 0.286094 0.462699 0.067807 0.031250
0 0.328088 0.464216 0.067807 0.031250
0 0.370081 0.465733 0.067807 0.031250
0 0.407656 0.462699 0.067807 0.031250
0 0.447444 0.465733 0.067807 0.031250
0 0.489437 0.459666 0.067807 0.031250
0 0.529219 0.461183 0.067807 0.031250
0 0.572319 0.462699 0.067807 0.031250
0 0.611000 0.461183 0.067807 0.031250
0 0.650781 0.461183 0.067807 0.031250
0 0.692775 0.464216 0.067807 0.031250
0 0.732562 0.464216 0.067807 0.031250
0 0.774556 0.458158 0.067807 0.031250
0 0.814337 0.462699 0.067807 0.031250
0 0.854125 0.462699 0.067807 0.031250
0 0.893906 0.461183 0.067807 0.031250
0 0.931481 0.462699 0.067807 0.031250
0 0.971263 0.459666 0.067807 0.031250
0 0.970156 0.497549 0.067807 0.031250
0 0.886169 0.499066 0.067807 0.031250
0 0.805500 0.496033 0.067807 0.031250
0 0.722612 0.499066 0.067807 0.031250
0 0.643044 0.497549 0.067807 0.031250
0 0.555744 0.496033 0.067807 0.031250
0 0.476175 0.499066 0.067807 0.031250
0 0.396606 0.500583 0.067807 0.031250
0 0.310406 0.496033 0.067807 0.031250
0 0.235256 0.497549 0.067807 0.031250
0 0.162319 0.502091 0.067807 0.031250
0 0.099331 0.502091 0.067807 0.031250
0 0.023075 0.502091 0.067807 0.031250
0 0.007606 0.535424 0.067807 0.031250
0 0.054019 0.532399 0.067807 0.031250
0 0.115906 0.533916 0.067807 0.031250
0 0.160112 0.529366 0.067807 0.031250
0 0.202106 0.532399 0.067807 0.031250
0 0.242994 0.529366 0.067807 0.031250
0 0.286094 0.532399 0.067807 0.031250
0 0.324775 0.532399 0.067807 0.031250
0 0.363450 0.529366 0.067807 0.031250
0 0.403237 0.530883 0.067807 0.031250
0 0.440812 0.533916 0.067807 0.031250
0 0.481700 0.533916 0.067807 0.031250
0 0.522587 0.530883 0.067807 0.031250
0 0.565688 0.532399 0.067807 0.031250
0 0.599944 0.530883 0.067807 0.031250
0 0.643044 0.530883 0.067807 0.031250
0 0.686144 0.533916 0.067807 0.031250
0 0.721506 0.532399 0.067807 0.031250
0 0.766819 0.530883 0.067807 0.031250
0 0.808812 0.529366 0.067807 0.031250
0 0.850806 0.535424 0.067807 0.031250
0 0.887275 0.532399 0.067807 0.031250
0 0.929269 0.533916 0.067807 0.031250
0 0.970156 0.532399 0.067807 0.031250
0 0.958006 0.573308 0.067807 0.031250
0 0.881750 0.567249 0.067807 0.031250
0 0.801075 0.564216 0.067807 0.031250
0 0.719300 0.568757 0.067807 0.031250
0 0.638625 0.564216 0.067807 0.031250
0 0.554637 0.564216 0.067807 0.031250
0 0.473962 0.568757 0.067807 0.031250
0 0.392188 0.568757 0.067807 0.031250
0 0.317037 0.562699 0.067807 0.031250
0 0.250731 0.561183 0.067807 0.031250
0 0.175581 0.568757 0.067807 0.031250
0 0.121431 0.567249 0.067807 0.031250
0 0.076125 0.565733 0.067807 0.031250
0 0.039656 0.567249 0.067807 0.031250
0 0.006500 0.568757 0.067807 0.031250
0 0.023075 0.600583 0.067807 0.031250
0 0.066175 0.599066 0.067807 0.031250
0 0.109275 0.599066 0.067807 0.031250
0 0.146850 0.600583 0.067807 0.031250
0 0.194369 0.597549 0.067807 0.031250
0 0.228631 0.599066 0.067807 0.031250
0 0.270625 0.599066 0.067807 0.031250
0 0.312619 0.600583 0.067807 0.031250
0 0.350194 0.599066 0.067807 0.031250
0 0.387762 0.597549 0.067807 0.031250
0 0.429756 0.599066 0.067807 0.031250
0 0.467331 0.599066 0.067807 0.031250
0 0.511538 0.603608 0.067807 0.031250
0 0.552425 0.602091 0.067807 0.031250
0 0.588894 0.599066 0.067807 0.031250
0 0.630887 0.597549 0.067807 0.031250
0 0.672881 0.597549 0.067807 0.031250
0 0.714881 0.602091 0.067807 0.031250
0 0.752450 0.599066 0.067807 0.031250
0 0.794444 0.599066 0.067807 0.031250
0 0.835337 0.599066 0.067807 0.031250
0 0.880644 0.599066 0.067807 0.031250
0 0.920431 0.599066 0.067807 0.031250
0 0.961319 0.602091 0.067807 0.031250
0 0.983419 0.635424 0.067807 0.031250
0 0.927062 0.635424 0.067807 0.031250
0 0.845281 0.633916 0.067807 0.031250
0 0.780081 0.632399 0.067807 0.031250
0 0.743613 0.630883 0.067807 0.031250
0 0.679512 0.635424 0.067807 0.031250
0 0.598844 0.635424 0.067807 0.031250
0 0.514850 0.633916 0.067807 0.031250
0 0.437494 0.633916 0.067807 0.031250
0 0.362344 0.632399 0.067807 0.031250
0 0.277250 0.632399 0.067807 0.031250
0 0.193263 0.630883 0.067807 0.031250
0 0.112594 0.632399 0.067807 0.031250
0 0.028600 0.633916 0.067807 0.031250
0 0.021975 0.667249 0.067807 0.031250
0 0.062863 0.665733 0.067807 0.031250
0 0.102644 0.668757 0.067807 0.031250
0 0.145744 0.668757 0.067807 0.031250
0 0.185531 0.665733 0.067807 0.031250
0 0.224206 0.665733 0.067807 0.031250
0 0.267306 0.668757 0.067807 0.031250
0 0.307094 0.668757 0.067807 0.031250
0 0.347981 0.665733 0.067807 0.031250
0 0.385556 0.667249 0.067807 0.031250
0 0.427550 0.664216 0.067807 0.031250
0 0.467331 0.670274 0.067807 0.031250
0 0.510431 0.665733 0.067807 0.031250
0 0.549113 0.662699 0.067807 0.031250
0 0.590000 0.667249 0.067807 0.031250
0 0.631994 0.667249 0.067807 0.031250
0 0.672881 0.667249 0.067807 0.031250
0 0.712669 0.668757 0.067807 0.031250
0 0.757975 0.668757 0.067807 0.031250
0 0.792237 0.667249 0.067807 0.031250
0 0.836444 0.671791 0.067807 0.031250
0 0.878437 0.668757 0.067807 0.031250
0 0.928162 0.667249 0.067807 0.031250
0 0.973475 0.668757 0.067807 0.031250
0 0.974581 0.701637 0.067807 0.031250
0 0.904956 0.697095 0.067807 0.031250
0 0.824281 0.703153 0.067807 0.031250
0 0.746925 0.698612 0.067807 0.031250
0 0.685037 0.700129 0.067807 0.031250
0 0.595525 0.703153 0.067807 0.031250
0 0.518169 0.695578 0.067807 0.031250
0 0.433075 0.701637 0.067807 0.031250
0 0.353506 0.703153 0.067807 0.031250
0 0.270625 0.700129 0.067807 0.031250
0 0.189950 0.700129 0.067807 0.031250
0 0.104856 0.706187 0.067807 0.031250
0 0.028600 0.698612 0.067807 0.031250
0 0.023075 0.731945 0.067807 0.031250
0 0.062863 0.736487 0.067807 0.031250
0 0.102644 0.733453 0.067807 0.031250
0 0.143538 0.734970 0.067807 0.031250
0 0.184425 0.733453 0.067807 0.031250
0 0.227525 0.731945 0.067807 0.031250
0 0.267306 0.734970 0.067807 0.031250
0 0.305987 0.734970 0.067807 0.031250
0 0.347981 0.733453 0.067807 0.031250
0 0.387762 0.734970 0.067807 0.031250
0 0.427550 0.733453 0.067807 0.031250
0 0.465125 0.733453 0.067807 0.031250
0 0.504906 0.733453 0.067807 0.031250
0 0.543588 0.731945 0.067807 0.031250
0 0.581156 0.736487 0.067807 0.031250
0 0.623156 0.736487 0.067807 0.031250
0 0.667356 0.733453 0.067807 0.031250
0 0.708250 0.736487 0.067807 0.031250
0 0.748031 0.739520 0.067807 0.031250
0 0.787812 0.736487 0.067807 0.031250
0 0.829813 0.736487 0.067807 0.031250
0 0.871806 0.733453 0.067807 0.031250
0 0.909375 0.736487 0.067807 0.031250
0 0.950269 0.734970 0.067807 0.031250
0 0.986737 0.731945 0.067807 0.031250
0 0.981650 0.765878 0.067807 0.031250
0 0.920869 0.768912 0.067807 0.031250
0 0.839094 0.770428 0.067807 0.031250
0 0.757313 0.771945 0.067807 0.031250
0 0.676644 0.768912 0.067807 0.031250
0 0.592650 0.765878 0.067807 0.031250
0 0.509769 0.768912 0.067807 0.031250
0 0.432412 0.765878 0.067807 0.031250
0 0.351737 0.762853 0.067807 0.031250
0 0.267750 0.765878 0.067807 0.031250
0 0.188181 0.768912 0.067807 0.031250
0 0.100875 0.765878 0.067807 0.031250
0 0.030150 0.765878 0.067807 0.031250
0 0.024625 0.803762 0.067807 0.031250
0 0.068831 0.803762 0.067807 0.031250
0 0.108613 0.799212 0.067807 0.031250
0 0.145081 0.802245 0.067807 0.031250
0 0.192600 0.799212 0.067807 0.031250
0 0.232387 0.797704 0.067807 0.031250
0 0.273275 0.800728 0.067807 0.031250
0 0.314162 0.803762 0.067807 0.031250
0 0.353950 0.799212 0.067807 0.031250
0 0.391519 0.803762 0.067807 0.031250
0 0.435725 0.800728 0.067807 0.031250
0 0.473300 0.799212 0.067807 0.031250
0 0.515294 0.805278 0.067807 0.031250
0 0.552869 0.803762 0.067807 0.031250
0 0.591550 0.796187 0.067807 0.031250
0 0.634644 0.796187 0.067807 0.031250
0 0.677744 0.806787 0.067807 0.031250
0 0.719737 0.806787 0.067807 0.031250
0 0.758419 0.802245 0.067807 0.031250
0 0.802625 0.800728 0.067807 0.031250
0 0.840200 0.803762 0.067807 0.031250
0 0.877769 0.799212 0.067807 0.031250
0 0.921975 0.799212 0.067807 0.031250
0 0.967287 0.796187 0.067807 0.031250
0 0.973919 0.834062 0.067807 0.031250
0 0.923081 0.835578 0.067807 0.031250
0 0.843512 0.832545 0.067807 0.031250
0 0.760631 0.838612 0.067807 0.031250
0 0.676644 0.831037 0.067807 0.031250
0 0.592650 0.831037 0.067807 0.031250
0 0.516400 0.832545 0.067807 0.031250
0 0.435725 0.834062 0.067807 0.031250
0 0.356156 0.835578 0.067807 0.031250
0 0.276588 0.838612 0.067807 0.031250
0 0.190394 0.832545 0.067807 0.031250
0 0.106400 0.835578 0.067807 0.031250
0 0.024625 0.838612 0.067807 0.031250
0 0.017994 0.874970 0.067807 0.031250
0 0.055569 0.865878 0.067807 0.031250
0 0.103087 0.868912 0.067807 0.031250
0 0.140662 0.870428 0.067807 0.031250
0 0.178238 0.865878 0.067807 0.031250
0 0.221337 0.865878 0.067807 0.031250
0 0.261119 0.864370 0.067807 0.031250
0 0.300900 0.868912 0.067807 0.031250
0 0.341794 0.868912 0.067807 0.031250
0 0.382681 0.870428 0.067807 0.031250
0 0.418044 0.868912 0.067807 0.031250
0 0.458931 0.868912 0.067807 0.031250
0 0.493194 0.867395 0.067807 0.031250
0 0.538500 0.867395 0.067807 0.031250
0 0.581600 0.868912 0.067807 0.031250
0 0.619175 0.871945 0.067807 0.031250
0 0.658956 0.874970 0.067807 0.031250
0 0.698744 0.871945 0.067807 0.031250
0 0.742950 0.871945 0.067807 0.031250
0 0.776100 0.868912 0.067807 0.031250
0 0.818094 0.870428 0.067807 0.031250
0 0.855669 0.870428 0.067807 0.031250
0 0.895456 0.870428 0.067807 0.031250
0 0.939656 0.867395 0.067807 0.031250
0 0.973919 0.867395 0.067807 0.031250
0 0.975019 0.902245 0.067807 0.031250
0 0.921975 0.903762 0.067807 0.031250
0 0.837987 0.905278 0.067807 0.031250
0 0.750681 0.903762 0.067807 0.031250
0 0.676644 0.902245 0.067807 0.031250
0 0.593756 0.905278 0.067807 0.031250
0 0.513081 0.908303 0.067807 0.031250
0 0.435725 0.900728 0.067807 0.031250
0 0.355050 0.905278 0.067807 0.031250
0 0.265537 0.908303 0.067807 0.031250
0 0.185969 0.902245 0.067807 0.031250
0 0.109719 0.908303 0.067807 0.031250
0 0.029044 0.908303 0.067807 0.031250