0 0.202900 0.385652 0.201077 0.156250
0 0.315413 0.186010 0.201077 0.156250
0 0.118780 0.172300 0.201077 0.156250
0 0.425827 0.390222 0.201077 0.156250
0 0.535187 0.182966 0.201077 0.156250
0 0.643493 0.384126 0.201077 0.156250
0 0.765467 0.167729 0.201077 0.156250
0 0.957687 0.199729 0.201077 0.156250
0 0.885027 0.389459 0.201077 0.156250
0 0.950433 0.581633 0.201077 0.156250
0 0.739600 0.571111 0.201077 0.156250
0 0.536133 0.584222 0.201077 0.156250
0 0.319940 0.584222 0.201077 0.156250
0 0.138233 0.555266 0.201077 0.156250
0 0.219940 0.752773 0.201077 0.156250
0 0.172727 0.881845 0.201077 0.156250
0 0.321727 0.894957 0.201077 0.156250
0 0.427087 0.760696 0.201077 0.156250
0 0.652427 0.755517 0.201077 0.156250
0 0.541600 0.884435 0.201077 0.156250
0 0.746853 0.887179 0.201077 0.156250
0 0.859580 0.763285 0.201077 0.156250
0 0.954007 0.887179 0.201077 0.156250
0 0.865047 0.036512 0.201077 0.156250
0 0.646960 0.039101 0.201077 0.156250
0 0.428873 0.023411 0.201077 0.156250
0 0.201747 0.018077 0.201077 0.156250