0 0.824813 0.295804 0.135118 0.067708
0 0.964780 0.099237 0.135118 0.067708
0 0.992453 0.164805 0.135118 0.067708
0 0.870893 0.491635 0.135118 0.067708
0 0.975547 0.484596 0.135118 0.067708
0 0.982013 0.558529 0.135118 0.067708
0 0.899320 0.555005 0.135118 0.067708
0 0.777867 0.555005 0.135118 0.067708
0 0.646080 0.562044 0.135118 0.067708
0 0.515907 0.557502 0.135118 0.067708
0 0.382827 0.562489 0.135118 0.067708
0 0.036667 0.557057 0.135118 0.067708
0 0.138087 0.557057 0.135118 0.067708
0 0.260080 0.554714 0.135118 0.067708
0 0.038493 0.624387 0.135118 0.067708
0 0.159627 0.620718 0.135118 0.067708
0 0.286133 0.620718 0.135118 0.067708
0 0.421587 0.620718 0.135118 0.067708
0 0.543687 0.625559 0.135118 0.067708
0 0.674613 0.624387 0.135118 0.067708
0 0.063580 0.691571 0.135118 0.067708
0 0.015127 0.696412 0.135118 0.067708
0 0.122800 0.689083 0.135118 0.067708
0 0.176633 0.694069 0.135118 0.067708
0 0.235853 0.686730 0.135118 0.067708
0 0.306807 0.691571 0.135118 0.067708
0 0.374100 0.690400 0.135118 0.067708
0 0.429660 0.685413 0.135118 0.067708
0 0.488880 0.694069 0.135118 0.067708
0 0.554453 0.692743 0.135118 0.067708
0 0.619053 0.689083 0.135118 0.067708
0 0.676440 0.686730 0.135118 0.067708
0 0.815227 0.625123 0.135118 0.067708
0 0.872620 0.618965 0.135118 0.067708
0 0.962413 0.621453 0.135118 0.067708
0 0.745240 0.693479 0.135118 0.067708
0 0.795527 0.686149 0.135118 0.067708
0 0.669013 0.757139 0.135118 0.067708
0 0.543360 0.755822 0.135118 0.067708
0 0.406080 0.755822 0.135118 0.067708
0 0.794553 0.750981 0.135118 0.067708
0 0.921067 0.755822 0.135118 0.067708
0 0.861847 0.694796 0.135118 0.067708
0 0.922040 0.684968 0.135118 0.067708
0 0.978673 0.684823 0.135118 0.067708
0 0.288720 0.753479 0.135118 0.067708
0 0.176313 0.756994 0.135118 0.067708
0 0.031607 0.756994 0.135118 0.067708
0 0.097927 0.819337 0.135118 0.067708
0 0.012653 0.821099 0.135118 0.067708
0 0.220673 0.814205 0.135118 0.067708
0 0.354613 0.820363 0.135118 0.067708
0 0.472947 0.815086 0.135118 0.067708
0 0.612913 0.818756 0.135118 0.067708
0 0.734907 0.823597 0.135118 0.067708
0 0.860560 0.823597 0.135118 0.067708
0 0.977167 0.813769 0.135118 0.067708
0 0.043553 0.884759 0.135118 0.067708
0 0.159300 0.884759 0.135118 0.067708
0 0.280427 0.886085 0.135118 0.067708
0 0.415987 0.884759 0.135118 0.067708
0 0.543360 0.889755 0.135118 0.067708
0 0.671813 0.884178 0.135118 0.067708
0 0.802093 0.885640 0.135118 0.067708
0 0.927527 0.882707 0.135118 0.067708
0 0.823733 0.430754 0.135118 0.067708
0 0.026540 0.046630 0.135118 0.067708
0 0.138640 0.044441 0.135118 0.067708
0 0.256987 0.044223 0.135118 0.067708
0 0.389587 0.046848 0.135118 0.067708
0 0.517387 0.046848 0.135118 0.067708
0 0.646300 0.040518 0.135118 0.067708
0 0.755680 0.035286 0.135118 0.067708
0 0.722207 0.104886 0.135118 0.067708
0 0.596173 0.111208 0.135118 0.067708
0 0.461813 0.107284 0.135118 0.067708
0 0.338500 0.103569 0.135118 0.067708
0 0.214387 0.109900 0.135118 0.067708
0 0.090113 0.117539 0.135118 0.067708
0 0.042073 0.174260 0.135118 0.067708
0 0.008600 0.109900 0.135118 0.067708
0 0.150493 0.172952 0.135118 0.067708
0 0.269960 0.170554 0.135118 0.067708
0 0.395993 0.171644 0.135118 0.067708
0 0.523947 0.172952 0.135118 0.067708
0 0.657353 0.167938 0.135118 0.067708
0 0.768653 0.161608 0.135118 0.067708
0 0.757440 0.230990 0.135118 0.067708
0 0.642620 0.233606 0.135118 0.067708
0 0.505373 0.237321 0.135118 0.067708
0 0.381260 0.232298 0.135118 0.067708
0 0.253307 0.236231 0.135118 0.067708
0 0.119900 0.232298 0.135118 0.067708
0 0.025253 0.242552 0.135118 0.067708
0 0.067053 0.302988 0.135118 0.067708
0 0.186520 0.304296 0.135118 0.067708
0 0.314480 0.301898 0.135118 0.067708
0 0.436833 0.296667 0.135118 0.067708
0 0.570233 0.296667 0.135118 0.067708
0 0.693547 0.295577 0.135118 0.067708
0 0.764807 0.364959 0.135118 0.067708
0 0.647260 0.359936 0.135118 0.067708
0 0.512740 0.362334 0.135118 0.067708
0 0.384940 0.362334 0.135118 0.067708
0 0.256987 0.364959 0.135118 0.067708
0 0.135600 0.372589 0.135118 0.067708
0 0.029100 0.371281 0.135118 0.067708
0 0.050400 0.431935 0.135118 0.067708
0 0.169867 0.433025 0.135118 0.067708
0 0.314480 0.435649 0.135118 0.067708
0 0.446120 0.430627 0.135118 0.067708
0 0.572153 0.431935 0.135118 0.067708
0 0.710200 0.433025 0.135118 0.067708
0 0.751033 0.493678 0.135118 0.067708
0 0.603700 0.491281 0.135118 0.067708
0 0.485993 0.491281 0.135118 0.067708
0 0.353393 0.500009 0.135118 0.067708
0 0.227360 0.506340 0.135118 0.067708
0 0.103247 0.496303 0.135118 0.067708
0 0.018853 0.498701 0.135118 0.067708
0 0.844240 0.100736 0.135118 0.067708
0 0.904453 0.042044 0.135118 0.067708
0 0.975560 0.028738 0.135118 0.067708
0 0.898047 0.165104 0.135118 0.067708
0 0.889400 0.232734 0.135118 0.067708
0 0.973480 0.225322 0.135118 0.067708
0 0.969153 0.298629 0.135118 0.067708
0 0.904453 0.370627 0.135118 0.067708
0 0.988533 0.363206 0.135118 0.067708
0 0.960507 0.427793 0.135118 0.067708