0 0.039184 0.532500 0.043924 0.141493
0 0.094906 0.573965 0.043924 0.141493
0 0.131191 0.447257 0.043924 0.141493
0 0.199875 0.569361 0.043924 0.141493
0 0.325578 0.594701 0.043924 0.141493
0 0.376117 0.557840 0.043924 0.141493
0 0.300953 0.516368 0.043924 0.141493
0 0.504410 0.546319 0.043924 0.141493
0 0.443504 0.562444 0.043924 0.141493
0 0.604195 0.484118 0.043924 0.141493
0 0.719531 0.537104 0.043924 0.141493
0 0.816723 0.573965 0.043924 0.141493
0 0.975859 0.568667 0.043924 0.141493
0 0.808816 0.492181 0.043924 0.141493
0 0.714992 0.448181 0.043924 0.141493
0 0.662512 0.458778 0.043924 0.141493
0 0.565188 0.556917 0.043924 0.141493