0 0.255698 0.715933 0.137894 0.072917
0 0.131234 0.639517 0.137894 0.072917
0 0.025589 0.581625 0.137894 0.072917
0 0.539068 0.667533 0.137894 0.072917
0 0.383490 0.597142 0.137894 0.072917
0 0.266844 0.544575 0.137894 0.072917
0 0.772797 0.616825 0.137894 0.072917
0 0.612151 0.554533 0.137894 0.072917
0 0.474375 0.507992 0.137894 0.072917
0 0.976130 0.572367 0.137894 0.072917
0 0.822000 0.516100 0.137894 0.072917
0 0.986266 0.480433 0.137894 0.072917
0 0.851094 0.436208 0.137894 0.072917
0 0.146865 0.498267 0.137894 0.072917
0 0.059599 0.458667 0.137894 0.072917
0 0.007786 0.426950 0.137894 0.072917
0 0.081885 0.371375 0.137894 0.072917
0 0.175375 0.388975 0.137894 0.072917
0 0.246870 0.427408 0.137894 0.072917
0 0.672068 0.474883 0.137894 0.072917
0 0.552958 0.432275 0.137894 0.072917
0 0.426036 0.404258 0.137894 0.072917
0 0.346151 0.463533 0.137894 0.072917
0 0.352229 0.374383 0.137894 0.072917
0 0.256422 0.348217 0.137894 0.072917
0 0.389135 0.317192 0.137894 0.072917
0 0.507661 0.347292 0.137894 0.072917
0 0.604625 0.379942 0.137894 0.072917
0 0.717365 0.410275 0.137894 0.072917
0 0.535594 0.310008 0.137894 0.072917
0 0.648625 0.326217 0.137894 0.072917
0 0.758755 0.350533 0.137894 0.072917
0 0.666859 0.292408 0.137894 0.072917
0 0.783937 0.305150 0.137894 0.072917
0 0.881771 0.327842 0.137894 0.072917
0 0.876854 0.382717 0.137894 0.072917
0 0.989156 0.411433 0.137894 0.072917
0 0.992630 0.356325 0.137894 0.072917