0 0.000000 1.000000 0.068169 0.172743
0 0.029385 0.296821 0.068169 0.172743
0 0.034615 0.532451 0.068169 0.172743
0 0.025900 0.851873 0.068169 0.172743
0 0.172238 0.844023 0.068169 0.172743
0 0.320315 0.867584 0.068169 0.172743
0 0.466654 0.851873 0.068169 0.172743
0 0.611246 0.851873 0.068169 0.172743
0 0.754100 0.859723 0.068169 0.172743
0 0.898692 0.851873 0.068169 0.172743
0 0.902177 0.535075 0.068169 0.172743
0 0.752354 0.532451 0.068169 0.172743
0 0.752354 0.532451 0.068169 0.172743
0 0.757585 0.268023 0.068169 0.172743
0 0.898692 0.268023 0.068169 0.172743
0 0.602538 0.252312 0.068169 0.172743
0 0.607762 0.542925 0.068169 0.172743
0 0.470138 0.535075 0.068169 0.172743
0 0.325546 0.542925 0.068169 0.172743
0 0.177462 0.540312 0.068169 0.172743
0 0.179208 0.291584 0.068169 0.172743
0 0.318577 0.273260 0.068169 0.172743
0 0.466654 0.273260 0.068169 0.172743