0 0.007533 0.098391 0.047706 0.135417
0 0.073400 0.093785 0.047706 0.135417
0 0.137133 0.090726 0.047706 0.135417
0 0.201911 0.092240 0.047706 0.135417
0 0.035622 0.257823 0.047706 0.135417
0 0.107978 0.248612 0.047706 0.135417
0 0.180311 0.250158 0.047706 0.135417
0 0.006444 0.418770 0.047706 0.135417
0 0.084200 0.421861 0.047706 0.135417
0 0.156556 0.424921 0.047706 0.135417
0 0.049644 0.631861 0.047706 0.135417
0 0.128489 0.636467 0.047706 0.135417
0 0.017244 0.866404 0.047706 0.135417
0 0.101489 0.866404 0.047706 0.135417
0 0.325022 0.081514 0.047706 0.135417
0 0.426533 0.073849 0.047706 0.135417
0 0.505378 0.069243 0.047706 0.135417
0 0.308822 0.248612 0.047706 0.135417
0 0.418978 0.227161 0.047706 0.135417
0 0.505378 0.225615 0.047706 0.135417
0 0.295867 0.426435 0.047706 0.135417
0 0.411422 0.420315 0.047706 0.135417
0 0.504289 0.414196 0.047706 0.135417
0 0.278600 0.642587 0.047706 0.135417
0 0.404933 0.645678 0.047706 0.135417
0 0.503222 0.634921 0.047706 0.135417
0 0.265644 0.877161 0.047706 0.135417
0 0.399533 0.874069 0.047706 0.135417
0 0.502133 0.875615 0.047706 0.135417
0 0.593933 0.639527 0.047706 0.135417
0 0.603644 0.881735 0.047706 0.135417
0 0.589600 0.418770 0.047706 0.135417
0 0.582044 0.224101 0.047706 0.135417
0 0.575578 0.063123 0.047706 0.135417
0 0.661956 0.067729 0.047706 0.135417
0 0.737556 0.063123 0.047706 0.135417
0 0.814222 0.058517 0.047706 0.135417
0 0.673844 0.221009 0.047706 0.135417
0 0.752667 0.221009 0.047706 0.135417
0 0.839067 0.225615 0.047706 0.135417
0 0.686800 0.403438 0.047706 0.135417
0 0.773200 0.411104 0.047706 0.135417
0 0.863911 0.411104 0.047706 0.135417
0 0.700844 0.636467 0.047706 0.135417
0 0.796956 0.642587 0.047706 0.135417
0 0.888756 0.633407 0.047706 0.135417
0 0.711644 0.877161 0.047706 0.135417
0 0.814222 0.867950 0.047706 0.135417
0 0.922222 0.867950 0.047706 0.135417
0 0.920067 0.053943 0.047706 0.135417
0 0.956778 0.227161 0.047706 0.135417
0 0.985933 0.406530 0.047706 0.135417
0 0.983778 0.615016 0.047706 0.135417