0 0.767460 0.769655 0.159314 0.144097
0 0.986328 0.636324 0.159314 0.144097
0 0.876894 0.904504 0.159314 0.144097
0 0.543718 0.799964 0.159314 0.144097
0 0.429423 0.780266 0.159314 0.144097
0 0.658025 0.904504 0.159314 0.144097
0 0.118129 0.925719 0.159314 0.144097
0 0.081651 0.031777 0.159314 0.144097
0 0.222702 0.243899 0.159314 0.144097
0 0.329711 0.016626 0.159314 0.144097
0 0.446443 0.018144 0.159314 0.144097
0 0.402667 0.289353 0.159314 0.144097
0 0.553441 0.306022 0.159314 0.144097
0 0.679908 0.048446 0.159314 0.144097
0 0.782044 0.249964 0.159314 0.144097
0 0.954711 0.209050 0.159314 0.144097
0 0.881755 0.374201 0.159314 0.144097
0 0.981467 0.495417 0.159314 0.144097
0 0.701790 0.398446 0.159314 0.144097
0 0.589931 0.449964 0.159314 0.144097
0 0.468326 0.424201 0.159314 0.144097
0 0.351594 0.463597 0.159314 0.144097
0 0.225139 0.375719 0.159314 0.144097
0 0.137587 0.565115 0.159314 0.144097
0 0.020855 0.427230 0.159314 0.144097
0 0.023279 0.587842 0.159314 0.144097
0 0.319977 0.592388 0.159314 0.144097