0 0.517492 0.497517 0.076389 0.113715
0 0.379392 0.366594 0.076389 0.113715
0 0.254015 0.287494 0.076389 0.113715
0 0.119562 0.211120 0.076389 0.113715
0 0.061415 0.145647 0.076389 0.113715
0 0.015985 0.061097 0.076389 0.113715
0 0.070500 0.025635 0.076389 0.113715
0 0.114108 0.112921 0.076389 0.113715
0 0.195877 0.061097 0.076389 0.113715
0 0.153715 0.084284 0.076389 0.113715
0 0.185154 0.174018 0.076389 0.113715
0 0.266738 0.126836 0.076389 0.113715
0 0.313800 0.098464 0.076389 0.113715
0 0.529846 0.034365 0.076389 0.113715
0 0.502592 0.078002 0.076389 0.113715
0 0.458977 0.116189 0.076389 0.113715
0 0.411738 0.143476 0.076389 0.113715
0 0.382662 0.200751 0.076389 0.113715
0 0.315431 0.236212 0.076389 0.113715
0 0.446262 0.309861 0.076389 0.113715
0 0.486238 0.268938 0.076389 0.113715
0 0.529846 0.222575 0.076389 0.113715
0 0.577085 0.187113 0.076389 0.113715
0 0.622515 0.154376 0.076389 0.113715
0 0.755154 0.279850 0.076389 0.113715
0 0.687923 0.318037 0.076389 0.113715
0 0.647954 0.380774 0.076389 0.113715
0 0.591623 0.427148 0.076389 0.113715