0 0.276558 0.828086 0.047454 0.060764
0 0.294105 0.816510 0.047454 0.060764
0 0.273742 0.788105 0.047454 0.060764
0 0.254093 0.783884 0.047454 0.060764
0 0.272340 0.750225 0.047454 0.060764
0 0.301827 0.864916 0.047454 0.060764
0 0.331302 0.859644 0.047454 0.060764
0 0.359374 0.856492 0.047454 0.060764
0 0.350951 0.831238 0.047454 0.060764
0 0.377635 0.811257 0.047454 0.060764
0 0.377635 0.753377 0.047454 0.060764
0 0.334819 0.787054 0.047454 0.060764
0 0.313054 0.741801 0.047454 0.060764
0 0.303930 0.776529 0.047454 0.060764
0 0.344643 0.696567 0.047454 0.060764
0 0.357972 0.641839 0.047454 0.060764
0 0.308135 0.670263 0.047454 0.060764
0 0.282165 0.683940 0.047454 0.060764
0 0.254093 0.694465 0.047454 0.060764
0 0.254093 0.658687 0.047454 0.060764
0 0.291302 0.639737 0.047454 0.060764
0 0.394481 0.779681 0.047454 0.060764
0 0.401489 0.711295 0.047454 0.060764
0 0.389562 0.657636 0.047454 0.060764
0 0.381840 0.614484 0.047454 0.060764
0 0.378335 0.579775 0.047454 0.060764
0 0.355870 0.580826 0.047454 0.060764
0 0.376921 0.522946 0.047454 0.060764
0 0.399387 0.537674 0.047454 0.060764
0 0.411314 0.588180 0.047454 0.060764
0 0.435181 0.551351 0.047454 0.060764
0 0.242165 0.523996 0.047454 0.060764
0 0.255494 0.579775 0.047454 0.060764
0 0.263217 0.621857 0.047454 0.060764
0 0.268135 0.539794 0.047454 0.060764
0 0.281464 0.588180 0.047454 0.060764
0 0.309549 0.545047 0.047454 0.060764
0 0.319374 0.600807 0.047454 0.060764
0 0.281464 0.539794 0.047454 0.060764
0 0.289887 0.505066 0.047454 0.060764
0 0.254793 0.485066 0.047454 0.060764
0 0.276558 0.474540 0.047454 0.060764
0 0.306733 0.442983 0.047454 0.060764
0 0.273742 0.416679 0.047454 0.060764
0 0.273041 0.373546 0.047454 0.060764
0 0.304631 0.339869 0.047454 0.060764
0 0.301827 0.390375 0.047454 0.060764
0 0.336921 0.406154 0.047454 0.060764
0 0.346746 0.465084 0.047454 0.060764
0 0.385344 0.464034 0.047454 0.060764
0 0.386758 0.411426 0.047454 0.060764
0 0.407810 0.395629 0.047454 0.060764
0 0.397985 0.332495 0.047454 0.060764
0 0.385344 0.363021 0.047454 0.060764
0 0.341827 0.361970 0.047454 0.060764
0 0.339725 0.328293 0.047454 0.060764
0 0.416934 0.477711 0.047454 0.060764
0 0.465369 0.672364 0.047454 0.060764
0 0.524330 0.708143 0.047454 0.060764
0 0.525732 0.675516 0.047454 0.060764
0 0.558723 0.651313 0.047454 0.060764
0 0.553805 0.679719 0.047454 0.060764
0 0.581877 0.661839 0.047454 0.060764
0 0.568548 0.583977 0.047454 0.060764
0 0.528536 0.608180 0.047454 0.060764
0 0.496245 0.638687 0.047454 0.060764
0 0.460451 0.595553 0.047454 0.060764
0 0.452028 0.625009 0.047454 0.060764
0 0.468173 0.520844 0.047454 0.060764
0 0.489237 0.562927 0.047454 0.060764
0 0.506783 0.518743 0.047454 0.060764
0 0.534155 0.553471 0.047454 0.060764
0 0.550300 0.535572 0.047454 0.060764
0 0.605745 0.527167 0.047454 0.060764
0 0.602941 0.570300 0.047454 0.060764
0 0.638035 0.529268 0.047454 0.060764
0 0.639437 0.469287 0.047454 0.060764
0 0.600839 0.464034 0.047454 0.060764
0 0.551702 0.479812 0.047454 0.060764
0 0.536258 0.432458 0.047454 0.060764
0 0.491339 0.461914 0.047454 0.060764
0 0.497660 0.422983 0.047454 0.060764
0 0.461151 0.406154 0.047454 0.060764
0 0.489937 0.358799 0.047454 0.060764
0 0.532053 0.379850 0.047454 0.060764
0 0.522916 0.469287 0.047454 0.060764
0 0.579775 0.390375 0.047454 0.060764
0 0.616971 0.378799 0.047454 0.060764
0 0.635232 0.408255 0.047454 0.060764
0 0.659086 0.430356 0.047454 0.060764
0 0.671026 0.464034 0.047454 0.060764
0 0.689975 0.425103 0.047454 0.060764
0 0.685757 0.352495 0.047454 0.060764
0 0.661202 0.359869 0.047454 0.060764
0 0.631715 0.311463 0.047454 0.060764
0 0.598723 0.319869 0.047454 0.060764
0 0.555207 0.335666 0.047454 0.060764
0 0.521514 0.320938 0.047454 0.060764
0 0.486421 0.311463 0.047454 0.060764
0 0.456245 0.311463 0.047454 0.060764
0 0.463267 0.232552 0.047454 0.060764
0 0.487121 0.246229 0.047454 0.060764
0 0.526433 0.244128 0.047454 0.060764
0 0.558023 0.273583 0.047454 0.060764
0 0.591001 0.279887 0.047454 0.060764
0 0.582578 0.234653 0.047454 0.060764
0 0.562228 0.189400 0.047454 0.060764
0 0.515207 0.202026 0.047454 0.060764
0 0.487121 0.184146 0.047454 0.060764
0 0.453429 0.183096 0.047454 0.060764
0 0.463967 0.125216 0.047454 0.060764
0 0.520814 0.128386 0.047454 0.060764
0 0.548185 0.131538 0.047454 0.060764
0 0.590300 0.114709 0.047454 0.060764
0 0.622591 0.177824 0.047454 0.060764
0 0.610663 0.217824 0.047454 0.060764
0 0.628210 0.254634 0.047454 0.060764
0 0.643655 0.222026 0.047454 0.060764
0 0.667509 0.280938 0.047454 0.060764
0 0.702603 0.311463 0.047454 0.060764
0 0.737697 0.345122 0.047454 0.060764
0 0.734193 0.271482 0.047454 0.060764
0 0.699800 0.248330 0.047454 0.060764
0 0.678748 0.195722 0.047454 0.060764
0 0.658385 0.130488 0.047454 0.060764
0 0.620488 0.137842 0.047454 0.060764
0 0.711026 0.147317 0.047454 0.060764
0 0.734193 0.211501 0.047454 0.060764
0 0.680150 0.031576 0.047454 0.060764
0 0.706120 0.016848 0.047454 0.060764
0 0.700501 0.074709 0.047454 0.060764
0 0.718748 0.043152 0.047454 0.060764
0 0.748235 0.038949 0.047454 0.060764
0 0.739111 0.109437 0.047454 0.060764
0 0.774205 0.098912 0.047454 0.060764
0 0.767184 0.150469 0.047454 0.060764
0 0.787534 0.029475 0.047454 0.060764
0 0.819124 0.171520 0.047454 0.060764
0 0.789637 0.219925 0.047454 0.060764
0 0.781227 0.253583 0.047454 0.060764
0 0.758761 0.285159 0.047454 0.060764
0 0.833867 0.229381 0.047454 0.060764
0 0.874568 0.206248 0.047454 0.060764
0 0.890013 0.168368 0.047454 0.060764
0 0.845795 0.284109 0.047454 0.060764
0 0.847196 0.324090 0.047454 0.060764
0 0.817722 0.273583 0.047454 0.060764
0 0.951076 0.608180 0.047454 0.060764
0 0.986170 0.633433 0.047454 0.060764
0 0.915282 0.577655 0.047454 0.060764
0 0.901239 0.603959 0.047454 0.060764
0 0.857021 0.596604 0.047454 0.060764
0 0.868260 0.641839 0.047454 0.060764
0 0.826846 0.650263 0.047454 0.060764
0 0.841589 0.681839 0.047454 0.060764
0 0.886508 0.696567 0.047454 0.060764
0 0.918085 0.713396 0.047454 0.060764
0 0.923705 0.642908 0.047454 0.060764
0 0.952478 0.687092 0.047454 0.060764
0 0.984068 0.714447 0.047454 0.060764
0 0.958798 0.757580 0.047454 0.060764
0 0.990388 0.775478 0.047454 0.060764
0 0.919499 0.761801 0.047454 0.060764
0 0.884406 0.776529 0.047454 0.060764
0 0.858423 0.743902 0.047454 0.060764
0 0.840175 0.766004 0.047454 0.060764
0 0.813504 0.722871 0.047454 0.060764
0 0.807196 0.758649 0.047454 0.060764
0 0.822628 0.787054 0.047454 0.060764
0 0.928623 0.815460 0.047454 0.060764
0 0.880889 0.815460 0.047454 0.060764
0 0.899837 0.853340 0.047454 0.060764
0 0.939149 0.875441 0.047454 0.060764
0 0.968623 0.821764 0.047454 0.060764
0 0.972841 0.871220 0.047454 0.060764
0 0.983367 0.902795 0.047454 0.060764
0 0.795257 0.838612 0.047454 0.060764
0 0.818423 0.844916 0.047454 0.060764
0 0.850013 0.889118 0.047454 0.060764
0 0.827547 0.911201 0.047454 0.060764
0 0.779812 0.912251 0.047454 0.060764
0 0.791051 0.957505 0.047454 0.060764
0 0.892816 0.897523 0.047454 0.060764
0 0.885106 0.931201 0.047454 0.060764
0 0.925807 0.934353 0.047454 0.060764
0 0.925106 0.991182 0.047454 0.060764
0 0.882290 0.973283 0.047454 0.060764
0 0.834568 0.973283 0.047454 0.060764
0 0.790350 0.993283 0.047454 0.060764
0 0.766483 0.994334 0.047454 0.060764
0 0.852528 0.841876 0.047454 0.060764