0 0.778187 0.116667 0.065755 0.085069
0 0.855450 0.127267 0.065755 0.085069
0 0.906587 0.137883 0.065755 0.085069
0 0.930450 0.095450 0.065755 0.085069
0 0.899775 0.083333 0.065755 0.085069
0 0.969087 0.142417 0.065755 0.085069
0 0.938413 0.233333 0.065755 0.085069
0 0.838413 0.203033 0.065755 0.085069
0 0.761138 0.246967 0.065755 0.085069
0 0.779313 0.325750 0.065755 0.085069
0 0.870225 0.298483 0.065755 0.085069
0 0.960000 0.322733 0.065755 0.085069
0 0.996363 0.348483 0.065755 0.085069
0 0.962275 0.409083 0.065755 0.085069
0 0.897500 0.396967 0.065755 0.085069
0 0.838413 0.387883 0.065755 0.085069
0 0.775913 0.471217 0.065755 0.085069
0 0.633862 0.481817 0.065755 0.085069
0 0.558862 0.490917 0.065755 0.085069
0 0.700913 0.463633 0.065755 0.085069
0 0.735000 0.531817 0.065755 0.085069
0 0.707725 0.590917 0.065755 0.085069
0 0.624775 0.575750 0.065755 0.085069
0 0.452050 0.436367 0.065755 0.085069
0 0.895225 0.484850 0.065755 0.085069
0 0.963413 0.574250 0.065755 0.085069
0 0.839550 0.550000 0.065755 0.085069
0 0.796363 0.604550 0.065755 0.085069
0 0.865687 0.648483 0.065755 0.085069
0 0.767950 0.721217 0.065755 0.085069
0 0.681588 0.713633 0.065755 0.085069
0 0.162275 0.550000 0.065755 0.085069
0 0.061137 0.487883 0.065755 0.085069
0 0.105450 0.528783 0.065755 0.085069
0 0.128188 0.633333 0.065755 0.085069
0 0.917950 0.933333 0.065755 0.085069
0 0.964550 0.734850 0.065755 0.085069
0 0.021362 0.566667 0.065755 0.085069
0 0.078187 0.572733 0.065755 0.085069
0 0.063412 0.627267 0.065755 0.085069
0 0.011137 0.636367 0.065755 0.085069
0 0.047500 0.710600 0.065755 0.085069
0 0.144088 0.731817 0.065755 0.085069
0 0.204312 0.715150 0.065755 0.085069
0 0.017950 0.789400 0.065755 0.085069
0 0.095225 0.784850 0.065755 0.085069
0 0.092950 0.886367 0.065755 0.085069
0 0.181588 0.809083 0.065755 0.085069
0 0.180450 0.896967 0.065755 0.085069
0 0.275913 0.843933 0.065755 0.085069
0 0.296363 0.972733 0.065755 0.085069
0 0.139550 0.981817 0.065755 0.085069
0 0.408862 0.975750 0.065755 0.085069
0 0.358862 0.900000 0.065755 0.085069
0 0.500912 0.901517 0.065755 0.085069
0 0.488413 0.754550 0.065755 0.085069
0 0.631587 0.942417 0.065755 0.085069
0 0.778187 0.968183 0.065755 0.085069
0 0.777050 0.868183 0.065755 0.085069
0 0.855450 0.780300 0.065755 0.085069
0 0.012788 0.088600 0.065755 0.085069
0 0.019887 0.117000 0.065755 0.085069
0 0.045137 0.104383 0.065755 0.085069
0 0.049088 0.072817 0.065755 0.085069
0 0.079075 0.092800 0.065755 0.085069
0 0.015150 0.148567 0.065755 0.085069
0 0.052237 0.142250 0.065755 0.085069
0 0.088538 0.130683 0.065755 0.085069
0 0.085388 0.161200 0.065755 0.085069
0 0.043563 0.166450 0.065755 0.085069
0 0.008050 0.172767 0.065755 0.085069
0 0.027775 0.188550 0.065755 0.085069
0 0.008050 0.211700 0.065755 0.085069
0 0.023037 0.252733 0.065755 0.085069
0 0.060925 0.234850 0.065755 0.085069
0 0.043563 0.213800 0.065755 0.085069
0 0.060138 0.188550 0.065755 0.085069
0 0.083013 0.203283 0.065755 0.085069
0 0.112212 0.182233 0.065755 0.085069
0 0.129575 0.155933 0.065755 0.085069
0 0.127213 0.130683 0.065755 0.085069
0 0.150888 0.160150 0.065755 0.085069
0 0.163513 0.127533 0.065755 0.085069
0 0.154825 0.141200 0.065755 0.085069
0 0.210075 0.114900 0.065755 0.085069
0 0.094063 0.235900 0.065755 0.085069
0 0.143788 0.250633 0.065755 0.085069
0 0.119313 0.265367 0.065755 0.085069
0 0.091700 0.295883 0.065755 0.085069
0 0.023838 0.286400 0.065755 0.085069
0 0.166663 0.231700 0.065755 0.085069
0 0.126425 0.226433 0.065755 0.085069
0 0.196650 0.248533 0.065755 0.085069
0 0.165875 0.295883 0.065755 0.085069
0 0.137463 0.332700 0.065755 0.085069
0 0.080650 0.352700 0.065755 0.085069
0 0.028563 0.324283 0.065755 0.085069
0 0.046712 0.336917 0.065755 0.085069
0 0.038825 0.389517 0.065755 0.085069
0 0.170613 0.367417 0.065755 0.085069
0 0.082225 0.416883 0.065755 0.085069
0 0.181663 0.425300 0.065755 0.085069
0 0.135887 0.443183 0.065755 0.085069
0 0.127213 0.398983 0.065755 0.085069
0 0.247950 0.155933 0.065755 0.085069
0 0.229800 0.194867 0.065755 0.085069
0 0.267675 0.174867 0.065755 0.085069
0 0.275562 0.145417 0.065755 0.085069
0 0.497313 0.090700 0.065755 0.085069
0 0.436550 0.142250 0.065755 0.085069
0 0.420775 0.091750 0.065755 0.085069
0 0.451550 0.106483 0.065755 0.085069
0 0.499688 0.130683 0.065755 0.085069
0 0.465750 0.151733 0.065755 0.085069
0 0.471275 0.122267 0.065755 0.085069
0 0.528888 0.114900 0.065755 0.085069
0 0.550187 0.101217 0.065755 0.085069
0 0.593588 0.133833 0.065755 0.085069
0 0.567550 0.141200 0.065755 0.085069
0 0.573075 0.108583 0.065755 0.085069
0 0.607013 0.104383 0.065755 0.085069
0 0.605425 0.078067 0.065755 0.085069
0 0.641725 0.118050 0.065755 0.085069
0 0.634625 0.097017 0.065755 0.085069
0 0.620425 0.144367 0.065755 0.085069
0 0.535200 0.151733 0.065755 0.085069
0 0.476013 0.178033 0.065755 0.085069
0 0.442075 0.180133 0.065755 0.085069
0 0.507575 0.182233 0.065755 0.085069
0 0.557288 0.189600 0.065755 0.085069
0 0.487850 0.222217 0.065755 0.085069
0 0.617263 0.188550 0.065755 0.085069
0 0.654350 0.170667 0.065755 0.085069
0 0.659087 0.125417 0.065755 0.085069
0 0.698550 0.149617 0.065755 0.085069
0 0.742738 0.182233 0.065755 0.085069
0 0.689863 0.231700 0.065755 0.085069
0 0.579388 0.236950 0.065755 0.085069
0 0.614900 0.271683 0.065755 0.085069
0 0.547037 0.309550 0.065755 0.085069
0 0.524150 0.242217 0.065755 0.085069
0 0.488638 0.277983 0.065755 0.085069
0 0.545450 0.397933 0.065755 0.085069
0 0.610950 0.362167 0.065755 0.085069
0 0.649625 0.322183 0.065755 0.085069
0 0.689863 0.316917 0.065755 0.085069
0 0.727750 0.389517 0.065755 0.085069
0 0.662250 0.385317 0.065755 0.085069
0 0.015150 0.453700 0.065755 0.085069