0 0.068246 0.222657 0.040868 0.195312
0 0.089423 0.213567 0.040868 0.195312
0 0.110592 0.213567 0.040868 0.195312
0 0.137331 0.236297 0.040868 0.195312
0 0.158500 0.233264 0.040868 0.195312
0 0.187469 0.207500 0.040868 0.195312
0 0.222015 0.213567 0.040868 0.195312
0 0.255438 0.209017 0.040868 0.195312
0 0.239838 0.149927 0.040868 0.195312
0 0.295554 0.233264 0.040868 0.195312
0 0.343462 0.212050 0.040868 0.195312
0 0.399169 0.213567 0.040868 0.195312
0 0.457115 0.224174 0.040868 0.195312
0 0.501677 0.210533 0.040868 0.195312
0 0.560731 0.213567 0.040868 0.195312
0 0.611985 0.219623 0.040868 0.195312
0 0.589708 0.216600 0.040868 0.195312
0 0.657669 0.202960 0.040868 0.195312
0 0.700015 0.216600 0.040868 0.195312
0 0.742354 0.213567 0.040868 0.195312
0 0.776892 0.248410 0.040868 0.195312
0 0.806977 0.227197 0.040868 0.195312
0 0.849315 0.216600 0.040868 0.195312
0 0.893885 0.216600 0.040868 0.195312
0 0.065577 0.477803 0.040868 0.195312
0 0.094431 0.475230 0.040868 0.195312
0 0.112038 0.480230 0.040868 0.195312
0 0.152931 0.492960 0.040868 0.195312
0 0.139000 0.438567 0.040868 0.195312
0 0.194715 0.484017 0.040868 0.195312
0 0.212315 0.396904 0.040868 0.195312
0 0.234600 0.480230 0.040868 0.195312
0 0.250423 0.408264 0.040868 0.195312
0 0.266138 0.484017 0.040868 0.195312
0 0.305131 0.480230 0.040868 0.195312
0 0.325631 0.451297 0.040868 0.195312
0 0.344131 0.492960 0.040868 0.195312
0 0.365523 0.495387 0.040868 0.195312
0 0.386915 0.482803 0.040868 0.195312
0 0.410092 0.486600 0.040868 0.195312
0 0.449985 0.477803 0.040868 0.195312
0 0.491762 0.492960 0.040868 0.195312
0 0.529869 0.492960 0.040868 0.195312
0 0.571654 0.471444 0.040868 0.195312
0 0.609762 0.474017 0.040868 0.195312
0 0.647754 0.479017 0.040868 0.195312
0 0.686754 0.470230 0.040868 0.195312
0 0.725754 0.476444 0.040868 0.195312
0 0.763854 0.477803 0.040868 0.195312
0 0.798177 0.479017 0.040868 0.195312
0 0.833492 0.481600 0.040868 0.195312
0 0.874385 0.485387 0.040868 0.195312
0 0.055438 0.766904 0.040868 0.195312
0 0.078615 0.692354 0.040868 0.195312
0 0.090646 0.760533 0.040868 0.195312
0 0.131538 0.758107 0.040868 0.195312
0 0.171423 0.750533 0.040868 0.195312
0 0.215100 0.759320 0.040868 0.195312
0 0.265246 0.756747 0.040868 0.195312
0 0.303346 0.756747 0.040868 0.195312
0 0.332985 0.759320 0.040868 0.195312
0 0.379454 0.751747 0.040868 0.195312
0 0.440731 0.740387 0.040868 0.195312
0 0.490869 0.761904 0.040868 0.195312
0 0.536331 0.759320 0.040868 0.195312
0 0.581908 0.751747 0.040868 0.195312
0 0.622685 0.751747 0.040868 0.195312
0 0.663577 0.764320 0.040868 0.195312
0 0.708146 0.770690 0.040868 0.195312
0 0.749038 0.764320 0.040868 0.195312
0 0.789815 0.752960 0.040868 0.195312
0 0.830708 0.758107 0.040868 0.195312
0 0.924746 0.488264 0.040868 0.195312
0 0.868815 0.758107 0.040868 0.195312
0 0.907815 0.753567 0.040868 0.195312
0 0.946808 0.753567 0.040868 0.195312