0 0.033169 0.419630 0.042824 0.078125
0 0.063446 0.395393 0.042824 0.078125
0 0.091708 0.371155 0.042824 0.078125
0 0.112900 0.345393 0.042824 0.078125
0 0.140154 0.328730 0.042824 0.078125
0 0.083631 0.280242 0.042824 0.078125
0 0.059408 0.298418 0.042824 0.078125
0 0.038215 0.318118 0.042824 0.078125
0 0.019038 0.339330 0.042824 0.078125
0 0.013985 0.268118 0.042824 0.078125
0 0.028115 0.239330 0.042824 0.078125
0 0.056377 0.142367 0.042824 0.078125
0 0.890085 0.189330 0.042824 0.078125
0 0.844662 0.218118 0.042824 0.078125
0 0.775015 0.155993 0.042824 0.078125
0 0.833562 0.054480 0.042824 0.078125
0 0.716477 0.181755 0.042824 0.078125
0 0.714462 0.052968 0.042824 0.078125
0 0.661977 0.113580 0.042824 0.078125
0 0.587285 0.143880 0.042824 0.078125
0 0.594346 0.051455 0.042824 0.078125
0 0.553977 0.081755 0.042824 0.078125
0 0.481308 0.116605 0.042824 0.078125
0 0.403585 0.084792 0.042824 0.078125
0 0.463138 0.040843 0.042824 0.078125
0 0.507546 0.027206 0.042824 0.078125
0 0.409646 0.016605 0.042824 0.078125
0 0.345046 0.033268 0.042824 0.078125
0 0.295592 0.068118 0.042824 0.078125
0 0.230992 0.042367 0.042824 0.078125
0 0.280446 0.015092 0.042824 0.078125
0 0.190623 0.016605 0.042824 0.078125
0 0.115931 0.018118 0.042824 0.078125