0 0.981460 0.851790 0.055339 0.300347
0 0.988037 0.565944 0.055339 0.300347
0 0.698027 0.145951 0.055339 0.300347
0 0.402759 0.172253 0.055339 0.300347
0 0.621089 0.522103 0.055339 0.300347
0 0.407363 0.550163 0.055339 0.300347
0 0.370537 0.535254 0.055339 0.300347
0 0.345547 0.516842 0.055339 0.300347
0 0.459971 0.500182 0.055339 0.300347
0 0.773652 0.480020 0.055339 0.300347
0 0.481016 0.948242 0.055339 0.300347
0 0.459312 0.989453 0.055339 0.300347
0 0.627007 0.900013 0.055339 0.300347
0 0.716440 0.861432 0.055339 0.300347
0 0.144971 0.630833 0.055339 0.300347
0 0.214678 0.585234 0.055339 0.300347
0 0.186401 0.551042 0.055339 0.300347
0 0.255674 0.254538 0.055339 0.300347
0 0.322720 0.245443 0.055339 0.300347
0 0.390903 0.292415 0.055339 0.300347
0 0.454536 0.236354 0.055339 0.300347
0 0.515903 0.254538 0.055339 0.300347
0 0.570449 0.246960 0.055339 0.300347
0 0.618174 0.295443 0.055339 0.300347
0 0.674995 0.274232 0.055339 0.300347
0 0.720449 0.259082 0.055339 0.300347
0 0.770449 0.265143 0.055339 0.300347
0 0.813628 0.253021 0.055339 0.300347
0 0.854536 0.237871 0.055339 0.300347
0 0.888628 0.237871 0.055339 0.300347
0 0.919312 0.287871 0.055339 0.300347
0 0.946582 0.271204 0.055339 0.300347
0 0.967036 0.277266 0.055339 0.300347
0 0.990903 0.274232 0.055339 0.300347
0 0.102949 0.806810 0.055339 0.300347
0 0.192720 0.781048 0.055339 0.300347
0 0.292720 0.740143 0.055339 0.300347
0 0.367720 0.723477 0.055339 0.300347
0 0.447266 0.691660 0.055339 0.300347
0 0.517720 0.687109 0.055339 0.300347
0 0.579082 0.662871 0.055339 0.300347
0 0.635903 0.668932 0.055339 0.300347
0 0.683628 0.647715 0.055339 0.300347
0 0.732495 0.629538 0.055339 0.300347
0 0.772266 0.621960 0.055339 0.300347
0 0.821128 0.597715 0.055339 0.300347
0 0.865449 0.591660 0.055339 0.300347
0 0.891582 0.578021 0.055339 0.300347
0 0.930220 0.556810 0.055339 0.300347
0 0.840449 0.926504 0.055339 0.300347
0 0.890449 0.896204 0.055339 0.300347
0 0.925674 0.874993 0.055339 0.300347
0 0.952949 0.864382 0.055339 0.300347
0 0.797607 0.927266 0.055339 0.300347
0 0.757832 0.967715 0.055339 0.300347
0 0.718062 0.980293 0.055339 0.300347
0 0.661245 0.982871 0.055339 0.300347
0 0.520107 0.987871 0.055339 0.300347