0 0.697362 0.774711 0.033187 0.162326
0 0.735212 0.783689 0.033187 0.162326
0 0.779375 0.779200 0.033187 0.162326
0 0.656975 0.776956 0.033187 0.162326
0 0.617862 0.783689 0.033187 0.162326
0 0.585050 0.781444 0.033187 0.162326
0 0.923225 0.783689 0.033187 0.162326
0 0.963600 0.785933 0.033187 0.162326
0 1.000000 0.785933 0.033187 0.162326
0 0.938362 0.512267 0.033187 0.162326
0 0.939625 0.364200 0.033187 0.162326
0 0.908088 0.361956 0.033187 0.162326
0 0.867700 0.377667 0.033187 0.162326
0 0.875275 0.510022 0.033187 0.162326
0 0.901775 0.503289 0.033187 0.162326
0 0.702400 0.480844 0.033187 0.162326
0 0.663288 0.478622 0.033187 0.162326
0 0.678425 0.157822 0.033187 0.162326
0 0.717550 0.157822 0.033187 0.162326
0 0.759188 0.166800 0.033187 0.162326
0 0.793262 0.166800 0.033187 0.162326
0 0.832375 0.171289 0.033187 0.162326
0 0.868962 0.166800 0.033187 0.162326
0 0.428587 0.469644 0.033187 0.162326
0 0.397037 0.467400 0.033187 0.162326
0 0.361713 0.469644 0.033187 0.162326
0 0.317550 0.460667 0.033187 0.162326
0 0.286000 0.456178 0.033187 0.162326
0 0.246887 0.471889 0.033187 0.162326
0 0.097987 0.476378 0.033187 0.162326
0 0.066437 0.474133 0.033187 0.162326
0 0.018488 0.474133 0.033187 0.162326
0 0.384425 0.765756 0.033187 0.162326
0 0.432375 0.754533 0.033187 0.162326