0 0.179625 0.559456 0.070602 0.098090
0 0.212616 0.637317 0.070602 0.098090
0 0.135407 0.618386 0.070602 0.098090
0 0.124168 0.679418 0.070602 0.098090
0 0.112240 0.747805 0.070602 0.098090
0 0.108736 0.815141 0.070602 0.098090
0 0.091890 0.921407 0.070602 0.098090
0 0.189449 0.927730 0.070602 0.098090
0 0.208398 0.811989 0.070602 0.098090
0 0.203492 0.737280 0.070602 0.098090
0 0.272979 0.748856 0.070602 0.098090
0 0.298949 0.837242 0.070602 0.098090
0 0.292628 0.930882 0.070602 0.098090
0 0.271577 0.694146 0.070602 0.098090
0 0.284205 0.631013 0.070602 0.098090
0 0.361414 0.635216 0.070602 0.098090
0 0.369136 0.587861 0.070602 0.098090
0 0.244193 0.604709 0.070602 0.098090
0 0.986859 0.761782 0.070602 0.098090