0 0.706947 0.748932 0.027778 0.028646
0 0.749071 0.748932 0.027778 0.028646
0 0.788053 0.748932 0.027778 0.028646
0 0.791217 0.717366 0.027778 0.028646
0 0.753296 0.719982 0.027778 0.028646
0 0.711150 0.717366 0.027778 0.028646
0 0.674292 0.719982 0.027778 0.028646
0 0.671128 0.691050 0.027778 0.028646
0 0.713252 0.686667 0.027778 0.028646
0 0.752235 0.686667 0.027778 0.028646
0 0.791217 0.688416 0.027778 0.028646
0 0.746969 0.658619 0.027778 0.028646
0 0.713252 0.656851 0.027778 0.028646
0 0.677456 0.658619 0.027778 0.028646
0 0.672190 0.624420 0.027778 0.028646
0 0.715376 0.626169 0.027778 0.028646
0 0.751173 0.627053 0.027778 0.028646
0 0.786991 0.628803 0.027778 0.028646
0 0.785951 0.598987 0.027778 0.028646
0 0.751173 0.592855 0.027778 0.028646
0 0.710111 0.598103 0.027778 0.028646
0 0.750133 0.565672 0.027778 0.028646
0 0.755398 0.537606 0.027778 0.028646
0 0.637412 0.539374 0.027778 0.028646
0 0.445708 0.721750 0.027778 0.028646
0 0.328783 0.722615 0.027778 0.028646
0 0.252942 0.748048 0.027778 0.028646
0 0.219248 0.720866 0.027778 0.028646
0 0.256106 0.689300 0.027778 0.028646
0 0.254004 0.628803 0.027778 0.028646
0 0.749071 0.470976 0.027778 0.028646
0 0.672190 0.475359 0.027778 0.028646
0 0.634270 0.442044 0.027778 0.028646
0 0.636372 0.411344 0.027778 0.028646
0 0.672190 0.409595 0.027778 0.028646
0 0.707987 0.410479 0.027778 0.028646
0 0.745907 0.407845 0.027778 0.028646
0 0.782788 0.442044 0.027778 0.028646
0 0.748031 0.247385 0.027778 0.028646
0 0.748031 0.281584 0.027778 0.028646
0 0.749071 0.312265 0.027778 0.028646
0 0.710111 0.280700 0.027778 0.028646
0 0.670066 0.247385 0.027778 0.028646
0 0.706947 0.343831 0.027778 0.028646
0 0.674292 0.376280 0.027778 0.028646
0 0.633208 0.312265 0.027778 0.028646
0 0.596350 0.279816 0.027778 0.028646
0 0.599491 0.346464 0.027778 0.028646
0 0.557367 0.280700 0.027778 0.028646
0 0.562633 0.378913 0.027778 0.028646
0 0.521549 0.411344 0.027778 0.028646
0 0.519447 0.377145 0.027778 0.028646
0 0.518385 0.345580 0.027778 0.028646
0 0.520509 0.317532 0.027778 0.028646
0 0.517345 0.286832 0.027778 0.028646
0 0.480465 0.255267 0.027778 0.028646
0 0.479425 0.284217 0.027778 0.028646
0 0.482588 0.313149 0.027778 0.028646
0 0.441504 0.315783 0.027778 0.028646
0 0.445708 0.375396 0.027778 0.028646
0 0.445708 0.406961 0.027778 0.028646
0 0.406726 0.406096 0.027778 0.028646
0 0.407788 0.438527 0.027778 0.028646
0 0.324580 0.250884 0.027778 0.028646
0 0.365664 0.248250 0.027778 0.028646
0 0.402522 0.250018 0.027778 0.028646
0 0.405686 0.283333 0.027778 0.028646
0 0.366704 0.282449 0.027778 0.028646
0 0.326681 0.283333 0.027778 0.028646
0 0.288761 0.285967 0.027778 0.028646
0 0.211858 0.281584 0.027778 0.028646
0 0.179204 0.313149 0.027778 0.028646
0 0.252942 0.317532 0.027778 0.028646
0 0.323518 0.311400 0.027778 0.028646
0 0.219248 0.346464 0.027778 0.028646
0 0.216084 0.378029 0.027778 0.028646
0 0.255044 0.378029 0.027778 0.028646
0 0.250841 0.441160 0.027778 0.028646
0 0.212920 0.439411 0.027778 0.028646
0 0.208717 0.470976 0.027778 0.028646
0 0.890221 0.309632 0.027778 0.028646
0 0.904978 0.290350 0.027778 0.028646
0 0.917611 0.308766 0.027778 0.028646
0 0.943938 0.314899 0.027778 0.028646
0 0.965022 0.323665 0.027778 0.028646
0 0.969226 0.298232 0.027778 0.028646
0 0.990288 0.306133 0.027778 0.028646
0 0.989248 0.286832 0.027778 0.028646
0 0.994513 0.265801 0.027778 0.028646
0 0.951327 0.286832 0.027778 0.028646
0 0.942898 0.297366 0.027778 0.028646
0 0.903916 0.263168 0.027778 0.028646
0 0.923938 0.271934 0.027778 0.028646
0 0.939735 0.269300 0.027778 0.028646
0 0.962898 0.262284 0.027778 0.028646
0 0.980819 0.247385 0.027778 0.028646
0 0.942898 0.247385 0.027778 0.028646
0 0.892323 0.245635 0.027778 0.028646
0 0.884956 0.224586 0.027778 0.028646
0 0.930243 0.224586 0.027778 0.028646
0 0.934469 0.212302 0.027778 0.028646
0 0.961858 0.219319 0.027778 0.028646
0 0.994513 0.216685 0.027778 0.028646
0 0.987124 0.231602 0.027778 0.028646
0 0.904978 0.210552 0.027778 0.028646
0 0.879690 0.194770 0.027778 0.028646
0 0.903916 0.191271 0.027778 0.028646
0 0.904978 0.174604 0.027778 0.028646
0 0.902876 0.159705 0.027778 0.028646
0 0.892323 0.140405 0.027778 0.028646
0 0.921836 0.136022 0.027778 0.028646
0 0.935509 0.111473 0.027778 0.028646
0 0.947102 0.129890 0.027778 0.028646
0 0.963960 0.113223 0.027778 0.028646
0 0.992389 0.123757 0.027778 0.028646
0 0.987124 0.132523 0.027778 0.028646
0 0.974491 0.147422 0.027778 0.028646
0 0.947102 0.148306 0.027778 0.028646
0 0.926040 0.154438 0.027778 0.028646
0 0.976593 0.172855 0.027778 0.028646
0 0.996615 0.172855 0.027778 0.028646
0 0.990288 0.199153 0.027778 0.028646
0 0.963960 0.206169 0.027778 0.028646
0 0.962898 0.186004 0.027778 0.028646
0 0.935509 0.200037 0.027778 0.028646
0 0.928142 0.185120 0.027778 0.028646
0 0.949204 0.191271 0.027778 0.028646
0 0.947102 0.171105 0.027778 0.028646
0 0.019093 0.735764 0.027778 0.028646
0 0.007522 0.750681 0.027778 0.028646
0 0.039115 0.745414 0.027778 0.028646
0 0.014889 0.776114 0.027778 0.028646
0 0.029646 0.761197 0.027778 0.028646
0 0.025420 0.813812 0.027778 0.028646
0 0.026482 0.838361 0.027778 0.028646
0 0.013827 0.859411 0.027778 0.028646
0 0.012788 0.889227 0.027778 0.028646
0 0.005398 0.801529 0.027778 0.028646
0 0.004358 0.822578 0.027778 0.028646
0 0.059137 0.867293 0.027778 0.028646
0 0.074934 0.826077 0.027778 0.028646
0 0.053872 0.813812 0.027778 0.028646
0 0.049646 0.842744 0.027778 0.028646
0 0.032788 0.864659 0.027778 0.028646
0 0.028584 0.793646 0.027778 0.028646