0 0.148900 0.336422 0.164714 0.189236
0 0.331850 0.331867 0.164714 0.189236
0 0.513667 0.337933 0.164714 0.189236
0 0.676167 0.318222 0.164714 0.189236
0 0.846633 0.331867 0.164714 0.189236
0 0.887533 0.563689 0.164714 0.189236
0 0.701167 0.560667 0.164714 0.189236
0 0.517083 0.565200 0.164714 0.189236
0 0.331833 0.553111 0.164714 0.189236
0 0.145500 0.550044 0.164714 0.189236
0 0.095500 0.780356 0.164714 0.189236
0 0.301167 0.790956 0.164714 0.189236
0 0.511400 0.792467 0.164714 0.189236
0 0.709133 0.803089 0.164714 0.189236
0 0.913667 0.795511 0.164714 0.189236