0 0.484784 0.123567 0.094771 0.095486
0 0.098480 0.441264 0.094771 0.095486
0 0.280300 0.441264 0.094771 0.095486
0 0.243058 0.394506 0.094771 0.095486
0 0.237580 0.210375 0.094771 0.095486
0 0.374503 0.203066 0.094771 0.095486
0 0.446792 0.264443 0.094771 0.095486
0 0.566191 0.316320 0.094771 0.095486
0 0.476379 0.354318 0.094771 0.095486
0 0.436942 0.341890 0.094771 0.095486
0 0.525666 0.380613 0.094771 0.095486
0 0.635197 0.267359 0.094771 0.095486
0 0.592477 0.190638 0.094771 0.095486
0 0.648349 0.173830 0.094771 0.095486
0 0.026191 0.583755 0.094771 0.095486
0 0.378893 0.728423 0.094771 0.095486
0 0.283583 0.841677 0.094771 0.095486
0 0.030563 0.910363 0.094771 0.095486
0 0.687767 0.930100 0.094771 0.095486
0 0.076567 0.985632 0.094771 0.095486
0 0.894803 0.593980 0.094771 0.095486
0 0.542101 0.534793 0.094771 0.095486
0 0.725009 0.364543 0.094771 0.095486
0 0.863021 0.387922 0.094771 0.095486
0 0.912326 0.463191 0.094771 0.095486
0 0.974747 0.427384 0.094771 0.095486
0 0.979137 0.262253 0.094771 0.095486
0 0.843321 0.279049 0.094771 0.095486
0 0.719531 0.285632 0.094771 0.095486
0 0.742533 0.275394 0.094771 0.095486