0 0.579875 0.397583 0.120933 0.209201
0 0.534525 0.513726 0.120933 0.209201
0 0.813142 0.440366 0.120933 0.209201
0 0.801258 0.579434 0.120933 0.209201
0 0.816375 0.333396 0.120933 0.209201
0 0.916808 0.411333 0.120933 0.209201
0 0.929767 0.535118 0.120933 0.209201
0 0.966483 0.690991 0.120933 0.209201
0 0.801258 0.785743 0.120933 0.209201
0 0.968433 0.894847 0.120933 0.209201
0 0.752450 0.947111 0.120933 0.209201
0 0.596617 0.827158 0.120933 0.209201
0 0.467242 0.665472 0.120933 0.209201
0 0.379550 0.912276 0.120933 0.209201
0 0.524367 0.978597 0.120933 0.209201
0 0.265192 0.713608 0.120933 0.209201
0 0.142408 0.928620 0.120933 0.209201
0 0.067242 0.778255 0.120933 0.209201
0 0.028367 0.600366 0.120933 0.209201
0 0.007633 0.479340 0.120933 0.209201
0 0.126850 0.490342 0.120933 0.209201
0 0.196833 0.585696 0.120933 0.209201
0 0.231175 0.366863 0.120933 0.209201
0 0.277825 0.385200 0.120933 0.209201
0 0.450183 0.366863 0.120933 0.209201
0 0.391867 0.315519 0.120933 0.209201