0 0.729022 0.873292 0.108856 0.111979
0 0.491644 0.835392 0.108856 0.111979
0 0.272200 0.787994 0.108856 0.111979
0 0.084111 0.734295 0.108856 0.111979
0 0.030356 0.844859 0.108856 0.111979
0 0.193822 0.882790 0.108856 0.111979
0 0.366244 0.911191 0.108856 0.111979
0 0.966378 0.705862 0.108856 0.111979
0 0.755889 0.686928 0.108856 0.111979
0 0.536444 0.667962 0.108856 0.111979
0 0.393133 0.639530 0.108856 0.111979
0 0.236378 0.620596 0.108856 0.111979
0 0.142333 0.620596 0.108856 0.111979
0 0.057222 0.611097 0.108856 0.111979
0 0.986311 0.539091 0.108856 0.111979
0 0.804933 0.520752 0.108856 0.111979
0 0.604067 0.533417 0.108856 0.111979
0 0.409689 0.520752 0.108856 0.111979
0 0.281378 0.518871 0.108856 0.111979
0 0.182844 0.516991 0.108856 0.111979
0 0.084333 0.526144 0.108856 0.111979
0 0.076711 0.440219 0.108856 0.111979
0 0.133600 0.442100 0.108856 0.111979
0 0.199644 0.447492 0.108856 0.111979
0 0.300867 0.445893 0.108856 0.111979
0 0.408356 0.449373 0.108856 0.111979
0 0.501733 0.455047 0.108856 0.111979
0 0.628711 0.436740 0.108856 0.111979
0 0.819267 0.442100 0.108856 0.111979
0 0.991467 0.444013 0.108856 0.111979
0 0.984978 0.367241 0.108856 0.111979
0 0.974667 0.284796 0.108856 0.111979
0 0.974667 0.235517 0.108856 0.111979
0 0.978489 0.184357 0.108856 0.111979
0 0.966844 0.112947 0.108856 0.111979
0 0.973333 0.074734 0.108856 0.111979
0 0.823067 0.358088 0.108856 0.111979
0 0.825533 0.303103 0.108856 0.111979
0 0.839867 0.259216 0.108856 0.111979
0 0.852867 0.198871 0.108856 0.111979
0 0.863156 0.135078 0.108856 0.111979
0 0.864511 0.105674 0.108856 0.111979
0 0.876156 0.069373 0.108856 0.111979
0 0.885333 0.041881 0.108856 0.111979
0 0.657133 0.365361 0.108856 0.111979
0 0.688267 0.312288 0.108856 0.111979
0 0.719400 0.259216 0.108856 0.111979
0 0.740000 0.211818 0.108856 0.111979
0 0.759467 0.162539 0.108856 0.111979
0 0.786800 0.116740 0.108856 0.111979
0 0.802244 0.080094 0.108856 0.111979
0 0.536667 0.376395 0.108856 0.111979
0 0.598911 0.319530 0.108856 0.111979
0 0.610556 0.277524 0.108856 0.111979
0 0.639000 0.222884 0.108856 0.111979
0 0.680422 0.167931 0.108856 0.111979
0 0.703711 0.127806 0.108856 0.111979
0 0.727222 0.094953 0.108856 0.111979
0 0.745378 0.074734 0.108856 0.111979
0 0.422689 0.376395 0.108856 0.111979
0 0.478444 0.335956 0.108856 0.111979
0 0.504200 0.286677 0.108856 0.111979
0 0.554800 0.237398 0.108856 0.111979
0 0.613022 0.182445 0.108856 0.111979
0 0.646844 0.140439 0.108856 0.111979
0 0.662289 0.112947 0.108856 0.111979
0 0.685578 0.089248 0.108856 0.111979
0 0.317667 0.398213 0.108856 0.111979
0 0.402311 0.302163 0.108856 0.111979
0 0.458511 0.250376 0.108856 0.111979
0 0.516733 0.183386 0.108856 0.111979
0 0.551444 0.130000 0.108856 0.111979
0 0.220933 0.384608 0.108856 0.111979
0 0.265267 0.314483 0.108856 0.111979
0 0.279156 0.262696 0.108856 0.111979
0 0.331089 0.259530 0.108856 0.111979
0 0.309378 0.331223 0.108856 0.111979
0 0.404556 0.250376 0.108856 0.111979
0 0.402311 0.209310 0.108856 0.111979
0 0.454267 0.204890 0.108856 0.111979
0 0.456267 0.168245 0.108856 0.111979
0 0.101111 0.506238 0.108856 0.111979
0 0.156200 0.389028 0.108856 0.111979
0 0.187556 0.326489 0.108856 0.111979
0 0.219800 0.271850 0.108856 0.111979
0 0.240400 0.238683 0.108856 0.111979
0 0.251822 0.209937 0.108856 0.111979
0 0.263689 0.188777 0.108856 0.111979
0 0.350133 0.211818 0.108856 0.111979
0 0.010422 0.691348 0.108856 0.111979
0 0.013556 0.512226 0.108856 0.111979
0 0.090156 0.391881 0.108856 0.111979
0 0.116133 0.359655 0.108856 0.111979
0 0.135600 0.320188 0.108856 0.111979
0 0.162467 0.279122 0.108856 0.111979
0 0.010200 0.436113 0.108856 0.111979
0 0.025422 0.402320 0.108856 0.111979
0 0.376356 0.353793 0.108856 0.111979
0 0.083600 0.331881 0.108856 0.111979
0 0.052511 0.334514 0.108856 0.111979
0 0.014600 0.336238 0.108856 0.111979
0 0.128356 0.286270 0.108856 0.111979
0 0.208533 0.219624 0.108856 0.111979
0 0.192378 0.244201 0.108856 0.111979
0 0.223444 0.195078 0.108856 0.111979
0 0.243956 0.171411 0.108856 0.111979
0 0.306111 0.156489 0.108856 0.111979
0 0.273800 0.161755 0.108856 0.111979
0 0.298667 0.179310 0.108856 0.111979
0 0.326622 0.183699 0.108856 0.111979
0 0.368267 0.188934 0.108856 0.111979
0 0.381333 0.165266 0.108856 0.111979
0 0.341556 0.166144 0.108856 0.111979
0 0.271933 0.232790 0.108856 0.111979
0 0.286222 0.207367 0.108856 0.111979
0 0.077378 0.297680 0.108856 0.111979
0 0.099133 0.275737 0.108856 0.111979
0 0.118400 0.257335 0.108856 0.111979
0 0.140156 0.257335 0.108856 0.111979
0 0.161911 0.253824 0.108856 0.111979
0 0.198578 0.199467 0.108856 0.111979
0 0.210400 0.182821 0.108856 0.111979
0 0.180556 0.216991 0.108856 0.111979
0 0.167511 0.240690 0.108856 0.111979
0 0.168756 0.204734 0.108856 0.111979
0 0.142022 0.228401 0.108856 0.111979
0 0.160667 0.226646 0.108856 0.111979
0 0.507511 0.161755 0.108856 0.111979
0 0.416756 0.160000 0.108856 0.111979
0 0.381956 0.140721 0.108856 0.111979
0 0.424222 0.139843 0.108856 0.111979
0 0.474556 0.127555 0.108856 0.111979
0 0.609444 0.119687 0.108856 0.111979
0 0.628711 0.092508 0.108856 0.111979
0 0.562200 0.153009 0.108856 0.111979
0 0.091667 0.264357 0.108856 0.111979
0 0.070533 0.263480 0.108856 0.111979
0 0.004644 0.303824 0.108856 0.111979
0 0.028267 0.302947 0.108856 0.111979
0 0.050022 0.300313 0.108856 0.111979
0 0.151356 0.192445 0.108856 0.111979
0 0.134556 0.215266 0.108856 0.111979
0 0.179311 0.188934 0.108856 0.111979
0 0.113422 0.236301 0.108856 0.111979
0 0.102244 0.218746 0.108856 0.111979
0 0.119644 0.204734 0.108856 0.111979
0 0.097889 0.207367 0.108856 0.111979
0 0.071156 0.229279 0.108856 0.111979
0 0.074267 0.240690 0.108856 0.111979
0 0.040089 0.253824 0.108856 0.111979
0 0.033244 0.274013 0.108856 0.111979
0 0.017089 0.253824 0.108856 0.111979
0 0.010867 0.275737 0.108856 0.111979
0 0.045689 0.234545 0.108856 0.111979
0 0.025778 0.236301 0.108856 0.111979
0 0.007133 0.239812 0.108856 0.111979
0 0.078622 0.214389 0.108856 0.111979
0 0.341556 0.153887 0.108856 0.111979