0 0.367284 0.521199 0.141782 0.144097
0 0.651901 0.504532 0.141782 0.144097
0 0.922396 0.460600 0.141782 0.144097
0 0.983962 0.303022 0.141782 0.144097
0 0.775032 0.369688 0.141782 0.144097
0 0.510607 0.415156 0.141782 0.144097
0 0.224968 0.437866 0.141782 0.144097
0 0.130096 0.334844 0.141782 0.144097
0 0.394537 0.306067 0.141782 0.144097
0 0.637780 0.268177 0.141782 0.144097
0 0.857796 0.266667 0.141782 0.144097
0 0.916342 0.206067 0.141782 0.144097
0 0.995064 0.143933 0.141782 0.144097
0 0.932492 0.113645 0.141782 0.144097
0 0.994058 0.069688 0.141782 0.144097
0 0.907252 0.039400 0.141782 0.144097
0 0.853754 0.086355 0.141782 0.144097
0 0.768978 0.062110 0.141782 0.144097
0 0.678147 0.031823 0.141782 0.144097
0 0.788163 0.136355 0.141782 0.144097
0 0.696310 0.110600 0.141782 0.144097
0 0.609505 0.069688 0.141782 0.144097
0 0.544920 0.050000 0.141782 0.144097
0 0.711454 0.190911 0.141782 0.144097
0 0.611534 0.146978 0.141782 0.144097
0 0.520687 0.107578 0.141782 0.144097
0 0.455096 0.078777 0.141782 0.144097
0 0.400591 0.056067 0.141782 0.144097
0 0.331949 0.028777 0.141782 0.144097
0 0.459121 0.018177 0.141782 0.144097
0 0.190655 0.034844 0.141782 0.144097
0 0.240112 0.057578 0.141782 0.144097
0 0.278466 0.081823 0.141782 0.144097
0 0.341038 0.107578 0.141782 0.144097
0 0.402604 0.154532 0.141782 0.144097
0 0.504553 0.198489 0.141782 0.144097
0 0.308738 0.221199 0.141782 0.144097
0 0.229010 0.159089 0.141782 0.144097
0 0.172492 0.116667 0.141782 0.144097
0 0.133131 0.078777 0.141782 0.144097
0 0.103850 0.050000 0.141782 0.144097
0 0.038259 0.033333 0.141782 0.144097
0 0.024121 0.115156 0.141782 0.144097
0 0.048339 0.154532 0.141782 0.144097
0 0.081645 0.216667 0.141782 0.144097