0 0.111869 0.116129 0.152435 0.210069
0 0.132169 0.162584 0.152435 0.210069
0 0.065906 0.087193 0.152435 0.210069
0 0.071944 0.385948 0.152435 0.210069
0 0.128344 0.460635 0.152435 0.210069
0 0.208913 0.567133 0.152435 0.210069
0 0.362994 0.716515 0.152435 0.210069
0 0.627856 0.878343 0.152435 0.210069
0 0.932000 0.524258 0.152435 0.210069
0 0.712456 0.413614 0.152435 0.210069
0 0.551319 0.333391 0.152435 0.210069
0 0.444569 0.283597 0.152435 0.210069
0 0.372056 0.217202 0.152435 0.210069
0 0.307606 0.186781 0.152435 0.210069
0 0.246175 0.150815 0.152435 0.210069
0 0.148487 0.070592 0.152435 0.210069
0 0.076175 0.056901 0.152435 0.210069
0 0.048681 0.045288 0.152435 0.210069
0 0.017562 0.032970 0.152435 0.210069
0 0.206894 0.025227 0.152435 0.210069
0 0.238919 0.032421 0.152435 0.210069
0 0.276987 0.039751 0.152435 0.210069
0 0.900681 0.180833 0.152435 0.210069
0 0.797150 0.132833 0.152435 0.210069
0 0.697850 0.075159 0.152435 0.210069
0 0.610437 0.052197 0.152435 0.210069
0 0.520906 0.023288 0.152435 0.210069
0 0.428556 0.021494 0.152435 0.210069
0 0.384544 0.013751 0.152435 0.210069
0 0.918806 0.022326 0.152435 0.210069
0 0.818100 0.009871 0.152435 0.210069
0 0.716687 0.010841 0.152435 0.210069
0 0.994338 0.080000 0.152435 0.210069
0 0.473875 0.011124 0.152435 0.210069