0 0.211583 0.765881 0.072253 0.059896
0 0.678667 0.578619 0.072253 0.059896
0 0.401217 0.565881 0.072253 0.059896
0 0.163217 0.509524 0.072253 0.059896
0 0.029583 0.471333 0.072253 0.059896
0 0.718117 0.467714 0.072253 0.059896
0 0.508117 0.449524 0.072253 0.059896
0 0.346483 0.429524 0.072253 0.059896
0 0.207750 0.414976 0.072253 0.059896
0 0.100850 0.393167 0.072253 0.059896
0 0.002850 0.387714 0.072253 0.059896
0 0.013033 0.344071 0.072253 0.059896
0 0.010483 0.316786 0.072253 0.059896
0 0.081750 0.302262 0.072253 0.059896
0 0.057583 0.324071 0.072253 0.059896
0 0.077933 0.347714 0.072253 0.059896
0 0.209033 0.349524 0.072253 0.059896
0 0.286667 0.353167 0.072253 0.059896
0 0.397400 0.382262 0.072253 0.059896
0 0.522117 0.391333 0.072253 0.059896
0 0.858117 0.422262 0.072253 0.059896
0 0.677400 0.400429 0.072253 0.059896
0 0.920483 0.382262 0.072253 0.059896
0 0.961217 0.358619 0.072253 0.059896
0 0.965033 0.336786 0.072253 0.059896
0 0.993033 0.311333 0.072253 0.059896
0 0.953583 0.311333 0.072253 0.059896
0 0.914117 0.305881 0.072253 0.059896
0 0.818667 0.351333 0.072253 0.059896
0 0.863217 0.334976 0.072253 0.059896
0 0.886117 0.320429 0.072253 0.059896
0 0.893750 0.309524 0.072253 0.059896
0 0.833933 0.302262 0.072253 0.059896
0 0.808483 0.309524 0.072253 0.059896
0 0.727033 0.365881 0.072253 0.059896
0 0.707933 0.334976 0.072253 0.059896
0 0.747400 0.320429 0.072253 0.059896
0 0.758850 0.298619 0.072253 0.059896
0 0.732117 0.300429 0.072253 0.059896
0 0.597217 0.362262 0.072253 0.059896
0 0.618850 0.318619 0.072253 0.059896
0 0.655750 0.307714 0.072253 0.059896
0 0.578117 0.300429 0.072253 0.059896
0 0.543750 0.311333 0.072253 0.059896
0 0.525933 0.333167 0.072253 0.059896
0 0.482667 0.349524 0.072253 0.059896
0 0.387217 0.345881 0.072253 0.059896
0 0.430483 0.327714 0.072253 0.059896
0 0.455933 0.320429 0.072253 0.059896
0 0.476300 0.313167 0.072253 0.059896
0 0.500483 0.293167 0.072253 0.059896
0 0.375750 0.311333 0.072253 0.059896
0 0.408850 0.298619 0.072253 0.059896
0 0.439400 0.294976 0.072253 0.059896
0 0.128850 0.327714 0.072253 0.059896
0 0.160667 0.305881 0.072253 0.059896
0 0.200117 0.300429 0.072253 0.059896
0 0.244667 0.314976 0.072253 0.059896
0 0.263750 0.300429 0.072253 0.059896
0 0.282850 0.296786 0.072253 0.059896
0 0.323583 0.305881 0.072253 0.059896