0 0.964169 0.125601 0.060664 0.082465
0 0.896038 0.135350 0.060664 0.082465
0 0.890662 0.120731 0.060664 0.082465
0 0.885731 0.114033 0.060664 0.082465
0 0.903208 0.104295 0.060664 0.082465
0 0.909485 0.095768 0.060664 0.082465
0 0.929208 0.098203 0.060664 0.082465
0 0.961031 0.098203 0.060664 0.082465
0 0.944446 0.118903 0.060664 0.082465
0 0.881692 0.095162 0.060664 0.082465
0 0.850315 0.083584 0.060664 0.082465
0 0.850315 0.089676 0.060664 0.082465
0 0.849869 0.098809 0.060664 0.082465
0 0.840454 0.104901 0.060664 0.082465
0 0.838662 0.114639 0.060664 0.082465
0 0.773669 0.122560 0.060664 0.082465
0 0.788908 0.110993 0.060664 0.082465
0 0.799215 0.098203 0.060664 0.082465
0 0.812662 0.095768 0.060664 0.082465
0 0.773215 0.092717 0.060664 0.082465
0 0.783977 0.078109 0.060664 0.082465
0 0.749015 0.096980 0.060664 0.082465
0 0.731531 0.102466 0.060664 0.082465
0 0.714500 0.112205 0.060664 0.082465
0 0.659808 0.103678 0.060664 0.082465
0 0.684015 0.095162 0.060664 0.082465
0 0.703738 0.090899 0.060664 0.082465
0 0.723908 0.082978 0.060664 0.082465
0 0.740046 0.079331 0.060664 0.082465
0 0.704185 0.074451 0.060664 0.082465
0 0.687600 0.078109 0.060664 0.082465
0 0.667877 0.082978 0.060664 0.082465
0 0.644123 0.089070 0.060664 0.082465
0 0.612300 0.097597 0.060664 0.082465
0 0.586746 0.097597 0.060664 0.082465
0 0.572400 0.093333 0.060664 0.082465
0 0.603331 0.088464 0.060664 0.082465
0 0.593469 0.080543 0.060664 0.082465
0 0.628885 0.086029 0.060664 0.082465
0 0.646362 0.073239 0.060664 0.082465
0 0.629777 0.072017 0.060664 0.082465
0 0.617677 0.071411 0.060664 0.082465
0 0.604677 0.070188 0.060664 0.082465
0 0.594369 0.066541 0.060664 0.082465
0 0.657569 0.075068 0.060664 0.082465
0 0.675054 0.073845 0.060664 0.082465
0 0.257285 0.087847 0.060664 0.082465
0 0.279700 0.089676 0.060664 0.082465
0 0.305692 0.091505 0.060664 0.082465
0 0.312869 0.077503 0.060664 0.082465
0 0.331692 0.092111 0.060664 0.082465
0 0.337523 0.079331 0.060664 0.082465
0 0.354108 0.090899 0.060664 0.082465
0 0.361277 0.080543 0.060664 0.082465
0 0.346931 0.067147 0.060664 0.082465
0 0.382346 0.101243 0.060664 0.082465
0 0.380554 0.084807 0.060664 0.082465
0 0.381446 0.070188 0.060664 0.082465
0 0.392208 0.070188 0.060664 0.082465
0 0.398931 0.076886 0.060664 0.082465
0 0.408346 0.087241 0.060664 0.082465
0 0.415515 0.106729 0.060664 0.082465
0 0.435238 0.092111 0.060664 0.082465
0 0.453615 0.114639 0.060664 0.082465
0 0.471546 0.100031 0.060664 0.082465
0 0.498892 0.111599 0.060664 0.082465
0 0.507408 0.091505 0.060664 0.082465
0 0.533854 0.110376 0.060664 0.082465
0 0.544608 0.095162 0.060664 0.082465
0 0.530269 0.088464 0.060664 0.082465
0 0.543715 0.079937 0.060664 0.082465
0 0.553131 0.070805 0.060664 0.082465
0 0.577785 0.073239 0.060664 0.082465
0 0.570608 0.065935 0.060664 0.082465
0 0.565231 0.081766 0.060664 0.082465
0 0.530269 0.068976 0.060664 0.082465
0 0.514131 0.079331 0.060664 0.082465
0 0.519062 0.072017 0.060664 0.082465
0 0.509200 0.065319 0.060664 0.082465
0 0.480508 0.083584 0.060664 0.082465
0 0.488577 0.082372 0.060664 0.082465
0 0.495300 0.073845 0.060664 0.082465
0 0.489923 0.064713 0.060664 0.082465
0 0.497546 0.061672 0.060664 0.082465
0 0.471100 0.068370 0.060664 0.082465
0 0.461238 0.078109 0.060664 0.082465
0 0.450931 0.084201 0.060664 0.082465
0 0.439269 0.072633 0.060664 0.082465
0 0.424931 0.079331 0.060664 0.082465
0 0.411485 0.071411 0.060664 0.082465
0 0.426723 0.066541 0.060664 0.082465
0 0.449585 0.068370 0.060664 0.082465
0 0.355900 0.071411 0.060664 0.082465
0 0.867469 0.689436 0.060664 0.082465
0 0.586392 0.528830 0.060664 0.082465
0 0.388969 0.404587 0.060664 0.082465
0 0.252892 0.359133 0.060664 0.082465
0 0.175931 0.304587 0.060664 0.082465
0 0.104546 0.281860 0.060664 0.082465
0 0.058815 0.248527 0.060664 0.082465
0 0.027585 0.227325 0.060664 0.082465
0 0.006392 0.222769 0.060664 0.082465
0 0.954469 0.447022 0.060664 0.082465
0 0.697931 0.359133 0.060664 0.082465
0 0.538431 0.293981 0.060664 0.082465
0 0.431354 0.254587 0.060664 0.082465
0 0.349931 0.243981 0.060664 0.082465
0 0.285238 0.215193 0.060664 0.082465
0 0.238392 0.206102 0.060664 0.082465
0 0.193777 0.186405 0.060664 0.082465
0 0.156969 0.174295 0.060664 0.082465
0 0.129085 0.165193 0.060664 0.082465
0 0.102315 0.156102 0.060664 0.082465
0 0.077777 0.150042 0.060664 0.082465
0 0.051008 0.140951 0.060664 0.082465
0 0.035392 0.133375 0.060664 0.082465
0 0.022008 0.130345 0.060664 0.082465
0 0.913200 0.292466 0.060664 0.082465
0 0.754815 0.243981 0.060664 0.082465
0 0.629892 0.233375 0.060664 0.082465
0 0.535085 0.189446 0.060664 0.082465
0 0.463700 0.181870 0.060664 0.082465
0 0.396777 0.174295 0.060664 0.082465
0 0.355508 0.150042 0.060664 0.082465
0 0.307546 0.147011 0.060664 0.082465
0 0.269623 0.145496 0.060664 0.082465
0 0.236162 0.133375 0.060664 0.082465
0 0.207162 0.127315 0.060664 0.082465
0 0.180392 0.127315 0.060664 0.082465
0 0.155854 0.112163 0.060664 0.082465
0 0.134662 0.109133 0.060664 0.082465
0 0.116815 0.112163 0.060664 0.082465
0 0.198238 0.103072 0.060664 0.082465
0 0.217200 0.106113 0.060664 0.082465
0 0.236162 0.100042 0.060664 0.082465
0 0.267392 0.103072 0.060664 0.082465
0 0.293046 0.119739 0.060664 0.082465
0 0.322046 0.116708 0.060664 0.082465
0 0.355508 0.115193 0.060664 0.082465
0 0.396777 0.122769 0.060664 0.082465
0 0.432469 0.142466 0.060664 0.082465
0 0.483777 0.134890 0.060664 0.082465
0 0.541777 0.137921 0.060664 0.082465
0 0.605354 0.159143 0.060664 0.082465
0 0.689008 0.181870 0.060664 0.082465
0 0.646623 0.148527 0.060664 0.082465
0 0.587508 0.130345 0.060664 0.082465
0 0.629892 0.112163 0.060664 0.082465
0 0.691238 0.125799 0.060664 0.082465
0 0.725815 0.156102 0.060664 0.082465
0 0.754815 0.131860 0.060664 0.082465
0 0.789392 0.184890 0.060664 0.082465
0 0.818392 0.150042 0.060664 0.082465
0 0.839585 0.143992 0.060664 0.082465
0 0.912085 0.198527 0.060664 0.082465
0 0.884200 0.168224 0.060664 0.082465
0 0.979008 0.180345 0.060664 0.082465
0 0.995738 0.271254 0.060664 0.082465