0 0.007373 0.496035 0.063283 0.092014
0 0.162207 0.690582 0.063283 0.092014
0 0.002393 0.026766 0.063283 0.092014
0 0.054619 0.018945 0.063283 0.092014
0 0.044512 0.039675 0.063283 0.092014
0 0.026006 0.064046 0.063283 0.092014
0 0.011182 0.100406 0.063283 0.092014
0 0.013809 0.275318 0.063283 0.092014
0 0.050156 0.178038 0.063283 0.092014
0 0.074824 0.126225 0.063283 0.092014
0 0.092139 0.084587 0.063283 0.092014
0 0.097520 0.048038 0.063283 0.092014
0 0.106709 0.027862 0.063283 0.092014
0 0.099355 0.006401 0.063283 0.092014
0 0.152637 0.003126 0.063283 0.092014
0 0.155908 0.017862 0.063283 0.092014
0 0.154990 0.038227 0.063283 0.092014
0 0.160244 0.066955 0.063283 0.092014
0 0.159980 0.099134 0.063283 0.092014
0 0.165488 0.158403 0.063283 0.092014
0 0.155518 0.226590 0.063283 0.092014
0 0.623164 0.984763 0.063283 0.092014
0 0.780625 0.735683 0.063283 0.092014
0 0.885596 0.557497 0.063283 0.092014
0 0.953828 0.448403 0.063283 0.092014
0 0.991885 0.368403 0.063283 0.092014
0 0.381475 0.490217 0.063283 0.092014
0 0.161025 0.370217 0.063283 0.092014
0 0.272822 0.193491 0.063283 0.092014
0 0.323213 0.306955 0.063283 0.092014
0 0.533154 0.399675 0.063283 0.092014
0 0.640752 0.333857 0.063283 0.092014
0 0.723682 0.279675 0.063283 0.092014
0 0.781934 0.240582 0.063283 0.092014
0 0.438418 0.259499 0.063283 0.092014
0 0.304443 0.073857 0.063283 0.092014
0 0.336328 0.112950 0.063283 0.092014
0 0.367295 0.167307 0.063283 0.092014
0 0.257080 0.135683 0.063283 0.092014
0 0.240674 0.091502 0.063283 0.092014
0 0.226113 0.052409 0.063283 0.092014
0 0.212725 0.031137 0.063283 0.092014
0 0.209971 0.010406 0.063283 0.092014
0 0.259043 0.004222 0.063283 0.092014
0 0.265479 0.024587 0.063283 0.092014
0 0.289492 0.047307 0.063283 0.092014
0 0.310879 0.021502 0.063283 0.092014
0 0.296836 0.002043 0.063283 0.092014
0 0.344209 0.042774 0.063283 0.092014
0 0.366113 0.066766 0.063283 0.092014
0 0.401807 0.098593 0.063283 0.092014
0 0.440645 0.143315 0.063283 0.092014
0 0.357324 0.016401 0.063283 0.092014
0 0.336592 0.008403 0.063283 0.092014
0 0.389609 0.040582 0.063283 0.092014
0 0.419521 0.060041 0.063283 0.092014
0 0.459277 0.087131 0.063283 0.092014
0 0.400361 0.015129 0.063283 0.092014
0 0.432383 0.032585 0.063283 0.092014
0 0.468330 0.050771 0.063283 0.092014
0 0.602832 0.191854 0.063283 0.092014
0 0.657148 0.165494 0.063283 0.092014
0 0.529609 0.221678 0.063283 0.092014
0 0.506914 0.126766 0.063283 0.092014
0 0.563857 0.110771 0.063283 0.092014
0 0.613984 0.098227 0.063283 0.092014
0 0.656631 0.088038 0.063283 0.092014
0 0.691006 0.079310 0.063283 0.092014
0 0.724199 0.072043 0.063283 0.092014
0 0.703076 0.141313 0.063283 0.092014
0 0.746377 0.126035 0.063283 0.092014
0 0.829570 0.209865 0.063283 0.092014
0 0.870117 0.184411 0.063283 0.092014
0 0.974561 0.115859 0.063283 0.092014
0 0.953438 0.128403 0.063283 0.092014
0 0.930732 0.142950 0.063283 0.092014
0 0.903838 0.159865 0.063283 0.092014
0 0.783115 0.114411 0.063283 0.092014
0 0.816318 0.100582 0.063283 0.092014
0 0.840068 0.091137 0.063283 0.092014
0 0.812119 0.044411 0.063283 0.092014
0 0.835869 0.036955 0.063283 0.092014
0 0.856465 0.031854 0.063283 0.092014
0 0.871689 0.028227 0.063283 0.092014
0 0.997920 0.021313 0.063283 0.092014
0 0.988994 0.022409 0.063283 0.092014
0 0.980596 0.025859 0.063283 0.092014
0 0.971543 0.033315 0.063283 0.092014
0 0.957236 0.039310 0.063283 0.092014
0 0.945820 0.042774 0.063283 0.092014
0 0.929551 0.048769 0.063283 0.092014
0 0.913281 0.057307 0.063283 0.092014
0 0.945557 0.006225 0.063283 0.092014
0 0.933359 0.007862 0.063283 0.092014
0 0.923125 0.008593 0.063283 0.092014
0 0.911973 0.011502 0.063283 0.092014
0 0.900029 0.014587 0.063283 0.092014
0 0.885723 0.020217 0.063283 0.092014
0 0.868535 0.006225 0.063283 0.092014
0 0.856465 0.006766 0.063283 0.092014
0 0.844004 0.007673 0.063283 0.092014
0 0.830615 0.008227 0.063283 0.092014
0 0.813301 0.012409 0.063283 0.092014
0 0.797422 0.017131 0.063283 0.092014
0 0.779316 0.021137 0.063283 0.092014
0 0.760020 0.025859 0.063283 0.092014
0 0.739951 0.031502 0.063283 0.092014
0 0.508750 0.073126 0.063283 0.092014
0 0.554150 0.070217 0.063283 0.092014
0 0.594170 0.059310 0.063283 0.092014
0 0.624746 0.054953 0.063283 0.092014
0 0.543516 0.040406 0.063283 0.092014
0 0.507695 0.044046 0.063283 0.092014
0 0.469248 0.027862 0.063283 0.092014
0 0.472793 0.003491 0.063283 0.092014
0 0.499697 0.003857 0.063283 0.092014
0 0.528955 0.004411 0.063283 0.092014
0 0.765537 0.005318 0.063283 0.092014
0 0.782070 0.002774 0.063283 0.092014
0 0.745986 0.007862 0.063283 0.092014
0 0.725908 0.009675 0.063283 0.092014
0 0.706357 0.011313 0.063283 0.092014
0 0.684707 0.015129 0.063283 0.092014
0 0.654531 0.020582 0.063283 0.092014
0 0.664238 0.006225 0.063283 0.092014
0 0.692314 0.004046 0.063283 0.092014
0 0.638916 0.009675 0.063283 0.092014
0 0.619365 0.011313 0.063283 0.092014
0 0.594697 0.014222 0.063283 0.092014
0 0.579736 0.006225 0.063283 0.092014
0 0.557695 0.008403 0.063283 0.092014