0 0.059422 0.702000 0.116013 0.064236
0 0.074446 0.725375 0.116013 0.064236
0 0.067865 0.750225 0.116013 0.064236
0 0.057544 0.779450 0.116013 0.064236
0 0.058491 0.815250 0.116013 0.064236
0 0.061300 0.855437 0.116013 0.064236
0 0.093210 0.897825 0.116013 0.064236
0 0.243323 0.881750 0.116013 0.064236
0 0.209551 0.833525 0.116013 0.064236
0 0.174831 0.804287 0.116013 0.064236
0 0.190787 0.771412 0.116013 0.064236
0 0.175778 0.742188 0.116013 0.064236
0 0.187978 0.718075 0.116013 0.064236
0 0.148571 0.701262 0.116013 0.064236
0 0.246148 0.689575 0.116013 0.064236
0 0.276164 0.710762 0.116013 0.064236
0 0.284607 0.733413 0.116013 0.064236
0 0.307127 0.761188 0.116013 0.064236
0 0.326838 0.795525 0.116013 0.064236
0 0.355923 0.826950 0.116013 0.064236
0 0.385955 0.864212 0.116013 0.064236
0 0.516372 0.862012 0.116013 0.064236
0 0.482584 0.811600 0.116013 0.064236
0 0.451621 0.780175 0.116013 0.064236
0 0.418796 0.750225 0.116013 0.064236
0 0.387833 0.726113 0.116013 0.064236
0 0.367191 0.705650 0.116013 0.064236
0 0.339968 0.683000 0.116013 0.064236