0 0.215354 0.372667 0.042824 0.171007
0 0.257738 0.371155 0.042824 0.171007
0 0.300131 0.369642 0.042824 0.171007
0 0.337477 0.372667 0.042824 0.171007
0 0.378862 0.374180 0.042824 0.171007
0 0.422262 0.369642 0.042824 0.171007
0 0.460615 0.371155 0.042824 0.171007
0 0.503008 0.372667 0.042824 0.171007
0 0.544392 0.371155 0.042824 0.171007
0 0.585769 0.371155 0.042824 0.171007
0 0.623115 0.369642 0.042824 0.171007
0 0.665508 0.368118 0.042824 0.171007
0 0.705885 0.369642 0.042824 0.171007
0 0.751300 0.368118 0.042824 0.171007
0 0.788646 0.368118 0.042824 0.171007
0 0.840123 0.368118 0.042824 0.171007