0 0.172476 0.929657 0.138889 0.088542
0 0.244800 0.926171 0.138889 0.088542
0 0.310438 0.928900 0.138889 0.088542
0 0.383981 0.927986 0.138889 0.088542
0 0.641162 0.912229 0.138889 0.088542
0 0.699733 0.909500 0.138889 0.088542
0 0.740552 0.906929 0.138889 0.088542
0 0.806000 0.903443 0.138889 0.088542
0 0.877314 0.903443 0.138889 0.088542
0 0.922362 0.803143 0.138889 0.088542
0 0.541962 0.808286 0.138889 0.088542
0 0.446000 0.811771 0.138889 0.088542
0 0.381752 0.812686 0.138889 0.088542
0 0.334895 0.814500 0.138889 0.088542
0 0.278933 0.819657 0.138889 0.088542
0 0.173676 0.827529 0.138889 0.088542
0 0.063771 0.831929 0.138889 0.088542
0 0.258533 0.738286 0.138889 0.088542
0 0.500552 0.731929 0.138889 0.088542
0 0.617314 0.730414 0.138889 0.088542
0 0.738133 0.723900 0.138889 0.088542
0 0.906819 0.721771 0.138889 0.088542
0 0.875295 0.617986 0.138889 0.088542
0 0.754076 0.617986 0.138889 0.088542
0 0.696914 0.611629 0.138889 0.088542
0 0.642971 0.616629 0.138889 0.088542
0 0.565600 0.619200 0.138889 0.088542
0 0.341752 0.625557 0.138889 0.088542
0 0.092476 0.629357 0.138889 0.088542
0 0.057524 0.540871 0.138889 0.088542
0 0.116514 0.536771 0.138889 0.088542
0 0.200552 0.535714 0.138889 0.088542
0 0.308629 0.528286 0.138889 0.088542
0 0.515695 0.505557 0.138889 0.088542
0 0.628419 0.500557 0.138889 0.088542
0 0.810248 0.514357 0.138889 0.088542
0 0.928629 0.426171 0.138889 0.088542
0 0.750857 0.426171 0.138889 0.088542
0 0.690038 0.429657 0.138889 0.088542
0 0.640952 0.428743 0.138889 0.088542
0 0.538133 0.428743 0.138889 0.088542
0 0.478533 0.429657 0.138889 0.088542
0 0.425810 0.429657 0.138889 0.088542
0 0.365200 0.435714 0.138889 0.088542
0 0.303181 0.444500 0.138889 0.088542
0 0.228229 0.443600 0.138889 0.088542
0 0.148838 0.445414 0.138889 0.088542
0 0.082171 0.413900 0.138889 0.088542
0 0.242362 0.336629 0.138889 0.088542
0 0.404800 0.335871 0.138889 0.088542
0 0.551048 0.324357 0.138889 0.088542
0 0.623371 0.318286 0.138889 0.088542
0 0.700552 0.320871 0.138889 0.088542
0 0.768419 0.320871 0.138889 0.088542
0 0.803181 0.235871 0.138889 0.088542
0 0.651657 0.235871 0.138889 0.088542
0 0.531048 0.234800 0.138889 0.088542
0 0.410438 0.248443 0.138889 0.088542
0 0.250438 0.255871 0.138889 0.088542
0 0.166400 0.259043 0.138889 0.088542
0 0.090648 0.254800 0.138889 0.088542
0 0.047010 0.261171 0.138889 0.088542
0 0.051257 0.168443 0.138889 0.088542
0 0.107410 0.169500 0.138889 0.088542
0 0.176095 0.165414 0.138889 0.088542
0 0.249029 0.165414 0.138889 0.088542
0 0.329029 0.162229 0.138889 0.088542
0 0.432876 0.162229 0.138889 0.088542
0 0.512876 0.150557 0.138889 0.088542
0 0.587219 0.147529 0.138889 0.088542
0 0.651657 0.147529 0.138889 0.088542
0 0.726000 0.148600 0.138889 0.088542
0 0.777924 0.148600 0.138889 0.088542
0 0.835505 0.148600 0.138889 0.088542
0 0.882571 0.061014 0.138889 0.088542
0 0.815295 0.065257 0.138889 0.088542
0 0.742362 0.067386 0.138889 0.088542
0 0.666610 0.070557 0.138889 0.088542
0 0.582362 0.071629 0.138889 0.088542
0 0.509429 0.071629 0.138889 0.088542
0 0.432267 0.071629 0.138889 0.088542
0 0.332667 0.071629 0.138889 0.088542
0 0.221752 0.076771 0.138889 0.088542
0 0.160152 0.081014 0.138889 0.088542
0 0.110857 0.079957 0.138889 0.088542
0 0.044990 0.085257 0.138889 0.088542