0 0.083337 0.104545 0.138889 0.092882
0 0.245837 0.093936 0.138889 0.092882
0 0.445837 0.090909 0.138889 0.092882
0 0.635412 0.089391 0.138889 0.092882
0 0.841662 0.093936 0.138889 0.092882
0 0.918750 0.243936 0.138889 0.092882
0 0.779162 0.242427 0.138889 0.092882
0 0.629163 0.243936 0.138889 0.092882
0 0.464588 0.237882 0.138889 0.092882
0 0.325000 0.245455 0.138889 0.092882
0 0.131250 0.219700 0.138889 0.092882
0 0.116663 0.377273 0.138889 0.092882
0 0.272913 0.383336 0.138889 0.092882
0 0.412500 0.380300 0.138889 0.092882
0 0.583337 0.383336 0.138889 0.092882
0 0.737500 0.381818 0.138889 0.092882
0 0.902087 0.383336 0.138889 0.092882
0 0.862500 0.513636 0.138889 0.092882
0 0.697913 0.509091 0.138889 0.092882
0 0.543750 0.509091 0.138889 0.092882
0 0.404163 0.512118 0.138889 0.092882
0 0.289587 0.522727 0.138889 0.092882
0 0.143750 0.507573 0.138889 0.092882
0 0.102087 0.650000 0.138889 0.092882
0 0.266663 0.654545 0.138889 0.092882
0 0.420838 0.656064 0.138889 0.092882
0 0.525000 0.659091 0.138889 0.092882
0 0.630838 0.660000 0.138889 0.092882
0 0.774788 0.655755 0.138889 0.092882
0 0.896250 0.659391 0.138889 0.092882
0 0.084375 0.790909 0.138889 0.092882
0 0.206038 0.792727 0.138889 0.092882
0 0.322912 0.790909 0.138889 0.092882
0 0.276038 0.925909 0.138889 0.092882
0 0.115625 0.931209 0.138889 0.092882
0 0.408537 0.930300 0.138889 0.092882
0 0.433963 0.792727 0.138889 0.092882
0 0.559375 0.797118 0.138889 0.092882
0 0.527913 0.937273 0.138889 0.092882
0 0.653337 0.945300 0.138889 0.092882
0 0.684587 0.794391 0.138889 0.092882
0 0.809587 0.796518 0.138889 0.092882
0 0.925212 0.795755 0.138889 0.092882
0 0.913125 0.921064 0.138889 0.092882
0 0.765000 0.934245 0.138889 0.092882