0 0.473600 0.736555 0.103448 0.123264
0 0.118467 0.010622 0.103448 0.123264
0 0.257800 0.387895 0.103448 0.123264
0 0.436167 0.334880 0.103448 0.123264
0 0.491067 0.280335 0.103448 0.123264
0 0.558633 0.119713 0.103448 0.123264
0 0.655733 0.277321 0.103448 0.123264
0 0.688467 0.392440 0.103448 0.123264
0 0.844667 0.336411 0.103448 0.123264
0 0.954467 0.336411 0.103448 0.123264
0 0.935467 0.481866 0.103448 0.123264
0 0.965000 0.574258 0.103448 0.123264
0 0.675800 0.666699 0.103448 0.123264
0 0.623000 0.584880 0.103448 0.123264
0 0.709567 0.513684 0.103448 0.123264
0 0.767633 0.539426 0.103448 0.123264
0 0.495300 0.469713 0.103448 0.123264
0 0.401333 0.612153 0.103448 0.123264
0 0.302133 0.572775 0.103448 0.123264
0 0.378133 0.521244 0.103448 0.123264
0 0.194467 0.504593 0.103448 0.123264
0 0.221900 0.683349 0.103448 0.123264
0 0.133233 0.734880 0.103448 0.123264
0 0.428800 0.803062 0.103448 0.123264