0 0.312320 0.326032 0.332787 0.084201
0 0.314220 0.394222 0.332787 0.084201
0 0.316140 0.448762 0.332787 0.084201
0 0.316140 0.501810 0.332787 0.084201
0 0.314220 0.563937 0.332787 0.084201
0 0.290360 0.636667 0.332787 0.084201
0 0.291320 0.724540 0.332787 0.084201
0 0.302780 0.789683 0.332787 0.084201
0 0.317100 0.865429 0.332787 0.084201
0 0.308500 0.924540 0.332787 0.084201
0 0.727540 0.885143 0.332787 0.084201
0 0.732320 0.816952 0.332787 0.084201
0 0.731360 0.765429 0.332787 0.084201
0 0.740900 0.677556 0.332787 0.084201
0 0.730400 0.612413 0.332787 0.084201
0 0.723720 0.551810 0.332787 0.084201
0 0.712280 0.471492 0.332787 0.084201