0 0.734896 0.769062 0.066993 0.044271
0 0.672745 0.770113 0.066993 0.044271
0 0.557913 0.821675 0.066993 0.044271
0 0.559262 0.775375 0.066993 0.044271
0 0.584928 0.739600 0.066993 0.044271
0 0.516019 0.708037 0.066993 0.044271
0 0.475490 0.754337 0.066993 0.044271
0 0.395778 0.748025 0.066993 0.044271
0 0.545746 0.671213 0.066993 0.044271
0 0.622761 0.588087 0.066993 0.044271
0 0.563307 0.540737 0.066993 0.044271
0 0.602488 0.521800 0.066993 0.044271
0 0.649775 0.455512 0.066993 0.044271
0 0.628170 0.409212 0.066993 0.044271
0 0.583579 0.414475 0.066993 0.044271
0 0.522777 0.383962 0.066993 0.044271