0 0.440412 0.444981 0.024348 0.065104
0 0.479625 0.427434 0.024348 0.065104
0 0.466750 0.462509 0.024348 0.065104
0 0.490163 0.467772 0.024348 0.065104
0 0.522350 0.437959 0.024348 0.065104
0 0.390662 0.374831 0.024348 0.065104
0 0.384813 0.432697 0.024348 0.065104
0 0.407638 0.431816 0.024348 0.065104
0 0.425787 0.401124 0.024348 0.065104
0 0.411737 0.466891 0.024348 0.065104
0 0.361400 0.492322 0.024348 0.065104
0 0.423438 0.511610 0.024348 0.065104
0 0.408813 0.521255 0.024348 0.065104
0 0.397100 0.507228 0.024348 0.065104
0 0.386562 0.523015 0.024348 0.065104
0 0.446850 0.494082 0.024348 0.065104
0 0.441587 0.532659 0.024348 0.065104
0 0.421687 0.339757 0.024348 0.065104
0 0.461488 0.329232 0.024348 0.065104
0 0.453875 0.375712 0.024348 0.065104
0 0.490163 0.383596 0.024348 0.065104
0 0.504800 0.407266 0.024348 0.065104
0 0.538737 0.389738 0.024348 0.065104
0 0.538737 0.333614 0.024348 0.065104
0 0.515325 0.359925 0.024348 0.065104
0 0.497775 0.316966 0.024348 0.065104
0 0.357300 0.546685 0.024348 0.065104
0 0.374862 0.600169 0.024348 0.065104
0 0.404125 0.600169 0.024348 0.065104
0 0.385987 0.573858 0.024348 0.065104
0 0.412325 0.554569 0.024348 0.065104
0 0.442750 0.564213 0.024348 0.065104
0 0.437488 0.604551 0.024348 0.065104
0 0.393000 0.646648 0.024348 0.065104
0 0.418762 0.644007 0.024348 0.065104
0 0.413488 0.686985 0.024348 0.065104
0 0.465000 0.547566 0.024348 0.065104
0 0.481388 0.533539 0.024348 0.065104
0 0.466750 0.512491 0.024348 0.065104
0 0.504213 0.517753 0.024348 0.065104
0 0.522938 0.727303 0.024348 0.065104
0 0.494850 0.741348 0.024348 0.065104
0 0.481963 0.708015 0.024348 0.065104
0 0.467338 0.732566 0.024348 0.065104
0 0.449775 0.731685 0.024348 0.065104
0 0.450950 0.691367 0.024348 0.065104
0 0.434562 0.700131 0.024348 0.065104
0 0.473187 0.666816 0.024348 0.065104
0 0.446850 0.655412 0.024348 0.065104
0 0.447438 0.635243 0.024348 0.065104
0 0.469087 0.629981 0.024348 0.065104
0 0.488400 0.602809 0.024348 0.065104
0 0.467338 0.586142 0.024348 0.065104
0 0.497188 0.636124 0.024348 0.065104
0 0.522350 0.624719 0.024348 0.065104
0 0.503037 0.668558 0.024348 0.065104
0 0.518838 0.680843 0.024348 0.065104
0 0.501862 0.717659 0.024348 0.065104
0 0.579712 0.328352 0.024348 0.065104
0 0.563913 0.341517 0.024348 0.065104
0 0.581462 0.359925 0.024348 0.065104
0 0.562150 0.370449 0.024348 0.065104
0 0.581462 0.393240 0.024348 0.065104
0 0.553375 0.422172 0.024348 0.065104
0 0.529375 0.479176 0.024348 0.065104
0 0.556300 0.469532 0.024348 0.065104
0 0.506550 0.487940 0.024348 0.065104
0 0.527037 0.523015 0.024348 0.065104
0 0.548100 0.518633 0.024348 0.065104
0 0.552788 0.737828 0.024348 0.065104
0 0.573275 0.724682 0.024348 0.065104
0 0.585562 0.685225 0.024348 0.065104
0 0.606637 0.695749 0.024348 0.065104
0 0.552200 0.689607 0.024348 0.065104
0 0.551025 0.619457 0.024348 0.065104
0 0.535225 0.571236 0.024348 0.065104
0 0.507725 0.567734 0.024348 0.065104
0 0.573275 0.588764 0.024348 0.065104
0 0.569762 0.515112 0.024348 0.065104
0 0.580875 0.543184 0.024348 0.065104
0 0.596100 0.558951 0.024348 0.065104
0 0.617163 0.587022 0.024348 0.065104
0 0.639988 0.610693 0.024348 0.065104
0 0.651700 0.578258 0.024348 0.065104
0 0.638238 0.644888 0.024348 0.065104
0 0.626538 0.668558 0.024348 0.065104
0 0.610150 0.647528 0.024348 0.065104
0 0.587900 0.637004 0.024348 0.065104
0 0.559225 0.656292 0.024348 0.065104
0 0.656963 0.535281 0.024348 0.065104
0 0.651112 0.493202 0.024348 0.065104
0 0.604287 0.498464 0.024348 0.065104
0 0.590825 0.513371 0.024348 0.065104
0 0.615413 0.459888 0.024348 0.065104
0 0.589075 0.441461 0.024348 0.065104
0 0.575025 0.459888 0.024348 0.065104
0 0.651700 0.447603 0.024348 0.065104
0 0.635900 0.416030 0.024348 0.065104
0 0.611900 0.416030 0.024348 0.065104
0 0.631213 0.381835 0.024348 0.065104
0 0.606637 0.366067 0.024348 0.065104
0 0.599025 0.356423 0.024348 0.065104
0 0.362575 0.450243 0.024348 0.065104