0 0.163104 0.799456 0.217593 0.324653
0 0.017322 0.703940 0.217593 0.324653
0 0.026170 0.950319 0.217593 0.324653
0 0.176170 0.497205 0.217593 0.324653
0 0.014944 0.450094 0.217593 0.324653
0 0.035131 0.161463 0.217593 0.324653
0 0.232215 0.238668 0.217593 0.324653
0 0.225419 0.040525 0.217593 0.324653
0 0.050788 0.027092 0.217593 0.324653
0 0.471740 0.158049 0.217593 0.324653
0 0.411264 0.423227 0.217593 0.324653
0 0.615044 0.450094 0.217593 0.324653
0 0.429199 0.765610 0.217593 0.324653
0 0.713642 0.715272 0.217593 0.324653
0 0.821101 0.946923 0.217593 0.324653
0 0.523254 0.973809 0.217593 0.324653
0 0.953279 0.779043 0.217593 0.324653
0 0.910726 0.510488 0.217593 0.324653
0 0.921852 0.262158 0.217593 0.324653
0 0.682215 0.231876 0.217593 0.324653
0 0.657597 0.033884 0.217593 0.324653
0 0.883842 0.053959 0.217593 0.324653
0 0.393404 0.028124 0.217593 0.324653