0 0.238784 0.953337 0.033497 0.042535
0 0.208396 0.918487 0.033497 0.042535
0 0.244850 0.915450 0.033497 0.042535
0 0.294975 0.956363 0.033497 0.042535
0 0.291942 0.916975 0.033497 0.042535
0 0.339035 0.966975 0.033497 0.042535
0 0.340551 0.923025 0.033497 0.042535
0 0.369411 0.945762 0.033497 0.042535
0 0.381554 0.910912 0.033497 0.042535
0 0.416491 0.910912 0.033497 0.042535
0 0.457506 0.936663 0.033497 0.042535
0 0.220551 0.882125 0.033497 0.042535
0 0.266115 0.882125 0.033497 0.042535
0 0.307130 0.886663 0.033497 0.042535
0 0.340551 0.883637 0.033497 0.042535
0 0.377005 0.871513 0.033497 0.042535
0 0.405865 0.863937 0.033497 0.042535
0 0.440802 0.880600 0.033497 0.042535
0 0.469662 0.910912 0.033497 0.042535
0 0.507632 0.894238 0.033497 0.042535
0 0.478772 0.876063 0.033497 0.042535
0 0.487882 0.845763 0.033497 0.042535
0 0.518271 0.857875 0.033497 0.042535
0 0.550163 0.883637 0.033497 0.042535
0 0.557757 0.845763 0.033497 0.042535
0 0.595727 0.871513 0.033497 0.042535
0 0.621554 0.865450 0.033497 0.042535
0 0.653446 0.842725 0.033497 0.042535
0 0.609398 0.827575 0.033497 0.042535
0 0.575990 0.827575 0.033497 0.042535
0 0.685351 0.813937 0.033497 0.042535
0 0.641303 0.803337 0.033497 0.042535
0 0.609398 0.791212 0.033497 0.042535
0 0.582055 0.797275 0.033497 0.042535
0 0.548647 0.801813 0.033497 0.042535
0 0.524336 0.783637 0.033497 0.042535
0 0.498521 0.786662 0.033497 0.042535
0 0.510677 0.824550 0.033497 0.042535
0 0.455990 0.839700 0.033497 0.042535
0 0.462068 0.809400 0.033497 0.042535
0 0.430163 0.788187 0.033497 0.042535
0 0.424085 0.818487 0.033497 0.042535
0 0.384599 0.797275 0.033497 0.042535
0 0.380038 0.838187 0.033497 0.042535
0 0.337506 0.844237 0.033497 0.042535
0 0.342068 0.812425 0.033497 0.042535
0 0.307130 0.810913 0.033497 0.042535
0 0.293459 0.854850 0.033497 0.042535
0 0.241817 0.856363 0.033497 0.042535
0 0.197769 0.835150 0.033497 0.042535
0 0.196253 0.797275 0.033497 0.042535
0 0.232707 0.803337 0.033497 0.042535
0 0.266115 0.821512 0.033497 0.042535
0 0.276754 0.785150 0.033497 0.042535
0 0.232707 0.763937 0.033497 0.042535
0 0.257005 0.742725 0.033497 0.042535
0 0.296241 0.744250 0.033497 0.042535
0 0.323835 0.742725 0.033497 0.042535
0 0.355739 0.774550 0.033497 0.042535
0 0.317769 0.779088 0.033497 0.042535
0 0.360301 0.732125 0.033497 0.042535
0 0.392193 0.760912 0.033497 0.042535
0 0.427130 0.750300 0.033497 0.042535
0 0.459023 0.770000 0.033497 0.042535
0 0.495476 0.754850 0.033497 0.042535
0 0.554724 0.766975 0.033497 0.042535
0 0.585100 0.760912 0.033497 0.042535
0 0.626115 0.754850 0.033497 0.042535
0 0.642820 0.768487 0.033497 0.042535
0 0.682306 0.773025 0.033497 0.042535
0 0.712694 0.783637 0.033497 0.042535
0 0.717243 0.742725 0.033497 0.042535
0 0.689912 0.745762 0.033497 0.042535
0 0.688383 0.721513 0.033497 0.042535
0 0.653446 0.727575 0.033497 0.042535
0 0.621554 0.726062 0.033497 0.042535
0 0.639787 0.698787 0.033497 0.042535
0 0.577506 0.920000 0.033497 0.042535
0 0.586617 0.703787 0.033497 0.042535
0 0.545451 0.691063 0.033497 0.042535
0 0.562469 0.732125 0.033497 0.042535
0 0.591930 0.733187 0.033497 0.042535
0 0.507481 0.720600 0.033497 0.042535
0 0.465401 0.730000 0.033497 0.042535
0 0.479073 0.700600 0.033497 0.042535
0 0.434724 0.694237 0.033497 0.042535
0 0.408446 0.712125 0.033497 0.042535
0 0.391579 0.684850 0.033497 0.042535
0 0.356654 0.700600 0.033497 0.042535
0 0.312444 0.700600 0.033497 0.042535
0 0.273409 0.704850 0.033497 0.042535
0 0.227995 0.719550 0.033497 0.042535
0 0.181667 0.699550 0.033497 0.042535
0 0.187895 0.661663 0.033497 0.042535
0 0.222682 0.644850 0.033497 0.042535
0 0.261717 0.668025 0.033497 0.042535
0 0.273409 0.635300 0.033497 0.042535
0 0.294524 0.658488 0.033497 0.042535
0 0.319737 0.638487 0.033497 0.042535
0 0.335539 0.671063 0.033497 0.042535
0 0.365150 0.652125 0.033497 0.042535
0 0.407381 0.658488 0.033497 0.042535
0 0.452644 0.661663 0.033497 0.042535
0 0.481203 0.663787 0.033497 0.042535
0 0.475890 0.636362 0.033497 0.042535
0 0.508546 0.653187 0.033497 0.042535
0 0.544386 0.661663 0.033497 0.042535
0 0.515990 0.688937 0.033497 0.042535
0 0.620338 0.663787 0.033497 0.042535
0 0.664687 0.657425 0.033497 0.042535
0 0.643584 0.634237 0.033497 0.042535
0 0.614110 0.620600 0.033497 0.042535
0 0.583434 0.675300 0.033497 0.042535
0 0.716341 0.664850 0.033497 0.042535
0 0.670013 0.693187 0.033497 0.042535
0 0.728033 0.699550 0.033497 0.042535
0 0.752331 0.731063 0.033497 0.042535
0 0.782870 0.712125 0.033497 0.042535
0 0.753246 0.678488 0.033497 0.042535
0 0.791216 0.673187 0.033497 0.042535
0 0.752331 0.649087 0.033497 0.042535
0 0.782870 0.638487 0.033497 0.042535
0 0.814461 0.625912 0.033497 0.042535
0 0.786053 0.600600 0.033497 0.042535
0 0.753246 0.611213 0.033497 0.042535
0 0.723784 0.628025 0.033497 0.042535
0 0.685802 0.640600 0.033497 0.042535
0 0.691128 0.613187 0.033497 0.042535
0 0.659373 0.611213 0.033497 0.042535
0 0.719524 0.595300 0.033497 0.042535
0 0.685802 0.581662 0.033497 0.042535
0 0.630977 0.588025 0.033497 0.042535
0 0.601353 0.591213 0.033497 0.042535
0 0.570827 0.592275 0.033497 0.042535
0 0.561404 0.623787 0.033497 0.042535
0 0.541353 0.612275 0.033497 0.042535
0 0.529662 0.582725 0.033497 0.042535
0 0.505501 0.609087 0.033497 0.042535
0 0.469511 0.601662 0.033497 0.042535
0 0.488496 0.578487 0.033497 0.042535
0 0.459023 0.562725 0.033497 0.042535
0 0.433659 0.594237 0.033497 0.042535
0 0.422118 0.623787 0.033497 0.042535
0 0.390526 0.629087 0.033497 0.042535
0 0.392494 0.599550 0.033497 0.042535
0 0.356654 0.615300 0.033497 0.042535
0 0.318672 0.608025 0.033497 0.042535
0 0.280702 0.596363 0.033497 0.042535
0 0.242732 0.593337 0.033497 0.042535
0 0.199586 0.583788 0.033497 0.042535
0 0.160551 0.566975 0.033497 0.042535
0 0.181667 0.618487 0.033497 0.042535
0 0.158421 0.641663 0.033497 0.042535
0 0.530727 0.744850 0.033497 0.042535
0 0.883120 0.579550 0.033497 0.042535
0 0.829198 0.596363 0.033497 0.042535
0 0.840890 0.556362 0.033497 0.042535
0 0.813396 0.546975 0.033497 0.042535
0 0.780739 0.537425 0.033497 0.042535
0 0.787118 0.576362 0.033497 0.042535
0 0.759624 0.579550 0.033497 0.042535
0 0.747018 0.550150 0.033497 0.042535
0 0.718459 0.560600 0.033497 0.042535
0 0.721654 0.520600 0.033497 0.042535
0 0.686867 0.542725 0.033497 0.042535
0 0.658308 0.552275 0.033497 0.042535
0 0.657406 0.520600 0.033497 0.042535
0 0.621404 0.513338 0.033497 0.042535
0 0.619424 0.554400 0.033497 0.042535
0 0.599373 0.533338 0.033497 0.042535
0 0.579323 0.558488 0.033497 0.042535
0 0.543484 0.552275 0.033497 0.042535
0 0.503383 0.550150 0.033497 0.042535
0 0.409511 0.566975 0.033497 0.042535
0 0.379887 0.568025 0.033497 0.042535
0 0.338722 0.575300 0.033497 0.042535
0 0.360902 0.597425 0.033497 0.042535
0 0.314574 0.571213 0.033497 0.042535
0 0.268095 0.561662 0.033497 0.042535
0 0.231178 0.540600 0.033497 0.042535
0 0.196404 0.550150 0.033497 0.042535
0 0.198521 0.513338 0.033497 0.042535
0 0.242732 0.503787 0.033497 0.042535
0 0.218571 0.480600 0.033497 0.042535
0 0.274474 0.523787 0.033497 0.042535
0 0.310326 0.540600 0.033497 0.042535
0 0.274474 0.492275 0.033497 0.042535
0 0.298622 0.512275 0.033497 0.042535
0 0.322932 0.489087 0.033497 0.042535
0 0.339787 0.517575 0.033497 0.042535
0 0.364098 0.492275 0.033497 0.042535
0 0.379887 0.535450 0.033497 0.042535
0 0.409511 0.529087 0.033497 0.042535
0 0.449461 0.536512 0.033497 0.042535
0 0.441103 0.505912 0.033497 0.042535
0 0.392494 0.492275 0.033497 0.042535
0 0.475890 0.509088 0.033497 0.042535
0 0.510677 0.509088 0.033497 0.042535
0 0.540288 0.495450 0.033497 0.042535
0 0.559273 0.520600 0.033497 0.042535
0 0.579323 0.498638 0.033497 0.042535
0 0.601353 0.491213 0.033497 0.042535
0 0.623534 0.470150 0.033497 0.042535
0 0.649962 0.488025 0.033497 0.042535
0 0.691128 0.479700 0.033497 0.042535
0 0.724837 0.460762 0.033497 0.042535
0 0.748083 0.486975 0.033497 0.042535
0 0.772231 0.461662 0.033497 0.042535
0 0.787118 0.499550 0.033497 0.042535
0 0.807168 0.474400 0.033497 0.042535
0 0.835576 0.501663 0.033497 0.042535
0 0.863070 0.534400 0.033497 0.042535
0 0.824035 0.528025 0.033497 0.042535
0 0.898910 0.512275 0.033497 0.042535
0 0.867168 0.494400 0.033497 0.042535
0 0.244850 0.465913 0.033497 0.042535
0 0.267030 0.453338 0.033497 0.042535
0 0.306065 0.465913 0.033497 0.042535
0 0.338722 0.463787 0.033497 0.042535
0 0.379887 0.460762 0.033497 0.042535
0 0.431529 0.465913 0.033497 0.042535
0 0.457957 0.444850 0.033497 0.042535
0 0.475890 0.476512 0.033497 0.042535
0 0.519173 0.477575 0.033497 0.042535
0 0.506416 0.445912 0.033497 0.042535
0 0.553960 0.468025 0.033497 0.042535
0 0.590877 0.476512 0.033497 0.042535
0 0.563383 0.452275 0.033497 0.042535
0 0.600439 0.443787 0.033497 0.042535
0 0.543484 0.423787 0.033497 0.042535
0 0.578258 0.411213 0.033497 0.042535
0 0.675326 0.460762 0.033497 0.042535
0 0.641454 0.455450 0.033497 0.042535
0 0.652080 0.424850 0.033497 0.042535
0 0.683684 0.438638 0.033497 0.042535
0 0.714361 0.422875 0.033497 0.042535
0 0.769198 0.430150 0.033497 0.042535
0 0.802920 0.415450 0.033497 0.042535
0 0.830263 0.446975 0.033497 0.042535
0 0.844085 0.465913 0.033497 0.042535
0 0.876742 0.456512 0.033497 0.042535
0 0.860940 0.420762 0.033497 0.042535
0 0.875677 0.388025 0.033497 0.042535
0 0.828283 0.400762 0.033497 0.042535
0 0.844085 0.365000 0.033497 0.042535
0 0.872481 0.345000 0.033497 0.042535
0 0.835576 0.333338 0.033497 0.042535
0 0.806103 0.317575 0.033497 0.042535
0 0.810213 0.366975 0.033497 0.042535
0 0.790313 0.385000 0.033497 0.042535
0 0.757494 0.401812 0.033497 0.042535
0 0.715276 0.390150 0.033497 0.042535
0 0.696291 0.369087 0.033497 0.042535
0 0.675326 0.359700 0.033497 0.042535
0 0.666817 0.386975 0.033497 0.042535
0 0.678358 0.409087 0.033497 0.042535
0 0.637356 0.398638 0.033497 0.042535
0 0.617306 0.410150 0.033497 0.042535
0 0.598308 0.377575 0.033497 0.042535
0 0.637356 0.362875 0.033497 0.042535
0 0.611980 0.337575 0.033497 0.042535
0 0.560338 0.366975 0.033497 0.042535
0 0.541353 0.380762 0.033497 0.042535
0 0.514925 0.400762 0.033497 0.042535
0 0.476955 0.421812 0.033497 0.042535
0 0.409511 0.430150 0.033497 0.042535
0 0.371529 0.423787 0.033497 0.042535
0 0.336604 0.423787 0.033497 0.042535
0 0.301817 0.438638 0.033497 0.042535
0 0.298622 0.413337 0.033497 0.042535
0 0.261717 0.421812 0.033497 0.042535
0 0.223747 0.404850 0.033497 0.042535
0 0.240602 0.370150 0.033497 0.042535
0 0.262782 0.389087 0.033497 0.042535
0 0.270226 0.346062 0.033497 0.042535
0 0.293459 0.374400 0.033497 0.042535
0 0.321867 0.365000 0.033497 0.042535
0 0.353609 0.392275 0.033497 0.042535
0 0.396754 0.392275 0.033497 0.042535
0 0.430476 0.403938 0.033497 0.042535
0 0.466466 0.392275 0.033497 0.042535
0 0.493810 0.373338 0.033497 0.042535
0 0.520238 0.349087 0.033497 0.042535
0 0.468446 0.341813 0.033497 0.042535
0 0.430476 0.333338 0.033497 0.042535
0 0.391579 0.356512 0.033497 0.042535
0 0.402068 0.314400 0.033497 0.042535
0 0.345100 0.338637 0.033497 0.042535
0 0.308195 0.332275 0.033497 0.042535
0 0.308195 0.302875 0.033497 0.042535
0 0.346165 0.303938 0.033497 0.042535
0 0.328246 0.271363 0.033497 0.042535
0 0.361967 0.259700 0.033497 0.042535
0 0.391579 0.278637 0.033497 0.042535
0 0.421053 0.265000 0.033497 0.042535
0 0.443233 0.302875 0.033497 0.042535
0 0.465401 0.274400 0.033497 0.042535
0 0.493810 0.287125 0.033497 0.042535
0 0.493810 0.318637 0.033497 0.042535
0 0.533910 0.280762 0.033497 0.042535
0 0.550777 0.329087 0.033497 0.042535
0 0.571880 0.303938 0.033497 0.042535
0 0.607732 0.291212 0.033497 0.042535
0 0.563383 0.273337 0.033497 0.042535
0 0.656341 0.308188 0.033497 0.042535
0 0.649962 0.334400 0.033497 0.042535
0 0.684737 0.331213 0.033497 0.042535
0 0.711178 0.347125 0.033497 0.042535
0 0.710113 0.312275 0.033497 0.042535
0 0.741704 0.337575 0.033497 0.042535
0 0.734261 0.366975 0.033497 0.042535
0 0.758559 0.365000 0.033497 0.042535
0 0.780739 0.346062 0.033497 0.042535
0 0.778609 0.315450 0.033497 0.042535
0 0.810213 0.298638 0.033497 0.042535
0 0.846203 0.295450 0.033497 0.042535
0 0.839825 0.247125 0.033497 0.042535
0 0.808233 0.261812 0.033497 0.042535
0 0.790313 0.278637 0.033497 0.042535
0 0.761754 0.295450 0.033497 0.042535
0 0.739574 0.300762 0.033497 0.042535
0 0.715276 0.276512 0.033497 0.042535
0 0.742769 0.276512 0.033497 0.042535
0 0.752331 0.258638 0.033497 0.042535
0 0.780739 0.249237 0.033497 0.042535
0 0.803985 0.227125 0.033497 0.042535
0 0.754311 0.217575 0.033497 0.042535
0 0.726967 0.241812 0.033497 0.042535
0 0.693246 0.236513 0.033497 0.042535
0 0.679424 0.287125 0.033497 0.042535
0 0.641454 0.263937 0.033497 0.042535
0 0.652080 0.231362 0.033497 0.042535
0 0.599373 0.219700 0.033497 0.042535
0 0.584486 0.250300 0.033497 0.042535
0 0.548647 0.242875 0.033497 0.042535
0 0.572945 0.214550 0.033497 0.042535
0 0.526466 0.221812 0.033497 0.042535
0 0.510677 0.246062 0.033497 0.042535
0 0.437907 0.237575 0.033497 0.042535
0 0.384148 0.236513 0.033497 0.042535
0 0.340852 0.230300 0.033497 0.042535
0 0.397807 0.206063 0.033497 0.042535
0 0.379887 0.173487 0.033497 0.042535
0 0.418922 0.168188 0.033497 0.042535
0 0.433659 0.205000 0.033497 0.042535
0 0.461153 0.181812 0.033497 0.042535
0 0.481203 0.211363 0.033497 0.042535
0 0.488496 0.177575 0.033497 0.042535
0 0.515990 0.170300 0.033497 0.042535
0 0.509612 0.199700 0.033497 0.042535
0 0.539223 0.196513 0.033497 0.042535
0 0.550777 0.177575 0.033497 0.042535
0 0.560338 0.154550 0.033497 0.042535
0 0.617306 0.181812 0.033497 0.042535
0 0.653145 0.190300 0.033497 0.042535
0 0.692180 0.193488 0.033497 0.042535
0 0.715276 0.214550 0.033497 0.042535
0 0.735326 0.187125 0.033497 0.042535
0 0.750213 0.167125 0.033497 0.042535
0 0.770263 0.194550 0.033497 0.042535
0 0.801855 0.181812 0.033497 0.042535
0 0.835576 0.166062 0.033497 0.042535
0 0.738509 0.136362 0.033497 0.042535
0 0.700689 0.154850 0.033497 0.042535
0 0.700689 0.121512 0.033497 0.042535
0 0.732281 0.099550 0.033497 0.042535
0 0.667268 0.132125 0.033497 0.042535
0 0.644336 0.147875 0.033497 0.042535
0 0.668947 0.096975 0.033497 0.042535
0 0.705852 0.075912 0.033497 0.042535
0 0.649649 0.065450 0.033497 0.042535
0 0.628546 0.090913 0.033497 0.042535
0 0.618058 0.059237 0.033497 0.042535
0 0.607431 0.114550 0.033497 0.042535
0 0.571429 0.125000 0.033497 0.042535
0 0.522218 0.140000 0.033497 0.042535
0 0.486216 0.152275 0.033497 0.042535
0 0.451892 0.152275 0.033497 0.042535
0 0.456291 0.126812 0.033497 0.042535
0 0.486216 0.125000 0.033497 0.042535
0 0.497607 0.101363 0.033497 0.042535
0 0.429098 0.101363 0.033497 0.042535
0 0.531930 0.107575 0.033497 0.042535
0 0.535426 0.082875 0.033497 0.042535
0 0.571429 0.089087 0.033497 0.042535
0 0.522218 0.064550 0.033497 0.042535
0 0.489712 0.061975 0.033497 0.042535
0 0.504599 0.032125 0.033497 0.042535
0 0.547732 0.050450 0.033497 0.042535
0 0.577657 0.053937 0.033497 0.042535
0 0.586316 0.022425 0.033497 0.042535
0 0.227080 0.570762 0.033497 0.042535
0 0.577794 0.649012 0.033497 0.042535