0 0.669513 0.949161 0.100490 0.041667
0 0.807846 0.967384 0.100490 0.041667
0 0.391873 0.647710 0.100490 0.041667
0 0.448296 0.617897 0.100490 0.041667
0 0.499457 0.614393 0.100490 0.041667
0 0.553258 0.635432 0.100490 0.041667
0 0.532266 0.599487 0.100490 0.041667
0 0.628034 0.588085 0.100490 0.041667
0 0.643783 0.636308 0.100490 0.041667
0 0.550618 0.661740 0.100490 0.041667
0 0.461404 0.684531 0.100490 0.041667
0 0.390562 0.683655 0.100490 0.041667
0 0.457472 0.723116 0.100490 0.041667
0 0.372210 0.730125 0.100490 0.041667
0 0.419438 0.754681 0.100490 0.041667
0 0.418127 0.788874 0.100490 0.041667
0 0.443052 0.824831 0.100490 0.041667
0 0.521760 0.863404 0.100490 0.041667
0 0.614906 0.865156 0.100490 0.041667
0 0.547996 0.820438 0.100490 0.041667
0 0.508652 0.761702 0.100490 0.041667
0 0.588670 0.735394 0.100490 0.041667
0 0.529625 0.709962 0.100490 0.041667
0 0.562434 0.683655 0.100490 0.041667
0 0.676573 0.733642 0.100490 0.041667
0 0.628034 0.734518 0.100490 0.041667
0 0.641142 0.793267 0.100490 0.041667
0 0.570300 0.794143 0.100490 0.041667
0 0.550618 0.759937 0.100490 0.041667
0 0.680506 0.849374 0.100490 0.041667
0 0.613596 0.824831 0.100490 0.041667
0 0.736929 0.823955 0.100490 0.041667
0 0.778914 0.782741 0.100490 0.041667
0 0.732996 0.776608 0.100490 0.041667
0 0.792022 0.747672 0.100490 0.041667
0 0.769719 0.712591 0.100490 0.041667
0 0.701498 0.729249 0.100490 0.041667
0 0.702809 0.685419 0.100490 0.041667
0 0.786779 0.686295 0.100490 0.041667
0 0.786779 0.647710 0.100490 0.041667
0 0.723801 0.610889 0.100490 0.041667
0 0.726423 0.658235 0.100490 0.041667
0 0.618839 0.687171 0.100490 0.041667
0 0.639831 0.668748 0.100490 0.041667
0 0.359082 0.764330 0.100490 0.041667
0 0.456161 0.645957 0.100490 0.041667
0 0.482397 0.844994 0.100490 0.041667