0 0.068950 0.366300 0.203776 0.282986
0 0.180775 0.357217 0.203776 0.282986
0 0.167138 0.182667 0.203776 0.282986
0 0.075775 0.169933 0.203776 0.282986
0 0.206687 0.080850 0.203776 0.282986
0 0.405775 0.119033 0.203776 0.282986
0 0.318500 0.160850 0.203776 0.282986
0 0.304862 0.279033 0.203776 0.282986
0 0.276225 0.046300 0.203776 0.282986
0 0.475313 0.046300 0.203776 0.282986
0 0.580313 0.037217 0.203776 0.282986
0 0.577588 0.191750 0.203776 0.282986
0 0.660775 0.164483 0.203776 0.282986
0 0.660775 0.068117 0.203776 0.282986
0 0.723500 0.028117 0.203776 0.282986
0 0.769863 0.153583 0.203776 0.282986
0 0.862588 0.153583 0.203776 0.282986
0 0.945775 0.048117 0.203776 0.282986
0 0.967588 0.159033 0.203776 0.282986
0 0.919863 0.308117 0.203776 0.282986
0 0.779412 0.255400 0.203776 0.282986
0 0.838050 0.257217 0.203776 0.282986
0 0.778050 0.353583 0.203776 0.282986
0 0.955313 0.420850 0.203776 0.282986
0 0.896688 0.480850 0.203776 0.282986
0 0.877588 0.597217 0.203776 0.282986
0 0.788950 0.504483 0.203776 0.282986
0 0.683950 0.457217 0.203776 0.282986
0 0.548950 0.457217 0.203776 0.282986
0 0.577588 0.293583 0.203776 0.282986
0 0.468500 0.326300 0.203776 0.282986
0 0.448050 0.519033 0.203776 0.282986
0 0.341688 0.524483 0.203776 0.282986
0 0.244862 0.520850 0.203776 0.282986
0 0.092137 0.542667 0.203776 0.282986
0 0.156225 0.688117 0.203776 0.282986
0 0.045775 0.728117 0.203776 0.282986
0 0.145313 0.835400 0.203776 0.282986
0 0.427588 0.753583 0.203776 0.282986
0 0.322587 0.648117 0.203776 0.282986
0 0.614413 0.660850 0.203776 0.282986
0 0.750775 0.722667 0.203776 0.282986
0 0.904863 0.744483 0.203776 0.282986
0 0.983950 0.684483 0.203776 0.282986
0 0.801225 0.889933 0.203776 0.282986
0 0.663500 0.806300 0.203776 0.282986
0 0.576225 0.775400 0.203776 0.282986
0 0.544863 0.877217 0.203776 0.282986
0 0.392137 0.864483 0.203776 0.282986
0 0.214587 0.960300 0.203776 0.282986
0 0.047275 0.941400 0.203776 0.282986
0 0.421863 0.971750 0.203776 0.282986
0 0.655588 0.971750 0.203776 0.282986
0 0.954087 0.895933 0.203776 0.282986
0 0.993363 0.558117 0.203776 0.282986