0 0.012188 0.781592 0.094493 0.123264
0 0.097138 0.816442 0.094493 0.123264
0 0.107250 0.934625 0.094493 0.123264
0 0.141637 0.767959 0.094493 0.123264
0 0.215463 0.770974 0.094493 0.123264
0 0.200300 0.892191 0.094493 0.123264
0 0.164900 0.958858 0.094493 0.123264
0 0.243787 0.964925 0.094493 0.123264
0 0.277162 0.825524 0.094493 0.123264
0 0.290312 0.737640 0.094493 0.123264
0 0.377287 0.772491 0.094493 0.123264
0 0.398525 0.854307 0.094493 0.123264
0 0.333800 0.913408 0.094493 0.123264
0 0.319638 0.981592 0.094493 0.123264
0 0.399537 0.939157 0.094493 0.123264
0 0.443025 0.978558 0.094493 0.123264
0 0.512813 0.890674 0.094493 0.123264
0 0.513825 0.813408 0.094493 0.123264
0 0.500675 0.724007 0.094493 0.123264
0 0.595738 0.704307 0.094493 0.123264
0 0.587650 0.804307 0.094493 0.123264
0 0.585625 0.884625 0.094493 0.123264
0 0.578550 0.975524 0.094493 0.123264
0 0.508763 0.974007 0.094493 0.123264
0 0.641250 0.845225 0.094493 0.123264
0 0.669575 0.749775 0.094493 0.123264
0 0.700925 0.878558 0.094493 0.123264
0 0.753512 0.725524 0.094493 0.123264
0 0.827338 0.766442 0.094493 0.123264
0 0.841500 0.870974 0.094493 0.123264
0 0.932525 0.775524 0.094493 0.123264
0 0.960838 0.731592 0.094493 0.123264
0 0.900163 0.908858 0.094493 0.123264
0 0.879938 0.981592 0.094493 0.123264
0 0.762613 0.969457 0.094493 0.123264
0 0.939600 0.948258 0.094493 0.123264
0 0.994212 0.866442 0.094493 0.123264
0 0.993213 0.960375 0.094493 0.123264
0 0.985112 0.648258 0.094493 0.123264
0 0.993213 0.733109 0.094493 0.123264
0 0.642262 0.984625 0.094493 0.123264
0 0.058712 0.052790 0.094493 0.123264
0 0.055675 0.186124 0.094493 0.123264
0 0.013200 0.117959 0.094493 0.123264
0 0.008137 0.214925 0.094493 0.123264
0 0.013200 0.028558 0.094493 0.123264
0 0.119388 0.086124 0.094493 0.123264
0 0.143663 0.024007 0.094493 0.123264
0 0.169962 0.105824 0.094493 0.123264
0 0.104213 0.213408 0.094493 0.123264
0 0.192213 0.217959 0.094493 0.123264
0 0.204338 0.083109 0.094493 0.123264
0 0.258962 0.042191 0.094493 0.123264
0 0.315588 0.127041 0.094493 0.123264
0 0.334813 0.030075 0.094493 0.123264
0 0.283225 0.236124 0.094493 0.123264
0 0.349975 0.202790 0.094493 0.123264
0 0.376275 0.120974 0.094493 0.123264
0 0.403587 0.040674 0.094493 0.123264
0 0.420775 0.186124 0.094493 0.123264
0 0.462238 0.098258 0.094493 0.123264
0 0.478425 0.031592 0.094493 0.123264
0 0.542138 0.046742 0.094493 0.123264
0 0.582588 0.139157 0.094493 0.123264
0 0.488538 0.216442 0.094493 0.123264
0 0.561350 0.236124 0.094493 0.123264
0 0.631138 0.022491 0.094493 0.123264
0 0.662488 0.089157 0.094493 0.123264
0 0.664513 0.186124 0.094493 0.123264
0 0.717100 0.028558 0.094493 0.123264
0 0.738337 0.128558 0.094493 0.123264
0 0.771713 0.063408 0.094493 0.123264
0 0.825325 0.051292 0.094493 0.123264
0 0.860712 0.136124 0.094493 0.123264
0 0.900163 0.040674 0.094493 0.123264
0 0.971963 0.042191 0.094493 0.123264
0 0.975000 0.134625 0.094493 0.123264
0 0.928475 0.093708 0.094493 0.123264
0 0.931513 0.175524 0.094493 0.123264
0 0.871838 0.231592 0.094493 0.123264
0 0.897125 0.298258 0.094493 0.123264
0 0.944663 0.377041 0.094493 0.123264
0 0.988150 0.407341 0.094493 0.123264
0 0.822288 0.317959 0.094493 0.123264
0 0.808125 0.180075 0.094493 0.123264
0 0.766663 0.260375 0.094493 0.123264
0 0.722163 0.222491 0.094493 0.123264
0 0.735313 0.316442 0.094493 0.123264
0 0.675638 0.319457 0.094493 0.123264
0 0.582588 0.310375 0.094493 0.123264
0 0.737337 0.386124 0.094493 0.123264
0 0.826338 0.457341 0.094493 0.123264
0 0.912300 0.510375 0.094493 0.123264
0 0.860712 0.552790 0.094493 0.123264
0 0.923425 0.634625 0.094493 0.123264
0 0.838462 0.646742 0.094493 0.123264
0 0.773738 0.610375 0.094493 0.123264
0 0.720137 0.613408 0.094493 0.123264
0 0.763625 0.483109 0.094493 0.123264
0 0.655412 0.446742 0.094493 0.123264
0 0.663500 0.616442 0.094493 0.123264
0 0.555288 0.496742 0.094493 0.123264
0 0.551238 0.420974 0.094493 0.123264
0 0.466287 0.360375 0.094493 0.123264
0 0.424825 0.295225 0.094493 0.123264
0 0.397512 0.375524 0.094493 0.123264
0 0.473363 0.455824 0.094493 0.123264
0 0.676650 0.514925 0.094493 0.123264
0 0.459213 0.540674 0.094493 0.123264
0 0.571462 0.599775 0.094493 0.123264
0 0.614963 0.628558 0.094493 0.123264
0 0.485500 0.630075 0.094493 0.123264
0 0.377287 0.633109 0.094493 0.123264
0 0.319638 0.454307 0.094493 0.123264
0 0.346950 0.395225 0.094493 0.123264
0 0.317612 0.316442 0.094493 0.123264
0 0.232662 0.430075 0.094493 0.123264
0 0.235700 0.302790 0.094493 0.123264
0 0.159838 0.311891 0.094493 0.123264
0 0.101188 0.345225 0.094493 0.123264
0 0.029375 0.319457 0.094493 0.123264
0 0.066800 0.411891 0.094493 0.123264
0 0.051625 0.480075 0.094493 0.123264
0 0.027350 0.566442 0.094493 0.123264
0 0.092088 0.511891 0.094493 0.123264
0 0.127475 0.540674 0.094493 0.123264
0 0.188163 0.548258 0.094493 0.123264
0 0.263000 0.578558 0.094493 0.123264
0 0.232662 0.681592 0.094493 0.123264
0 0.139613 0.645225 0.094493 0.123264
0 0.073875 0.692191 0.094493 0.123264
0 0.051625 0.640674 0.094493 0.123264
0 0.337837 0.707341 0.094493 0.123264
0 0.358075 0.527041 0.094493 0.123264