0 0.607284 0.522739 0.023148 0.034722
0 0.607284 0.545460 0.023148 0.034722
0 0.597184 0.575779 0.023148 0.034722
0 0.588761 0.611126 0.023148 0.034722
0 0.582028 0.640169 0.023148 0.034722
0 0.573605 0.675516 0.023148 0.034722
0 0.569387 0.703302 0.023148 0.034722
0 0.559274 0.728555 0.023148 0.034722
0 0.551702 0.762645 0.023148 0.034722
0 0.543279 0.790413 0.023148 0.034722
0 0.540751 0.821989 0.023148 0.034722
0 0.544956 0.853546 0.023148 0.034722
0 0.551702 0.876266 0.023148 0.034722
0 0.564330 0.888893 0.023148 0.034722
0 0.577810 0.901520 0.023148 0.034722
0 0.590451 0.912889 0.023148 0.034722
0 0.600551 0.922983 0.023148 0.034722
0 0.609812 0.926773 0.023148 0.034722
0 0.620763 0.928049 0.023148 0.034722
0 0.633404 0.934353 0.023148 0.034722
0 0.640976 0.948236 0.023148 0.034722
0 0.627509 0.954559 0.023148 0.034722
0 0.609812 0.967186 0.023148 0.034722
0 0.580338 0.970976 0.023148 0.034722
0 0.558436 0.963396 0.023148 0.034722
0 0.544118 0.958349 0.023148 0.034722
0 0.533166 0.944465 0.023148 0.034722
0 0.526433 0.928049 0.023148 0.034722
0 0.519687 0.909099 0.023148 0.034722
0 0.518010 0.892683 0.023148 0.034722
0 0.520538 0.881332 0.023148 0.034722
0 0.387459 0.851013 0.023148 0.034722
0 0.393354 0.832083 0.023148 0.034722
0 0.407672 0.828293 0.023148 0.034722
0 0.424518 0.825779 0.023148 0.034722
0 0.441364 0.828293 0.023148 0.034722
0 0.459049 0.828293 0.023148 0.034722
0 0.475895 0.832083 0.023148 0.034722
0 0.487685 0.838386 0.023148 0.034722
0 0.500325 0.839662 0.023148 0.034722
0 0.508748 0.843452 0.023148 0.034722
0 0.511277 0.858593 0.023148 0.034722
0 0.512954 0.872495 0.023148 0.034722
0 0.397559 0.863640 0.023148 0.034722
0 0.409349 0.871220 0.023148 0.034722
0 0.425357 0.873752 0.023148 0.034722
0 0.442203 0.876266 0.023148 0.034722
0 0.464105 0.883846 0.023148 0.034722
0 0.478423 0.885122 0.023148 0.034722
0 0.493579 0.892683 0.023148 0.034722
0 0.494431 0.922983 0.023148 0.034722
0 0.469161 0.921726 0.023148 0.034722
0 0.454844 0.926773 0.023148 0.034722
0 0.422829 0.933096 0.023148 0.034722
0 0.404305 0.933096 0.023148 0.034722
0 0.388298 0.939400 0.023148 0.034722
0 0.364718 0.941932 0.023148 0.034722
0 0.345344 0.940675 0.023148 0.034722
0 0.322603 0.949512 0.023148 0.034722
0 0.299862 0.954559 0.023148 0.034722
0 0.311652 0.912889 0.023148 0.034722
0 0.296496 0.902795 0.023148 0.034722
0 0.341977 0.906585 0.023148 0.034722
0 0.357972 0.901520 0.023148 0.034722
0 0.276270 0.959606 0.023148 0.034722
0 0.250163 0.958349 0.023148 0.034722
0 0.227422 0.955816 0.023148 0.034722
0 0.204681 0.953302 0.023148 0.034722
0 0.177735 0.949512 0.023148 0.034722
0 0.157509 0.949512 0.023148 0.034722
0 0.136458 0.945722 0.023148 0.034722
0 0.122140 0.938143 0.023148 0.034722
0 0.105294 0.933096 0.023148 0.034722
0 0.090976 0.921726 0.023148 0.034722
0 0.080864 0.911632 0.023148 0.034722
0 0.073292 0.907842 0.023148 0.034722
0 0.064018 0.902795 0.023148 0.034722
0 0.060651 0.891426 0.023148 0.034722
0 0.263642 0.857336 0.023148 0.034722
0 0.281327 0.845966 0.023148 0.034722
0 0.284693 0.859869 0.023148 0.034722
0 0.282165 0.872495 0.023148 0.034722
0 0.067384 0.880056 0.023148 0.034722
0 0.076658 0.873752 0.023148 0.034722
0 0.089287 0.866173 0.023148 0.034722
0 0.101927 0.862383 0.023148 0.034722
0 0.117922 0.856079 0.023148 0.034722
0 0.136458 0.857336 0.023148 0.034722
0 0.158360 0.856079 0.023148 0.034722
0 0.179412 0.854803 0.023148 0.034722
0 0.200476 0.856079 0.023148 0.034722
0 0.222365 0.854803 0.023148 0.034722
0 0.241740 0.853546 0.023148 0.034722
0 0.282165 0.890169 0.023148 0.034722
0 0.295645 0.833340 0.023148 0.034722
0 0.315019 0.829550 0.023148 0.034722
0 0.333554 0.824503 0.023148 0.034722
0 0.352916 0.814409 0.023148 0.034722
0 0.313329 0.861126 0.023148 0.034722
0 0.369762 0.810619 0.023148 0.034722
0 0.388298 0.794203 0.023148 0.034722
0 0.405144 0.775272 0.023148 0.034722
0 0.423680 0.753809 0.023148 0.034722
0 0.439675 0.734859 0.023148 0.034722
0 0.453154 0.710863 0.023148 0.034722
0 0.462416 0.676773 0.023148 0.034722
0 0.468310 0.652795 0.023148 0.034722
0 0.476733 0.625009 0.023148 0.034722
0 0.482628 0.592176 0.023148 0.034722
0 0.490213 0.559362 0.023148 0.034722
0 0.326809 0.862383 0.023148 0.034722
0 0.341126 0.869962 0.023148 0.034722
0 0.349549 0.875009 0.023148 0.034722
0 0.361339 0.881332 0.023148 0.034722
0 0.301539 0.853546 0.023148 0.034722