0 0.555499 0.444112 0.047386 0.028646
0 0.507928 0.443237 0.047386 0.028646
0 0.452448 0.443237 0.047386 0.028646
0 0.407533 0.451125 0.047386 0.028646
0 0.357345 0.448500 0.047386 0.028646
0 0.308456 0.440613 0.047386 0.028646
0 0.268832 0.415175 0.047386 0.028646
0 0.256949 0.392388 0.047386 0.028646
0 0.241092 0.360812 0.047386 0.028646
0 0.234482 0.336262 0.047386 0.028646
0 0.221281 0.308212 0.047386 0.028646
0 0.215989 0.274888 0.047386 0.028646
0 0.213352 0.249463 0.047386 0.028646
0 0.218625 0.226662 0.047386 0.028646
0 0.245047 0.209125 0.047386 0.028646
0 0.293936 0.197725 0.047386 0.028646
0 0.341488 0.195975 0.047386 0.028646
0 0.390358 0.201237 0.047386 0.028646
0 0.436610 0.207375 0.047386 0.028646
0 0.484162 0.211762 0.047386 0.028646
0 0.533032 0.212638 0.047386 0.028646
0 0.573992 0.214387 0.047386 0.028646
0 0.649284 0.224037 0.047386 0.028646
0 0.677024 0.244200 0.047386 0.028646
0 0.692881 0.268750 0.047386 0.028646
0 0.699492 0.290675 0.047386 0.028646
0 0.706083 0.318725 0.047386 0.028646
0 0.715330 0.343275 0.047386 0.028646
0 0.720621 0.370462 0.047386 0.028646
0 0.719303 0.398525 0.047386 0.028646
0 0.706083 0.423075 0.047386 0.028646
0 0.666460 0.436225 0.047386 0.028646
0 0.621544 0.443237 0.047386 0.028646
0 0.507928 0.748375 0.047386 0.028646
0 0.453766 0.740475 0.047386 0.028646
0 0.402260 0.721188 0.047386 0.028646
0 0.346780 0.674725 0.047386 0.028646