0 0.471025 0.112117 0.177083 0.208333
0 0.418750 0.225750 0.177083 0.208333
0 0.558525 0.201517 0.177083 0.208333
0 0.691475 0.154550 0.177083 0.208333
0 0.821025 0.190917 0.177083 0.208333
0 0.816475 0.315150 0.177083 0.208333
0 0.684663 0.296967 0.177083 0.208333
0 0.538062 0.312117 0.177083 0.208333
0 0.388062 0.393933 0.177083 0.208333
0 0.399438 0.560600 0.177083 0.208333
0 0.608525 0.442417 0.177083 0.208333
0 0.751700 0.456067 0.177083 0.208333
0 0.800563 0.630300 0.177083 0.208333
0 0.581250 0.625750 0.177083 0.208333
0 0.400562 0.753033 0.177083 0.208333
0 0.533525 0.790917 0.177083 0.208333
0 0.721025 0.793933 0.177083 0.208333
0 0.480112 0.965150 0.177083 0.208333
0 0.315337 0.951517 0.177083 0.208333