0 0.232950 0.219700 0.171224 0.218750
0 0.395450 0.195450 0.171224 0.218750
0 0.579550 0.201517 0.171224 0.218750
0 0.726137 0.198483 0.171224 0.218750
0 0.763637 0.360600 0.171224 0.218750
0 0.581812 0.374250 0.171224 0.218750
0 0.395450 0.366667 0.171224 0.218750
0 0.213638 0.390917 0.171224 0.218750
0 0.218188 0.586367 0.171224 0.218750
0 0.404550 0.560600 0.171224 0.218750
0 0.589775 0.571217 0.171224 0.218750
0 0.748863 0.562117 0.171224 0.218750
0 0.779550 0.787883 0.171224 0.218750
0 0.589775 0.827267 0.171224 0.218750
0 0.397725 0.784850 0.171224 0.218750
0 0.225000 0.804550 0.171224 0.218750