0 0.808057 0.663350 0.061275 0.043403
0 0.763057 0.624775 0.061275 0.043403
0 0.798792 0.603737 0.061275 0.043403
0 0.764377 0.583562 0.061275 0.043403
0 0.715415 0.559013 0.061275 0.043403
0 0.674377 0.542350 0.061275 0.043403
0 0.671736 0.596712 0.061275 0.043403
0 0.714094 0.608112 0.061275 0.043403
0 0.691585 0.638800 0.061275 0.043403
0 0.744528 0.665987 0.061275 0.043403
0 0.879528 0.652837 0.061275 0.043403
0 0.821302 0.636175 0.061275 0.043403
0 0.850415 0.623900 0.061275 0.043403
0 0.861000 0.579175 0.061275 0.043403
0 0.917906 0.603737 0.061275 0.043403
0 0.970849 0.606362 0.061275 0.043403
0 0.965566 0.583562 0.061275 0.043403
0 0.904679 0.580063 0.061275 0.043403
0 0.924528 0.552000 0.061275 0.043403
0 0.884830 0.551125 0.061275 0.043403
0 0.900698 0.518675 0.061275 0.043403
0 0.944377 0.527450 0.061275 0.043403
0 0.834528 0.519562 0.061275 0.043403
0 0.808057 0.567788 0.061275 0.043403
0 0.773642 0.536212 0.061275 0.043403
0 0.777623 0.505525 0.061275 0.043403
0 0.743208 0.487113 0.061275 0.043403
0 0.699528 0.519562 0.061275 0.043403
0 0.678358 0.492375 0.061275 0.043403
0 0.639981 0.514300 0.061275 0.043403
0 0.625415 0.480100 0.061275 0.043403
0 0.661151 0.468700 0.061275 0.043403
0 0.637321 0.452912 0.061275 0.043403
0 0.601585 0.433625 0.061275 0.043403
0 0.639981 0.416962 0.061275 0.043403
0 0.609528 0.408200 0.061275 0.043403
0 0.682321 0.424862 0.061275 0.043403
0 0.687623 0.446775 0.061275 0.043403
0 0.711453 0.457300 0.061275 0.043403
0 0.785566 0.462562 0.061275 0.043403
0 0.833208 0.483613 0.061275 0.043403
0 0.891434 0.498512 0.061275 0.043403
0 0.968208 0.505525 0.061275 0.043403
0 0.961585 0.471337 0.061275 0.043403
0 0.966887 0.452912 0.061275 0.043403
0 0.978792 0.427488 0.061275 0.043403
0 0.936434 0.423100 0.061275 0.043403
0 0.925849 0.457300 0.061275 0.043403
0 0.890113 0.459937 0.061275 0.043403
0 0.834528 0.452912 0.061275 0.043403
0 0.863642 0.427488 0.061275 0.043403
0 0.884830 0.399437 0.061275 0.043403
0 0.917906 0.385400 0.061275 0.043403
0 0.879528 0.357350 0.061275 0.043403
0 0.834528 0.369625 0.061275 0.043403
0 0.835849 0.388912 0.061275 0.043403
0 0.823943 0.416962 0.061275 0.043403
0 0.782906 0.426613 0.061275 0.043403
0 0.727321 0.431000 0.061275 0.043403
0 0.737906 0.408200 0.061275 0.043403
0 0.793509 0.396800 0.061275 0.043403
0 0.774981 0.369625 0.061275 0.043403
0 0.814679 0.349450 0.061275 0.043403
0 0.851736 0.338050 0.061275 0.043403
0 0.786887 0.323150 0.061275 0.043403
0 0.765698 0.299475 0.061275 0.043403
0 0.729981 0.306487 0.061275 0.043403
0 0.744528 0.352088 0.061275 0.043403
0 0.712774 0.386275 0.061275 0.043403
0 0.684981 0.346825 0.061275 0.043403
0 0.655849 0.368737 0.061275 0.043403
0 0.584396 0.367862 0.061275 0.043403
0 0.593660 0.384525 0.061275 0.043403
0 0.569830 0.393300 0.061275 0.043403
0 0.531453 0.377512 0.061275 0.043403
0 0.528792 0.350325 0.061275 0.043403
0 0.591000 0.332788 0.061275 0.043403
0 0.495717 0.323150 0.061275 0.043403
0 0.542038 0.324900 0.061275 0.043403
0 0.462623 0.310875 0.061275 0.043403
0 0.473208 0.289825 0.061275 0.043403
0 0.401736 0.323150 0.061275 0.043403
0 0.527472 0.274050 0.061275 0.043403
0 0.548660 0.291587 0.061275 0.043403
0 0.588358 0.307362 0.061275 0.043403
0 0.628057 0.291587 0.061275 0.043403
0 0.678358 0.295963 0.061275 0.043403
0 0.654528 0.321400 0.061275 0.043403
0 0.710113 0.329288 0.061275 0.043403
0 0.735264 0.329288 0.061275 0.043403
0 0.622774 0.324025 0.061275 0.043403
0 0.617472 0.350325 0.061275 0.043403