0 0.666038 0.620978 0.170815 0.209201
0 0.475975 0.667044 0.170815 0.209201
0 0.302100 0.607533 0.170815 0.209201
0 0.182237 0.524978 0.170815 0.209201
0 0.134725 0.407867 0.170815 0.209201
0 0.189800 0.286911 0.170815 0.209201
0 0.286988 0.173644 0.170815 0.209201
0 0.321550 0.250444 0.170815 0.209201
0 0.274025 0.371400 0.170815 0.209201
0 0.360425 0.432822 0.170815 0.209201
0 0.415500 0.309956 0.170815 0.209201
0 0.465175 0.213978 0.170815 0.209201
0 0.451138 0.133333 0.170815 0.209201
0 0.619600 0.185178 0.170815 0.209201
0 0.602325 0.110289 0.170815 0.209201
0 0.739475 0.175578 0.170815 0.209201
0 0.837738 0.252356 0.170815 0.209201
0 0.852862 0.381000 0.170815 0.209201
0 0.799950 0.523067 0.170815 0.209201
0 0.681150 0.425156 0.170815 0.209201
0 0.729750 0.304200 0.170815 0.209201
0 0.558050 0.286911 0.170815 0.209201
0 0.535363 0.377156 0.170815 0.209201
0 0.526725 0.465467 0.170815 0.209201