0 0.058374 0.694914 0.184751 0.265625
0 0.102160 0.421078 0.184751 0.265625
0 0.166942 0.218534 0.184751 0.265625
0 0.333908 0.215302 0.184751 0.265625
0 0.312937 0.412974 0.184751 0.265625
0 0.267306 0.688405 0.184751 0.265625
0 0.512864 0.653879 0.184751 0.265625
0 0.521869 0.429181 0.184751 0.265625
0 0.500898 0.231509 0.184751 0.265625
0 0.668762 0.216897 0.184751 0.265625
0 0.709830 0.403233 0.184751 0.265625
0 0.763665 0.662500 0.184751 0.265625
0 0.982646 0.638190 0.184751 0.265625
0 0.900510 0.393534 0.184751 0.265625
0 0.829345 0.234741 0.184751 0.265625