0 0.316070 0.498250 0.153646 0.164931
0 0.501530 0.419710 0.153646 0.164931
0 0.307350 0.240800 0.153646 0.164931
0 0.475350 0.153530 0.153646 0.164931
0 0.643350 0.081530 0.153646 0.164931
0 0.793890 0.035710 0.153646 0.164931
0 0.979350 0.072800 0.153646 0.164931
0 0.896440 0.136070 0.153646 0.164931
0 0.785160 0.197160 0.153646 0.164931
0 0.654250 0.301890 0.153646 0.164931
0 0.676070 0.487350 0.153646 0.164931
0 0.798250 0.439350 0.153646 0.164931
0 0.918250 0.400070 0.153646 0.164931
0 0.556070 0.548440 0.153646 0.164931
0 0.460070 0.633530 0.153646 0.164931
0 0.390250 0.738250 0.153646 0.164931
0 0.492800 0.838620 0.153646 0.164931
0 0.636800 0.873530 0.153646 0.164931
0 0.756800 0.805890 0.153646 0.164931
0 0.865890 0.738250 0.153646 0.164931
0 0.957530 0.642250 0.153646 0.164931