0 0.272167 0.515856 0.053105 0.044271
0 0.247167 0.550056 0.053105 0.044271
0 0.241917 0.576356 0.053105 0.044271
0 0.234017 0.606178 0.053105 0.044271
0 0.259000 0.648256 0.053105 0.044271
0 0.340550 0.698244 0.053105 0.044271
0 0.393167 0.714900 0.053105 0.044271
0 0.441817 0.721033 0.053105 0.044271
0 0.481283 0.719278 0.053105 0.044271
0 0.510217 0.713144 0.053105 0.044271
0 0.581233 0.688589 0.053105 0.044271
0 0.629900 0.674567 0.053105 0.044271
0 0.664100 0.656156 0.053105 0.044271
0 0.682517 0.622833 0.053105 0.044271
0 0.704867 0.593900 0.053105 0.044271
0 0.719333 0.568467 0.053105 0.044271
0 0.712767 0.526378 0.053105 0.044271
0 0.710133 0.487800 0.053105 0.044271
0 0.708817 0.460622 0.053105 0.044271
0 0.511533 0.352767 0.053105 0.044271