0 0.318298 0.531243 0.036765 0.026910
0 0.329106 0.528619 0.036765 0.026910
0 0.338596 0.507569 0.036765 0.026910
0 0.315617 0.513702 0.036765 0.026910
0 0.333191 0.483895 0.036765 0.026910
0 0.321021 0.471630 0.036765 0.026910
0 0.314255 0.455829 0.036765 0.026910
0 0.330468 0.432155 0.036765 0.026910
0 0.316979 0.415497 0.036765 0.026910
0 0.304809 0.395331 0.036765 0.026910
0 0.535787 0.419006 0.036765 0.026910
0 0.530383 0.460221 0.036765 0.026910
0 0.510128 0.476878 0.036765 0.026910
0 0.558723 0.487403 0.036765 0.026910
0 0.543872 0.507569 0.036765 0.026910
0 0.512809 0.516326 0.036765 0.026910
0 0.606000 0.511961 0.036765 0.026910
0 0.593872 0.492652 0.036765 0.026910
0 0.578979 0.466354 0.036765 0.026910
0 0.560085 0.444448 0.036765 0.026910
0 0.514170 0.390083 0.036765 0.026910
0 0.492553 0.371657 0.036765 0.026910
0 0.493915 0.352376 0.036765 0.026910
0 0.492553 0.339227 0.036765 0.026910
0 0.449319 0.369917 0.036765 0.026910
0 0.461489 0.388315 0.036765 0.026910
0 0.547915 0.376934 0.036765 0.026910
0 0.545234 0.360249 0.036765 0.026910
0 0.534426 0.338343 0.036765 0.026910
0 0.526340 0.320801 0.036765 0.026910
0 0.529021 0.308536 0.036765 0.026910
0 0.560085 0.290110 0.036765 0.026910
0 0.573574 0.307652 0.036765 0.026910
0 0.580340 0.322569 0.036765 0.026910
0 0.587106 0.350608 0.036765 0.026910
0 0.597915 0.385691 0.036765 0.026910
0 0.562809 0.397956 0.036765 0.026910
0 0.587106 0.425138 0.036765 0.026910
0 0.603319 0.446188 0.036765 0.026910
0 0.624936 0.427790 0.036765 0.026910
0 0.627617 0.402348 0.036765 0.026910
0 0.650596 0.418122 0.036765 0.026910
0 0.658681 0.433039 0.036765 0.026910
0 0.656000 0.461961 0.036765 0.026910
0 0.656000 0.494420 0.036765 0.026910
0 0.628979 0.454088 0.036765 0.026910
0 0.618170 0.470746 0.036765 0.026910
0 0.696511 0.490028 0.036765 0.026910
0 0.696511 0.510193 0.036765 0.026910
0 0.665447 0.547901 0.036765 0.026910
0 0.658681 0.573343 0.036765 0.026910
0 0.624936 0.571575 0.036765 0.026910
0 0.624936 0.600525 0.036765 0.026910
0 0.591149 0.579475 0.036765 0.026910
0 0.562809 0.563674 0.036765 0.026910
0 0.561447 0.603149 0.036765 0.026910
0 0.476340 0.614530 0.036765 0.026910
0 0.746468 0.557541 0.036765 0.026910
0 0.710000 0.557541 0.036765 0.026910
0 0.734340 0.535635 0.036765 0.026910
0 0.735660 0.518094 0.036765 0.026910
0 0.768085 0.520718 0.036765 0.026910
0 0.782936 0.538260 0.036765 0.026910
0 0.793745 0.497044 0.036765 0.026910
0 0.758638 0.476878 0.036765 0.026910
0 0.739745 0.504061 0.036765 0.026910
0 0.722170 0.465470 0.036765 0.026910
0 0.737021 0.443564 0.036765 0.026910
0 0.760000 0.414613 0.036765 0.026910
0 0.772128 0.393591 0.036765 0.026910
0 0.784298 0.369917 0.036765 0.026910
0 0.791064 0.411105 0.036765 0.026910
0 0.774851 0.457597 0.036765 0.026910
0 0.727574 0.390939 0.036765 0.026910
0 0.711362 0.420773 0.036765 0.026910
0 0.685702 0.450580 0.036765 0.026910
0 0.672213 0.472486 0.036765 0.026910
0 0.684340 0.404116 0.036765 0.026910
0 0.705957 0.375166 0.036765 0.026910
0 0.716766 0.351492 0.036765 0.026910
0 0.738383 0.323425 0.036765 0.026910
0 0.747830 0.301519 0.036765 0.026910
0 0.766723 0.344475 0.036765 0.026910
0 0.747830 0.368149 0.036765 0.026910
0 0.689745 0.335718 0.036765 0.026910
0 0.672213 0.362901 0.036765 0.026910
0 0.699191 0.306768 0.036765 0.026910
0 0.720809 0.278729 0.036765 0.026910
0 0.685702 0.262928 0.036765 0.026910
0 0.650596 0.279586 0.036765 0.026910
0 0.647872 0.260304 0.036765 0.026910
0 0.615447 0.250663 0.036765 0.026910
0 0.606000 0.275221 0.036765 0.026910
0 0.606000 0.292735 0.036765 0.026910
0 0.619532 0.308536 0.036765 0.026910
0 0.627617 0.338343 0.036765 0.026910
0 0.634383 0.368149 0.036765 0.026910
0 0.649234 0.318177 0.036765 0.026910
0 0.668128 0.295387 0.036765 0.026910
0 0.385872 0.985331 0.036765 0.026910
0 0.355532 0.959586 0.036765 0.026910
0 0.383532 0.941409 0.036765 0.026910
0 0.362511 0.920193 0.036765 0.026910
0 0.390553 0.903536 0.036765 0.026910
0 0.367191 0.879282 0.036765 0.026910
0 0.336851 0.856547 0.036765 0.026910
0 0.311191 0.873232 0.036765 0.026910
0 0.334511 0.895939 0.036765 0.026910
0 0.308851 0.921713 0.036765 0.026910
0 0.325191 0.941409 0.036765 0.026910
0 0.311191 0.962624 0.036765 0.026910
0 0.322851 0.982320 0.036765 0.026910
0 0.269149 0.986851 0.036765 0.026910
0 0.241149 0.965635 0.036765 0.026910
0 0.271489 0.952017 0.036765 0.026910
0 0.245830 0.923232 0.036765 0.026910
0 0.266851 0.903536 0.036765 0.026910
0 0.285489 0.898978 0.036765 0.026910
0 0.250511 0.885331 0.036765 0.026910
0 0.269149 0.865635 0.036765 0.026910
0 0.278511 0.861105 0.036765 0.026910
0 0.248170 0.844420 0.036765 0.026910
0 0.285489 0.814144 0.036765 0.026910
0 0.306511 0.839890 0.036765 0.026910
0 0.339191 0.812624 0.036765 0.026910
0 0.369532 0.839890 0.036765 0.026910
0 0.306511 0.798978 0.036765 0.026910
0 0.278511 0.773232 0.036765 0.026910
0 0.259830 0.788370 0.036765 0.026910
0 0.425532 0.859586 0.036765 0.026910
0 0.441872 0.839890 0.036765 0.026910
0 0.474553 0.824724 0.036765 0.026910
0 0.448894 0.797459 0.036765 0.026910
0 0.420894 0.815635 0.036765 0.026910
0 0.409191 0.832320 0.036765 0.026910
0 0.388213 0.817155 0.036765 0.026910
0 0.364851 0.798978 0.036765 0.026910
0 0.341532 0.776243 0.036765 0.026910
0 0.362511 0.758066 0.036765 0.026910
0 0.329872 0.739890 0.036765 0.026910
0 0.304170 0.714144 0.036765 0.026910
0 0.294851 0.689890 0.036765 0.026910
0 0.273830 0.683840 0.036765 0.026910
0 0.276170 0.705028 0.036765 0.026910
0 0.283191 0.730801 0.036765 0.026910
0 0.306511 0.756547 0.036765 0.026910
0 0.266851 0.750497 0.036765 0.026910
0 0.285489 0.667155 0.036765 0.026910
0 0.266851 0.658066 0.036765 0.026910
0 0.276170 0.641409 0.036765 0.026910
0 0.299489 0.648978 0.036765 0.026910
0 0.322851 0.655028 0.036765 0.026910
0 0.311191 0.671713 0.036765 0.026910
0 0.341532 0.677762 0.036765 0.026910
0 0.329872 0.694420 0.036765 0.026910
0 0.369532 0.697459 0.036765 0.026910
0 0.357872 0.718674 0.036765 0.026910
0 0.385872 0.677762 0.036765 0.026910
0 0.402213 0.700497 0.036765 0.026910
0 0.399872 0.720193 0.036765 0.026910
0 0.385872 0.738370 0.036765 0.026910
0 0.402213 0.742928 0.036765 0.026910
0 0.420894 0.774724 0.036765 0.026910
0 0.406894 0.789890 0.036765 0.026910
0 0.446553 0.752017 0.036765 0.026910
0 0.427872 0.726243 0.036765 0.026910
0 0.448894 0.712624 0.036765 0.026910
0 0.476894 0.730801 0.036765 0.026910
0 0.497915 0.745939 0.036765 0.026910
0 0.521234 0.777762 0.036765 0.026910
0 0.467574 0.780801 0.036765 0.026910
0 0.500213 0.802017 0.036765 0.026910
0 0.532894 0.826243 0.036765 0.026910
0 0.560936 0.803536 0.036765 0.026910
0 0.497915 0.844420 0.036765 0.026910
0 0.469872 0.865635 0.036765 0.026910
0 0.448894 0.885331 0.036765 0.026910
0 0.420894 0.902017 0.036765 0.026910
0 0.404553 0.876243 0.036765 0.026910
0 0.385872 0.856547 0.036765 0.026910
0 0.469872 0.908066 0.036765 0.026910
0 0.500213 0.889890 0.036765 0.026910
0 0.523574 0.870193 0.036765 0.026910
0 0.556255 0.848978 0.036765 0.026910
0 0.574936 0.818674 0.036765 0.026910
0 0.644936 0.820193 0.036765 0.026910
0 0.647277 0.771713 0.036765 0.026910
0 0.647277 0.861105 0.036765 0.026910
0 0.626255 0.838370 0.036765 0.026910
0 0.598255 0.841409 0.036765 0.026910
0 0.579574 0.865635 0.036765 0.026910
0 0.649617 0.898978 0.036765 0.026910
0 0.614596 0.924724 0.036765 0.026910
0 0.642596 0.945939 0.036765 0.026910
0 0.577234 0.950497 0.036765 0.026910
0 0.551574 0.932320 0.036765 0.026910
0 0.556255 0.892928 0.036765 0.026910
0 0.532894 0.912624 0.036765 0.026910
0 0.490894 0.930801 0.036765 0.026910
0 0.434894 0.926243 0.036765 0.026910
0 0.418553 0.942928 0.036765 0.026910
0 0.434894 0.967155 0.036765 0.026910
0 0.462894 0.948978 0.036765 0.026910
0 0.528255 0.956547 0.036765 0.026910
0 0.497915 0.976243 0.036765 0.026910
0 0.551574 0.979282 0.036765 0.026910
0 0.523574 0.995939 0.036765 0.026910
0 0.462894 0.995939 0.036765 0.026910
0 0.411532 0.983840 0.036765 0.026910
0 0.355532 0.995939 0.036765 0.026910
0 0.539915 0.730801 0.036765 0.026910
0 0.553915 0.755028 0.036765 0.026910
0 0.584255 0.750497 0.036765 0.026910
0 0.574936 0.774724 0.036765 0.026910
0 0.602936 0.729282 0.036765 0.026910
0 0.644936 0.729282 0.036765 0.026910
0 0.630936 0.752017 0.036765 0.026910
0 0.612255 0.773232 0.036765 0.026910
0 0.626255 0.792928 0.036765 0.026910
0 0.605277 0.815635 0.036765 0.026910
0 0.593574 0.795939 0.036765 0.026910
0 0.619277 0.883840 0.036765 0.026910
0 0.607574 0.859586 0.036765 0.026910
0 0.577234 0.909586 0.036765 0.026910
0 0.525915 0.708066 0.036765 0.026910
0 0.500213 0.717155 0.036765 0.026910
0 0.476894 0.686851 0.036765 0.026910
0 0.455872 0.667155 0.036765 0.026910
0 0.425532 0.636851 0.036765 0.026910
0 0.402213 0.658066 0.036765 0.026910
0 0.423191 0.683840 0.036765 0.026910
0 0.376511 0.633840 0.036765 0.026910
0 0.381191 0.618674 0.036765 0.026910
0 0.341532 0.624724 0.036765 0.026910
0 0.332170 0.635331 0.036765 0.026910
0 0.355532 0.652017 0.036765 0.026910
0 0.346170 0.602017 0.036765 0.026910
0 0.390553 0.595939 0.036765 0.026910
0 0.432553 0.608066 0.036765 0.026910
0 0.481574 0.642928 0.036765 0.026910
0 0.507234 0.671713 0.036765 0.026910
0 0.549234 0.662624 0.036765 0.026910
0 0.591277 0.648978 0.036765 0.026910
0 0.574936 0.623232 0.036765 0.026910
0 0.521234 0.626243 0.036765 0.026910
0 0.567915 0.692928 0.036765 0.026910
0 0.252851 0.803536 0.036765 0.026910
0 0.311574 0.612790 0.036765 0.026910
0 0.312894 0.589116 0.036765 0.026910
0 0.353447 0.579475 0.036765 0.026910
0 0.321021 0.568066 0.036765 0.026910
0 0.319660 0.550525 0.036765 0.026910
0 0.299404 0.569834 0.036765 0.026910
0 0.375064 0.556657 0.036765 0.026910
0 0.352085 0.545276 0.036765 0.026910
0 0.385830 0.540000 0.036765 0.026910
0 0.366936 0.521602 0.036765 0.026910
0 0.408809 0.513702 0.036765 0.026910
0 0.443915 0.539144 0.036765 0.026910
0 0.468255 0.522486 0.036765 0.026910
0 0.497957 0.540000 0.036765 0.026910
0 0.483106 0.550525 0.036765 0.026910
0 0.516851 0.573343 0.036765 0.026910
0 0.479064 0.590856 0.036765 0.026910
0 0.435830 0.577707 0.036765 0.026910
0 0.398000 0.568066 0.036765 0.026910
0 0.380468 0.500552 0.036765 0.026910
0 0.365574 0.483895 0.036765 0.026910
0 0.357489 0.466354 0.036765 0.026910
0 0.366936 0.443564 0.036765 0.026910
0 0.419617 0.454088 0.036765 0.026910
0 0.383149 0.465470 0.036765 0.026910
0 0.431787 0.478646 0.036765 0.026910
0 0.441234 0.504945 0.036765 0.026910
0 0.462851 0.504061 0.036765 0.026910
0 0.489872 0.494420 0.036765 0.026910
0 0.469574 0.462845 0.036765 0.026910
0 0.480383 0.454972 0.036765 0.026910
0 0.496596 0.438287 0.036765 0.026910
0 0.479064 0.411105 0.036765 0.026910
0 0.452043 0.432155 0.036765 0.026910
0 0.429064 0.409365 0.036765 0.026910
0 0.416936 0.418122 0.036765 0.026910
0 0.400723 0.431271 0.036765 0.026910
0 0.388553 0.406740 0.036765 0.026910
0 0.352085 0.420773 0.036765 0.026910
0 0.339915 0.398840 0.036765 0.026910
0 0.380468 0.383923 0.036765 0.026910
0 0.370979 0.359392 0.036765 0.026910
0 0.334511 0.376934 0.036765 0.026910
0 0.333191 0.356768 0.036765 0.026910
0 0.365574 0.345359 0.036765 0.026910
0 0.341277 0.344475 0.036765 0.026910
0 0.326426 0.317293 0.036765 0.026910
0 0.319660 0.335718 0.036765 0.026910
0 0.399362 0.324309 0.036765 0.026910
0 0.402043 0.344475 0.036765 0.026910
0 0.403404 0.369917 0.036765 0.026910
0 0.393957 0.318177 0.036765 0.026910
0 0.398000 0.306768 0.036765 0.026910
0 0.402043 0.291878 0.036765 0.026910
0 0.407447 0.276077 0.036765 0.026910
0 0.373702 0.290110 0.036765 0.026910
0 0.366936 0.305028 0.036765 0.026910
0 0.368298 0.319061 0.036765 0.026910
0 0.369660 0.328702 0.036765 0.026910
0 0.272383 0.411105 0.036765 0.026910
0 0.229191 0.426022 0.036765 0.026910
0 0.177830 0.433923 0.036765 0.026910
0 0.208894 0.447072 0.036765 0.026910
0 0.477702 0.243923 0.036765 0.026910
0 0.459617 0.265110 0.036765 0.026910
0 0.443830 0.281188 0.036765 0.026910
0 0.432681 0.279006 0.036765 0.026910
0 0.427064 0.295083 0.036765 0.026910