0 0.619322 0.100470 0.054739 0.027778
0 0.667203 0.121028 0.054739 0.027778
0 0.605042 0.121324 0.054739 0.027778
0 0.574322 0.142753 0.054739 0.027778
0 0.628602 0.148624 0.054739 0.027778
0 0.675042 0.144512 0.054739 0.027778
0 0.744322 0.143937 0.054739 0.027778
0 0.752881 0.170662 0.054739 0.027778
0 0.736441 0.206481 0.054739 0.027778
0 0.716483 0.226150 0.054739 0.027778
0 0.674322 0.218815 0.054739 0.027778
0 0.670042 0.189739 0.054739 0.027778
0 0.687161 0.166551 0.054739 0.027778
0 0.628602 0.170070 0.054739 0.027778
0 0.566483 0.163606 0.054739 0.027778
0 0.526483 0.169181 0.054739 0.027778
0 0.475042 0.198258 0.054739 0.027778
0 0.443644 0.222334 0.054739 0.027778
0 0.412203 0.203258 0.054739 0.027778
0 0.408644 0.216167 0.054739 0.027778
0 0.426483 0.237613 0.054739 0.027778
0 0.503644 0.228206 0.054739 0.027778
0 0.557203 0.220575 0.054739 0.027778
0 0.541483 0.197666 0.054739 0.027778
0 0.589322 0.187091 0.054739 0.027778
0 0.615042 0.221167 0.054739 0.027778
0 0.757161 0.225279 0.054739 0.027778
0 0.476483 0.269024 0.054739 0.027778
0 0.522203 0.269024 0.054739 0.027778
0 0.503644 0.268728 0.054739 0.027778
0 0.457924 0.293693 0.054739 0.027778
0 0.417924 0.294582 0.054739 0.027778
0 0.507203 0.286934 0.054739 0.027778
0 0.557203 0.276655 0.054739 0.027778
0 0.603602 0.266969 0.054739 0.027778
0 0.625042 0.274024 0.054739 0.027778
0 0.600042 0.289878 0.054739 0.027778
0 0.536483 0.304268 0.054739 0.027778
0 0.501483 0.318955 0.054739 0.027778
0 0.691483 0.258153 0.054739 0.027778
0 0.664322 0.265209 0.054739 0.027778
0 0.681483 0.274895 0.054739 0.027778
0 0.709322 0.284878 0.054739 0.027778
0 0.727161 0.270488 0.054739 0.027778
0 0.752881 0.260209 0.054739 0.027778
0 0.778602 0.265209 0.054739 0.027778
0 0.802881 0.281655 0.054739 0.027778
0 0.760763 0.282526 0.054739 0.027778
0 0.796441 0.301324 0.054739 0.027778
0 0.819322 0.304564 0.054739 0.027778
0 0.827161 0.298693 0.054739 0.027778
0 0.857161 0.320418 0.054739 0.027778
0 0.768602 0.312491 0.054739 0.027778
0 0.732881 0.312491 0.054739 0.027778
0 0.655763 0.298101 0.054739 0.027778
0 0.655763 0.327456 0.054739 0.027778
0 0.614322 0.308380 0.054739 0.027778
0 0.576483 0.318955 0.054739 0.027778
0 0.605042 0.339791 0.054739 0.027778
0 0.517924 0.346254 0.054739 0.027778
0 0.577203 0.347718 0.054739 0.027778
0 0.417203 0.321585 0.054739 0.027778
0 0.462924 0.322474 0.054739 0.027778
0 0.461483 0.346254 0.054739 0.027778
0 0.473644 0.338031 0.054739 0.027778
0 0.480042 0.369739 0.054739 0.027778
0 0.445763 0.372683 0.054739 0.027778
0 0.421483 0.348606 0.054739 0.027778
0 0.656483 0.352718 0.054739 0.027778
0 0.740763 0.337160 0.054739 0.027778
0 0.799322 0.343902 0.054739 0.027778
0 0.835042 0.349199 0.054739 0.027778
0 0.873602 0.348014 0.054739 0.027778
0 0.712881 0.363293 0.054739 0.027778
0 0.750042 0.363868 0.054739 0.027778
0 0.772881 0.362700 0.054739 0.027778
0 0.802881 0.379443 0.054739 0.027778
0 0.886441 0.370923 0.054739 0.027778
0 0.852161 0.395296 0.054739 0.027778
0 0.885720 0.394704 0.054739 0.027778
0 0.896441 0.425244 0.054739 0.027778
0 0.874322 0.426707 0.054739 0.027778
0 0.931441 0.433467 0.054739 0.027778
0 0.919280 0.461359 0.054739 0.027778
0 0.831441 0.444042 0.054739 0.027778
0 0.830042 0.412613 0.054739 0.027778
0 0.782881 0.424948 0.054739 0.027778
0 0.741441 0.387369 0.054739 0.027778
0 0.705042 0.386481 0.054739 0.027778
0 0.646483 0.378850 0.054739 0.027778
0 0.615763 0.380017 0.054739 0.027778
0 0.577924 0.372979 0.054739 0.027778
0 0.520763 0.383258 0.054739 0.027778
0 0.342924 0.375331 0.054739 0.027778
0 0.358644 0.415557 0.054739 0.027778
0 0.373644 0.438467 0.054739 0.027778
0 0.320085 0.462544 0.054739 0.027778
0 0.370805 0.461951 0.054739 0.027778
0 0.495042 0.425244 0.054739 0.027778
0 0.541483 0.416429 0.054739 0.027778
0 0.593602 0.406167 0.054739 0.027778
0 0.650763 0.407334 0.054739 0.027778
0 0.697881 0.417317 0.054739 0.027778
0 0.605042 0.436115 0.054739 0.027778
0 0.550763 0.447265 0.054739 0.027778
0 0.634322 0.435819 0.054739 0.027778
0 0.669322 0.445505 0.054739 0.027778
0 0.715042 0.439338 0.054739 0.027778
0 0.735042 0.439930 0.054739 0.027778
0 0.762881 0.450801 0.054739 0.027778
0 0.804322 0.470767 0.054739 0.027778
0 0.858602 0.464303 0.054739 0.027778
0 0.841441 0.491899 0.054739 0.027778
0 0.865720 0.487787 0.054739 0.027778
0 0.912161 0.496307 0.054739 0.027778
0 0.894322 0.471063 0.054739 0.027778
0 0.919280 0.520087 0.054739 0.027778
0 0.880720 0.517753 0.054739 0.027778
0 0.844322 0.518328 0.054739 0.027778
0 0.783602 0.517753 0.054739 0.027778
0 0.753602 0.486916 0.054739 0.027778
0 0.704322 0.473990 0.054739 0.027778
0 0.613602 0.462840 0.054739 0.027778
0 0.637203 0.480157 0.054739 0.027778
0 0.689322 0.501307 0.054739 0.027778
0 0.643602 0.509808 0.054739 0.027778
0 0.570763 0.495139 0.054739 0.027778
0 0.388644 0.492491 0.054739 0.027778
0 0.429364 0.496010 0.054739 0.027778
0 0.460763 0.501010 0.054739 0.027778
0 0.511483 0.478990 0.054739 0.027778
0 0.313644 0.488676 0.054739 0.027778
0 0.280805 0.494251 0.054739 0.027778
0 0.302203 0.513049 0.054739 0.027778
0 0.248644 0.535662 0.054739 0.027778
0 0.284364 0.547108 0.054739 0.027778
0 0.352203 0.535958 0.054739 0.027778
0 0.389364 0.523328 0.054739 0.027778
0 0.397924 0.549164 0.054739 0.027778
0 0.463644 0.542997 0.054739 0.027778
0 0.435763 0.520087 0.054739 0.027778
0 0.512924 0.519808 0.054739 0.027778
0 0.575042 0.522735 0.054739 0.027778
0 0.328644 0.557091 0.054739 0.027778
0 0.229364 0.566777 0.054739 0.027778
0 0.270805 0.577056 0.054739 0.027778
0 0.242246 0.588815 0.054739 0.027778
0 0.248644 0.611707 0.054739 0.027778
0 0.190805 0.603484 0.054739 0.027778
0 0.304364 0.588223 0.054739 0.027778
0 0.350805 0.583223 0.054739 0.027778
0 0.445763 0.571481 0.054739 0.027778
0 0.517203 0.556220 0.054739 0.027778
0 0.592203 0.545941 0.054739 0.027778
0 0.637203 0.534477 0.054739 0.027778
0 0.676483 0.527143 0.054739 0.027778
0 0.717881 0.512456 0.054739 0.027778
0 0.719322 0.536533 0.054739 0.027778
0 0.737161 0.536829 0.054739 0.027778
0 0.792881 0.552387 0.054739 0.027778
0 0.844322 0.544756 0.054739 0.027778
0 0.869322 0.540941 0.054739 0.027778
0 0.922161 0.543885 0.054739 0.027778
0 0.890000 0.563258 0.054739 0.027778
0 0.855720 0.578240 0.054739 0.027778
0 0.812161 0.585871 0.054739 0.027778
0 0.710042 0.561498 0.054739 0.027778
0 0.727881 0.568554 0.054739 0.027778
0 0.660763 0.553275 0.054739 0.027778
0 0.661483 0.583519 0.054739 0.027778
0 0.605042 0.579408 0.054739 0.027778
0 0.930720 0.562387 0.054739 0.027778
0 0.933602 0.590871 0.054739 0.027778
0 0.916441 0.597038 0.054739 0.027778
0 0.925000 0.617300 0.054739 0.027778
0 0.875720 0.612300 0.054739 0.027778
0 0.821441 0.617003 0.054739 0.027778
0 0.764322 0.597038 0.054739 0.027778
0 0.750042 0.624930 0.054739 0.027778
0 0.695763 0.591150 0.054739 0.027778
0 0.725763 0.591742 0.054739 0.027778
0 0.702881 0.610244 0.054739 0.027778
0 0.720763 0.615523 0.054739 0.027778
0 0.637881 0.612003 0.054739 0.027778
0 0.613602 0.609077 0.054739 0.027778
0 0.555763 0.589686 0.054739 0.027778
0 0.490763 0.601429 0.054739 0.027778
0 0.410085 0.602021 0.054739 0.027778
0 0.671483 0.620523 0.054739 0.027778
0 0.619322 0.635209 0.054739 0.027778
0 0.560763 0.622875 0.054739 0.027778
0 0.475042 0.629617 0.054739 0.027778
0 0.443644 0.622282 0.054739 0.027778
0 0.711483 0.638136 0.054739 0.027778
0 0.684322 0.647247 0.054739 0.027778
0 0.638602 0.658397 0.054739 0.027778
0 0.575042 0.666620 0.054739 0.027778
0 0.525763 0.651655 0.054739 0.027778
0 0.884322 0.636376 0.054739 0.027778
0 0.922881 0.644007 0.054739 0.027778
0 0.932881 0.662805 0.054739 0.027778
0 0.857881 0.639617 0.054739 0.027778
0 0.882161 0.661934 0.054739 0.027778
0 0.796441 0.644599 0.054739 0.027778
0 0.750042 0.658101 0.054739 0.027778
0 0.824322 0.664861 0.054739 0.027778
0 0.345085 0.610244 0.054739 0.027778
0 0.345085 0.634024 0.054739 0.027778
0 0.283644 0.634617 0.054739 0.027778
0 0.210805 0.636080 0.054739 0.027778
0 0.152246 0.628153 0.054739 0.027778
0 0.140805 0.652230 0.054739 0.027778
0 0.130805 0.676028 0.054739 0.027778
0 0.195805 0.660453 0.054739 0.027778
0 0.232246 0.654582 0.054739 0.027778
0 0.280085 0.660453 0.054739 0.027778
0 0.355085 0.663990 0.054739 0.027778
0 0.410763 0.639617 0.054739 0.027778
0 0.422924 0.668084 0.054739 0.027778
0 0.460042 0.666620 0.054739 0.027778
0 0.507924 0.694808 0.054739 0.027778
0 0.561483 0.695401 0.054739 0.027778
0 0.634322 0.688937 0.054739 0.027778
0 0.673602 0.677195 0.054739 0.027778
0 0.709322 0.667213 0.054739 0.027778
0 0.265085 0.687474 0.054739 0.027778
0 0.195805 0.683955 0.054739 0.027778
0 0.215805 0.695697 0.054739 0.027778
0 0.135805 0.698920 0.054739 0.027778
0 0.135805 0.728589 0.054739 0.027778
0 0.077966 0.738571 0.054739 0.027778
0 0.196525 0.724181 0.054739 0.027778
0 0.246525 0.718885 0.054739 0.027778
0 0.313644 0.693937 0.054739 0.027778
0 0.326525 0.708328 0.054739 0.027778
0 0.364364 0.692753 0.054739 0.027778
0 0.425085 0.693641 0.054739 0.027778
0 0.380805 0.721829 0.054739 0.027778
0 0.304364 0.727997 0.054739 0.027778
0 0.450085 0.716551 0.054739 0.027778
0 0.493644 0.730941 0.054739 0.027778
0 0.559322 0.718885 0.054739 0.027778
0 0.622881 0.710679 0.054739 0.027778
0 0.667881 0.701568 0.054739 0.027778
0 0.688602 0.692456 0.054739 0.027778
0 0.715763 0.705679 0.054739 0.027778
0 0.747161 0.704512 0.054739 0.027778
0 0.778602 0.688362 0.054739 0.027778
0 0.816441 0.692456 0.054739 0.027778
0 0.936441 0.690401 0.054739 0.027778
0 0.940000 0.715366 0.054739 0.027778
0 0.905000 0.687178 0.054739 0.027778
0 0.865000 0.693937 0.054739 0.027778
0 0.894322 0.711254 0.054739 0.027778
0 0.869322 0.730645 0.054739 0.027778
0 0.917161 0.733275 0.054739 0.027778
0 0.822881 0.719774 0.054739 0.027778
0 0.759322 0.723589 0.054739 0.027778
0 0.591483 0.724774 0.054739 0.027778
0 0.601483 0.731812 0.054739 0.027778
0 0.593602 0.745906 0.054739 0.027778
0 0.652203 0.728293 0.054739 0.027778
0 0.686483 0.737387 0.054739 0.027778
0 0.725042 0.735331 0.054739 0.027778
0 0.735763 0.683659 0.054739 0.027778
0 0.175085 0.737091 0.054739 0.027778
0 0.185805 0.751481 0.054739 0.027778
0 0.155085 0.757352 0.054739 0.027778
0 0.092966 0.765871 0.054739 0.027778
0 0.147246 0.780261 0.054739 0.027778
0 0.171525 0.773798 0.054739 0.027778
0 0.241525 0.750017 0.054739 0.027778
0 0.220805 0.779965 0.054739 0.027778
0 0.051525 0.788188 0.054739 0.027778
0 0.042966 0.811690 0.054739 0.027778
0 0.095805 0.818728 0.054739 0.027778
0 0.112966 0.798171 0.054739 0.027778
0 0.169364 0.798763 0.054739 0.027778
0 0.146525 0.823432 0.054739 0.027778
0 0.202246 0.824599 0.054739 0.027778
0 0.277246 0.830470 0.054739 0.027778
0 0.277246 0.805819 0.054739 0.027778
0 0.326525 0.783206 0.054739 0.027778
0 0.295085 0.758537 0.054739 0.027778
0 0.336525 0.754129 0.054739 0.027778
0 0.394364 0.775279 0.054739 0.027778
0 0.436483 0.747962 0.054739 0.027778
0 0.462924 0.777909 0.054739 0.027778
0 0.456483 0.805819 0.054739 0.027778
0 0.397203 0.816098 0.054739 0.027778
0 0.336525 0.807282 0.054739 0.027778
0 0.350085 0.831655 0.054739 0.027778
0 0.445085 0.831359 0.054739 0.027778
0 0.481483 0.821376 0.054739 0.027778
0 0.551483 0.803467 0.054739 0.027778
0 0.494364 0.789669 0.054739 0.027778
0 0.503644 0.758537 0.054739 0.027778
0 0.558644 0.747962 0.054739 0.027778
0 0.550042 0.774094 0.054739 0.027778
0 0.583602 0.772334 0.054739 0.027778
0 0.607203 0.764408 0.054739 0.027778
0 0.618602 0.786132 0.054739 0.027778
0 0.610042 0.809930 0.054739 0.027778
0 0.687161 0.788484 0.054739 0.027778
0 0.665763 0.804042 0.054739 0.027778
0 0.713602 0.802282 0.054739 0.027778
0 0.724322 0.787892 0.054739 0.027778
0 0.739322 0.766463 0.054739 0.027778
0 0.698602 0.766167 0.054739 0.027778
0 0.653602 0.756777 0.054739 0.027778
0 0.767161 0.758537 0.054739 0.027778
0 0.762161 0.789373 0.054739 0.027778
0 0.817161 0.782021 0.054739 0.027778
0 0.817881 0.805523 0.054739 0.027778
0 0.871441 0.804930 0.054739 0.027778
0 0.872881 0.782021 0.054739 0.027778
0 0.870000 0.756777 0.054739 0.027778
0 0.822161 0.752666 0.054739 0.027778
0 0.920720 0.810801 0.054739 0.027778
0 0.928602 0.791132 0.054739 0.027778
0 0.926441 0.770279 0.054739 0.027778