0 0.287000 0.843591 0.078833 0.106771
0 0.174262 0.628452 0.078833 0.106771
0 0.252308 0.607226 0.078833 0.106771
0 0.284831 0.642086 0.078833 0.106771
0 0.334692 0.649656 0.078833 0.106771
0 0.368292 0.649656 0.078833 0.106771
0 0.396462 0.625419 0.078833 0.106771
0 0.451754 0.616323 0.078833 0.106771
0 0.375877 0.745118 0.078833 0.106771
0 0.449585 0.775419 0.078833 0.106771
0 0.514615 0.813290 0.078833 0.106771
0 0.475600 0.713290 0.078833 0.106771
0 0.523292 0.708753 0.078833 0.106771
0 0.570985 0.689054 0.078833 0.106771
0 0.560138 0.625419 0.078833 0.106771
0 0.542800 0.563290 0.078833 0.106771
0 0.503769 0.501183 0.078833 0.106771
0 0.447415 0.552688 0.078833 0.106771
0 0.336846 0.558753 0.078833 0.106771
0 0.319508 0.505720 0.078833 0.106771
0 0.345523 0.469355 0.078833 0.106771
0 0.267477 0.455720 0.078833 0.106771
0 0.282662 0.395118 0.078833 0.106771
0 0.198108 0.426925 0.078833 0.106771
0 0.615415 0.737527 0.078833 0.106771
0 0.621923 0.801183 0.078833 0.106771
0 0.666369 0.707226 0.078833 0.106771
0 0.706462 0.737527 0.078833 0.106771
0 0.645769 0.640559 0.078833 0.106771
0 0.651185 0.581484 0.078833 0.106771
0 0.624092 0.540559 0.078833 0.106771
0 0.712969 0.592086 0.078833 0.106771
0 0.672862 0.511785 0.078833 0.106771
0 0.833292 0.569355 0.078833 0.106771
0 0.799692 0.461785 0.078833 0.106771
0 0.422477 0.486022 0.078833 0.106771
0 0.435492 0.452688 0.078833 0.106771
0 0.443077 0.411785 0.078833 0.106771
0 0.371538 0.396624 0.078833 0.106771
0 0.327092 0.376925 0.078833 0.106771
0 0.258815 0.322387 0.078833 0.106771
0 0.336846 0.261785 0.078833 0.106771
0 0.410554 0.164817 0.078833 0.106771
0 0.421400 0.316323 0.078833 0.106771
0 0.379123 0.337527 0.078833 0.106771
0 0.465846 0.299656 0.078833 0.106771
0 0.499446 0.340559 0.078833 0.106771
0 0.550385 0.251183 0.078833 0.106771
0 0.593738 0.184516 0.078833 0.106771
0 0.555800 0.310258 0.078833 0.106771
0 0.553631 0.376925 0.078833 0.106771
0 0.570985 0.451183 0.078833 0.106771
0 0.629508 0.436022 0.078833 0.106771
0 0.600246 0.492086 0.078833 0.106771
0 0.670692 0.369355 0.078833 0.106771
0 0.629508 0.323892 0.078833 0.106771
0 0.701046 0.425419 0.078833 0.106771
0 0.735738 0.229957 0.078833 0.106771
0 0.078877 0.343591 0.078833 0.106771
0 0.494015 0.613290 0.078833 0.106771