0 0.085492 0.515199 0.109834 0.250868
0 0.165715 0.503075 0.109834 0.250868
0 0.232569 0.468222 0.109834 0.250868
0 0.297192 0.462165 0.109834 0.250868
0 0.371846 0.534895 0.109834 0.250868
0 0.430900 0.425805 0.109834 0.250868
0 0.478815 0.518222 0.109834 0.250868
0 0.553469 0.515199 0.109834 0.250868
0 0.645946 0.475805 0.109834 0.250868
0 0.737315 0.506109 0.109834 0.250868
0 0.834246 0.542469 0.109834 0.250868
0 0.928954 0.536412 0.109834 0.250868
0 0.122262 0.230345 0.109834 0.250868
0 0.313908 0.190952 0.109834 0.250868
0 0.443162 0.165199 0.109834 0.250868
0 0.651515 0.227322 0.109834 0.250868
0 0.796369 0.213682 0.109834 0.250868
0 0.953469 0.283379 0.109834 0.250868
0 0.048723 0.726715 0.109834 0.250868
0 0.128946 0.734289 0.109834 0.250868
0 0.208062 0.725199 0.109834 0.250868
0 0.280485 0.725199 0.109834 0.250868
0 0.359592 0.740345 0.109834 0.250868
0 0.453185 0.747929 0.109834 0.250868
0 0.533408 0.755502 0.109834 0.250868
0 0.618092 0.737322 0.109834 0.250868
0 0.700546 0.722165 0.109834 0.250868
0 0.787454 0.755502 0.109834 0.250868
0 0.874362 0.810042 0.109834 0.250868
0 0.956815 0.773682 0.109834 0.250868