0 0.213417 0.630600 0.078704 0.136285
0 0.140667 0.574350 0.078704 0.136285
0 0.103167 0.511350 0.078704 0.136285
0 0.083683 0.443850 0.078704 0.136285
0 0.114417 0.374125 0.078704 0.136285
0 0.310150 0.684600 0.078704 0.136285
0 0.421150 0.695850 0.078704 0.136285
0 0.511133 0.725100 0.078704 0.136285
0 0.586133 0.680100 0.078704 0.136285
0 0.678383 0.676725 0.078704 0.136285
0 0.788617 0.648600 0.078704 0.136285
0 0.838117 0.605850 0.078704 0.136285
0 0.901117 0.582225 0.078704 0.136285
0 0.916867 0.530475 0.078704 0.136285
0 0.945350 0.459600 0.078704 0.136285
0 0.925850 0.392125 0.078704 0.136285
0 0.879367 0.333625 0.078704 0.136285
0 0.847117 0.302125 0.078704 0.136285
0 0.783367 0.254875 0.078704 0.136285
0 0.697883 0.217750 0.078704 0.136285
0 0.629633 0.203125 0.078704 0.136285
0 0.566633 0.178375 0.078704 0.136285
0 0.476650 0.168250 0.078704 0.136285
0 0.394900 0.206500 0.078704 0.136285
0 0.319150 0.208750 0.078704 0.136285
0 0.256167 0.233500 0.078704 0.136285
0 0.211917 0.260500 0.078704 0.136285
0 0.151167 0.305500 0.078704 0.136285