0 0.060656 0.659444 0.311632 0.251736
0 0.106111 0.450356 0.311632 0.251736
0 0.187933 0.227622 0.311632 0.251736
0 0.215200 0.026111 0.311632 0.251736
0 0.389444 0.215500 0.311632 0.251736
0 0.497022 0.020056 0.311632 0.251736
0 0.753078 0.092778 0.311632 0.251736
0 0.866722 0.309444 0.311632 0.251736
0 0.978833 0.527622 0.311632 0.251736
0 0.657622 0.376111 0.311632 0.251736
0 0.731867 0.654900 0.311632 0.251736
0 0.789444 0.844289 0.311632 0.251736
0 0.542478 0.950356 0.311632 0.251736
0 0.277322 0.851867 0.311632 0.251736
0 0.434900 0.656411 0.311632 0.251736
0 0.437933 0.436722 0.311632 0.251736
0 0.186411 0.971567 0.311632 0.251736