0 0.277262 0.534841 0.216503 0.197917
0 0.740892 0.499990 0.216503 0.197917
0 0.918169 0.492410 0.216503 0.197917
0 0.543169 0.498472 0.216503 0.197917
0 0.511338 0.674226 0.216503 0.197917
0 0.434077 0.374226 0.216503 0.197917
0 0.204523 0.377262 0.216503 0.197917
0 0.368169 0.296954 0.216503 0.197917
0 0.199985 0.243928 0.216503 0.197917
0 0.099985 0.307559 0.216503 0.197917
0 0.377262 0.201508 0.216503 0.197917
0 0.559077 0.184841 0.216503 0.197917
0 0.615892 0.286349 0.216503 0.197917
0 0.902262 0.225744 0.216503 0.197917
0 0.754523 0.353015 0.216503 0.197917
0 0.968169 0.337867 0.216503 0.197917
0 0.838615 0.742410 0.216503 0.197917
0 0.695431 0.863621 0.216503 0.197917
0 0.327262 0.853015 0.216503 0.197917
0 0.081800 0.743928 0.216503 0.197917
0 0.240892 0.743928 0.216503 0.197917
0 0.084077 0.539385 0.216503 0.197917
0 0.022708 0.425744 0.216503 0.197917