0 0.523477 0.269686 0.072917 0.079861
0 0.635595 0.299990 0.072917 0.079861
0 0.690140 0.404536 0.072917 0.079861
0 0.605295 0.459081 0.072917 0.079861
0 0.462868 0.454536 0.072917 0.079861
0 0.394686 0.298477 0.072917 0.079861
0 0.261354 0.354536 0.072917 0.079861
0 0.143172 0.431809 0.072917 0.079861
0 0.067413 0.548477 0.072917 0.079861
0 0.209840 0.599990 0.072917 0.079861
0 0.329990 0.490595 0.072917 0.079861
0 0.046354 0.717568 0.072917 0.079861
0 0.151049 0.826659 0.072917 0.079861
0 0.231809 0.739386 0.072917 0.079861
0 0.273172 0.881204 0.072917 0.079861
0 0.353931 0.789536 0.072917 0.079861
0 0.432568 0.876809 0.072917 0.079861
0 0.506659 0.743777 0.072917 0.079861
0 0.574386 0.841958 0.072917 0.079861
0 0.626659 0.634686 0.072917 0.079861
0 0.698627 0.759081 0.072917 0.079861
0 0.709536 0.523322 0.072917 0.079861
0 0.807718 0.647718 0.072917 0.079861
0 0.881958 0.536504 0.072917 0.079861
0 0.766354 0.388172 0.072917 0.079861
0 0.788172 0.270295 0.072917 0.079861
0 0.790295 0.132868 0.072917 0.079861
0 0.886354 0.113172 0.072917 0.079861
0 0.958322 0.250595 0.072917 0.079861
0 0.958322 0.392413 0.072917 0.079861