0 0.290400 0.083817 0.022786 0.047743
0 0.204250 0.239017 0.022786 0.047743
0 0.289737 0.385450 0.022786 0.047743
0 0.617888 0.154833 0.022786 0.047743
0 0.645512 0.160983 0.022786 0.047743
0 0.054313 0.523100 0.022786 0.047743
0 0.101663 0.562567 0.022786 0.047743
0 0.135862 0.516967 0.022786 0.047743
0 0.150988 0.571333 0.022786 0.047743
0 0.127963 0.610783 0.022786 0.047743
0 0.187150 0.641483 0.022786 0.047743
0 0.243712 0.570450 0.022786 0.047743
0 0.249625 0.581850 0.022786 0.047743
0 0.227263 0.670417 0.022786 0.047743
0 0.197013 0.706367 0.022786 0.047743
0 0.135200 0.776500 0.022786 0.047743
0 0.108900 0.766867 0.022786 0.047743
0 0.144412 0.794917 0.022786 0.047743
0 0.118763 0.793167 0.022786 0.047743
0 0.231213 0.768617 0.022786 0.047743
0 0.259487 0.774750 0.022786 0.047743
0 0.240425 0.817717 0.022786 0.047743
0 0.254225 0.826483 0.022786 0.047743
0 0.313412 0.798433 0.022786 0.047743
0 0.333150 0.723017 0.022786 0.047743
0 0.331825 0.699350 0.022786 0.047743
0 0.339725 0.677433 0.022786 0.047743
0 0.303550 0.650250 0.022786 0.047743
0 0.286450 0.684433 0.022786 0.047743
0 0.377863 0.493300 0.022786 0.047743
0 0.379837 0.506450 0.022786 0.047743
0 0.410737 0.552917 0.022786 0.047743
0 0.371287 0.662517 0.022786 0.047743
0 0.688913 0.468750 0.022786 0.047743
0 0.618550 0.465233 0.022786 0.047743
0 0.670500 0.503817 0.022786 0.047743
0 0.611313 0.582733 0.022786 0.047743
0 0.492950 0.592383 0.022786 0.047743
0 0.467300 0.575717 0.022786 0.047743
0 0.649463 0.665150 0.022786 0.047743
0 0.638275 0.678300 0.022786 0.047743
0 0.733637 0.690583 0.022786 0.047743
0 0.573175 0.618683 0.022786 0.047743
0 0.767175 0.739683 0.022786 0.047743
0 0.832275 0.772117 0.022786 0.047743
0 0.530425 0.730033 0.022786 0.047743
0 0.477825 0.698467 0.022786 0.047743
0 0.408113 0.859800 0.022786 0.047743
0 0.924338 0.359133 0.022786 0.047743
0 0.792825 0.310917 0.022786 0.047743
0 0.776375 0.313550 0.022786 0.047743
0 0.851350 0.171500 0.022786 0.047743
0 0.689575 0.235500 0.022786 0.047743
0 0.695488 0.286367 0.022786 0.047743
0 0.713250 0.367033 0.022786 0.047743
0 0.771775 0.481017 0.022786 0.047743
0 0.925000 0.486283 0.022786 0.047743
0 0.956562 0.599383 0.022786 0.047743
0 0.692862 0.169750 0.022786 0.047743
0 0.691550 0.115383 0.022786 0.047743
0 0.521000 0.454367 0.022786 0.047743