0 0.011611 0.384396 0.106505 0.189236
0 0.088371 0.366969 0.106505 0.189236
0 0.168293 0.409738 0.106505 0.189236
0 0.191420 0.306772 0.106505 0.189236
0 0.242944 0.221220 0.106505 0.189236
0 0.339686 0.186365 0.106505 0.189236
0 0.429068 0.210131 0.106505 0.189236
0 0.541577 0.246562 0.106505 0.189236
0 0.626751 0.279829 0.106505 0.189236
0 0.736115 0.279829 0.106505 0.189236
0 0.844416 0.289344 0.106505 0.189236
0 0.936951 0.311522 0.106505 0.189236
0 0.653040 0.419239 0.106505 0.189236
0 0.572073 0.381220 0.106505 0.189236
0 0.500566 0.351129 0.106505 0.189236
0 0.419599 0.333701 0.106505 0.189236
0 0.286063 0.352703 0.106505 0.189236
0 0.164085 0.520630 0.106505 0.189236
0 0.242944 0.606181 0.106505 0.189236
0 0.330226 0.622021 0.106505 0.189236
0 0.450096 0.645787 0.106505 0.189236
0 0.580488 0.606181 0.106505 0.189236
0 0.648833 0.525381 0.106505 0.189236