0 0.865469 0.812772 0.018551 0.050347
0 0.921101 0.731854 0.018551 0.050347
0 0.891740 0.617397 0.018551 0.050347
0 0.876283 0.552659 0.018551 0.050347
0 0.901790 0.850918 0.018551 0.050347
0 0.941965 0.794270 0.018551 0.050347
0 0.987547 0.766536 0.018551 0.050347
0 0.160926 0.028071 0.018551 0.050347
0 0.087322 0.350599 0.018551 0.050347
0 0.303930 0.367903 0.018551 0.050347
0 0.339687 0.352172 0.018551 0.050347
0 0.358611 0.366330 0.018551 0.050347
0 0.389099 0.278221 0.018551 0.050347
0 0.398573 0.072116 0.018551 0.050347
0 0.552090 0.072116 0.018551 0.050347
0 0.735369 0.004944 0.018551 0.050347
0 0.679850 0.256049 0.018551 0.050347
0 0.412340 0.397640 0.018551 0.050347
0 0.483004 0.448614 0.018551 0.050347
0 0.515807 0.503371 0.018551 0.050347
0 0.471652 0.597772 0.018551 0.050347
0 0.433792 0.726161 0.018551 0.050347
0 0.457772 0.731816 0.018551 0.050347
0 0.503191 0.635543 0.018551 0.050347
0 0.499512 0.600449 0.018551 0.050347
0 0.336008 0.596199 0.018551 0.050347
0 0.515607 0.663858 0.018551 0.050347
0 0.530951 0.679120 0.018551 0.050347
0 0.587947 0.666067 0.018551 0.050347
0 0.600350 0.689026 0.018551 0.050347
0 0.693842 0.644195 0.018551 0.050347
0 0.673329 0.517528 0.018551 0.050347
0 0.780688 0.386311 0.018551 0.050347
0 0.824543 0.635543 0.018551 0.050347
0 0.779962 0.676910 0.018551 0.050347
0 0.764606 0.725056 0.018551 0.050347
0 0.626646 0.729457 0.018551 0.050347
0 0.643367 0.753539 0.018551 0.050347
0 0.618548 0.778558 0.018551 0.050347
0 0.575544 0.822285 0.018551 0.050347
0 0.534631 0.825599 0.018551 0.050347
0 0.551352 0.871536 0.018551 0.050347
0 0.556508 0.889007 0.018551 0.050347
0 0.589424 0.853914 0.018551 0.050347
0 0.608348 0.825599 0.018551 0.050347
0 0.652929 0.780749 0.018551 0.050347
0 0.691627 0.831105 0.018551 0.050347
0 0.677747 0.840861 0.018551 0.050347
0 0.663129 0.871536 0.018551 0.050347
0 0.681427 0.885693 0.018551 0.050347
0 0.712028 0.874682 0.018551 0.050347
0 0.739049 0.820094 0.018551 0.050347
0 0.742728 0.900955 0.018551 0.050347