0 0.732250 0.302933 0.085408 0.198785
0 0.710275 0.491200 0.085408 0.198785
0 0.735250 0.684800 0.085408 0.198785
0 0.658325 0.656356 0.085408 0.198785
0 0.604375 0.784222 0.085408 0.198785
0 0.581400 0.897911 0.085408 0.198785
0 0.519450 0.862400 0.085408 0.198785
0 0.450525 0.770044 0.085408 0.198785
0 0.360625 0.878356 0.085408 0.198785
0 0.334650 0.757600 0.085408 0.198785
0 0.273700 0.654578 0.085408 0.198785
0 0.378600 0.599556 0.085408 0.198785
0 0.467500 0.613733 0.085408 0.198785
0 0.548425 0.622622 0.085408 0.198785
0 0.578400 0.409511 0.085408 0.198785
0 0.630350 0.320711 0.085408 0.198785
0 0.551425 0.313600 0.085408 0.198785
0 0.464500 0.441467 0.085408 0.198785
0 0.475500 0.183956 0.085408 0.198785
0 0.583400 0.141333 0.085408 0.198785
0 0.495475 0.064978 0.085408 0.198785
0 0.370600 0.105822 0.085408 0.198785
0 0.383600 0.272756 0.085408 0.198785
0 0.321650 0.407733 0.085408 0.198785
0 0.345625 0.476978 0.085408 0.198785
0 0.253725 0.537378 0.085408 0.198785
0 0.292675 0.276311 0.085408 0.198785
0 0.411125 0.983733 0.085408 0.198785