0 0.067590 0.198435 0.113710 0.106771
0 0.172199 0.167891 0.113710 0.106771
0 0.260472 0.143891 0.113710 0.106771
0 0.352003 0.115522 0.113710 0.106771
0 0.435375 0.091522 0.113710 0.106771
0 0.508925 0.069717 0.113710 0.106771
0 0.569414 0.117717 0.113710 0.106771
0 0.484414 0.141717 0.113710 0.106771
0 0.404316 0.176630 0.113710 0.106771
0 0.312785 0.200630 0.113710 0.106771
0 0.222883 0.235522 0.113710 0.106771
0 0.097020 0.261717 0.113710 0.106771
0 0.097020 0.329348 0.113710 0.106771
0 0.214707 0.296630 0.113710 0.106771
0 0.348746 0.255174 0.113710 0.106771
0 0.438648 0.226804 0.113710 0.106771
0 0.536710 0.200630 0.113710 0.106771
0 0.620081 0.165717 0.113710 0.106771
0 0.675651 0.224630 0.113710 0.106771
0 0.587394 0.255174 0.113710 0.106771
0 0.495847 0.290065 0.113710 0.106771
0 0.386336 0.331522 0.113710 0.106771
0 0.250668 0.372978 0.113710 0.106771
0 0.123160 0.412261 0.113710 0.106771
0 0.178746 0.501717 0.113710 0.106771
0 0.324218 0.451522 0.113710 0.106771
0 0.441906 0.394804 0.113710 0.106771
0 0.559609 0.370804 0.113710 0.106771
0 0.642964 0.316261 0.113710 0.106771
0 0.729593 0.285717 0.113710 0.106771
0 0.794984 0.344630 0.113710 0.106771
0 0.714886 0.383891 0.113710 0.106771
0 0.631531 0.451522 0.113710 0.106771
0 0.494218 0.479891 0.113710 0.106771
0 0.389609 0.549717 0.113710 0.106771
0 0.213062 0.630435 0.113710 0.106771
0 0.275179 0.746065 0.113710 0.106771
0 0.585749 0.564978 0.113710 0.106771
0 0.739414 0.540978 0.113710 0.106771
0 0.794984 0.475522 0.113710 0.106771
0 0.894691 0.434065 0.113710 0.106771
0 0.902866 0.564978 0.113710 0.106771
0 0.987866 0.514804 0.113710 0.106771
0 0.974788 0.682804 0.113710 0.106771
0 0.852199 0.711174 0.113710 0.106771
0 0.683827 0.700261 0.113710 0.106771
0 0.432101 0.665348 0.113710 0.106771
0 0.504023 0.794065 0.113710 0.106771
0 0.352003 0.929348 0.113710 0.106771
0 0.526906 0.970804 0.113710 0.106771
0 0.754121 0.855174 0.113710 0.106771