0 0.491110 0.775910 0.155229 0.018229
0 0.491110 0.735000 0.155229 0.018229
0 0.491110 0.697120 0.155229 0.018229
0 0.493130 0.660757 0.155229 0.018229
0 0.501213 0.628940 0.155229 0.018229
0 0.503233 0.597120 0.155229 0.018229
0 0.507273 0.569847 0.155229 0.018229
0 0.513333 0.542575 0.155229 0.018229
0 0.519393 0.515302 0.155229 0.018229
0 0.525453 0.491060 0.155229 0.018229
0 0.525453 0.468332 0.155229 0.018229
0 0.527473 0.447120 0.155229 0.018229
0 0.531517 0.425910 0.155229 0.018229
0 0.533537 0.407728 0.155229 0.018229
0 0.533537 0.389545 0.155229 0.018229
0 0.535557 0.374395 0.155229 0.018229
0 0.537577 0.356212 0.155229 0.018229
0 0.541617 0.341060 0.155229 0.018229
0 0.545657 0.325910 0.155229 0.018229
0 0.547677 0.312273 0.155229 0.018229
0 0.547677 0.297120 0.155229 0.018229
0 0.551717 0.283485 0.155229 0.018229
0 0.553737 0.269848 0.155229 0.018229
0 0.553737 0.259242 0.155229 0.018229
0 0.555757 0.247120 0.155229 0.018229
0 0.555757 0.238030 0.155229 0.018229
0 0.555757 0.227425 0.155229 0.018229