0 0.126014 0.562375 0.105035 0.116319
0 0.084194 0.473278 0.105035 0.116319
0 0.166014 0.406014 0.105035 0.116319
0 0.224194 0.484194 0.105035 0.116319
0 0.262375 0.593278 0.105035 0.116319
0 0.178736 0.796917 0.105035 0.116319
0 0.286014 0.871458 0.105035 0.116319
0 0.435097 0.858736 0.105035 0.116319
0 0.564194 0.791458 0.105035 0.116319
0 0.742375 0.600556 0.105035 0.116319
0 0.784194 0.544194 0.105035 0.116319
0 0.855097 0.471458 0.105035 0.116319
0 0.915097 0.315097 0.105035 0.116319
0 0.935097 0.247833 0.105035 0.116319
0 0.922375 0.187833 0.105035 0.116319
0 0.851458 0.195097 0.105035 0.116319
0 0.835097 0.307833 0.105035 0.116319
0 0.755097 0.355097 0.105035 0.116319
0 0.669653 0.391458 0.105035 0.116319
0 0.473278 0.486014 0.105035 0.116319
0 0.375097 0.549653 0.105035 0.116319
0 0.402375 0.347833 0.105035 0.116319
0 0.346014 0.287833 0.105035 0.116319
0 0.387833 0.226014 0.105035 0.116319
0 0.464194 0.286014 0.105035 0.116319
0 0.507833 0.231458 0.105035 0.116319
0 0.455097 0.176917 0.105035 0.116319
0 0.606014 0.106014 0.105035 0.116319
0 0.678736 0.149653 0.105035 0.116319
0 0.753278 0.147833 0.105035 0.116319
0 0.782375 0.102375 0.105035 0.116319
0 0.700556 0.095097 0.105035 0.116319