0 0.979289 0.912937 0.208025 0.269965
0 0.914133 0.753219 0.208025 0.269965
0 0.742844 0.899844 0.208025 0.269965
0 0.575289 0.732281 0.208025 0.269965
0 0.387244 0.902469 0.208025 0.269965
0 0.255044 0.703469 0.208025 0.269965
0 0.052111 0.546375 0.208025 0.269965
0 0.202911 0.384062 0.208025 0.269965
0 0.052111 0.242687 0.208025 0.269965
0 0.102378 0.048937 0.208025 0.269965
0 0.219667 0.114375 0.208025 0.269965
0 0.348133 0.090813 0.208025 0.269965
0 0.377933 0.261000 0.208025 0.269965
0 0.502667 0.169375 0.208025 0.269965
0 0.673956 0.300281 0.208025 0.269965
0 0.579000 0.462594 0.208025 0.269965
0 0.376067 0.499250 0.208025 0.269965
0 0.789400 0.541156 0.208025 0.269965
0 0.956956 0.530687 0.208025 0.269965
0 0.940200 0.344781 0.208025 0.269965
0 0.837800 0.232187 0.208025 0.269965
0 0.960667 0.221719 0.208025 0.269965
0 0.917844 0.117000 0.208025 0.269965
0 0.763333 0.041063 0.208025 0.269965
0 0.647889 0.127469 0.208025 0.269965
0 0.517556 0.035844 0.208025 0.269965
0 0.011156 0.082969 0.208025 0.269965