0 0.769011 0.268630 0.020833 0.026910
0 0.728298 0.389644 0.020833 0.026910
0 0.764093 0.386473 0.020833 0.026910
0 0.788661 0.385422 0.020833 0.026910
0 0.853942 0.355966 0.020833 0.026910
0 0.881314 0.380169 0.020833 0.026910
0 0.933955 0.383321 0.020833 0.026910
0 0.962028 0.384371 0.020833 0.026910
0 0.705832 0.855178 0.020833 0.026910
0 0.099399 0.389644 0.020833 0.026910
0 0.134493 0.411726 0.020833 0.026910
0 0.162566 0.412777 0.020833 0.026910
0 0.193454 0.412777 0.020833 0.026910
0 0.276971 0.405422 0.020833 0.026910
0 0.319787 0.403321 0.020833 0.026910
0 0.342954 0.404371 0.020833 0.026910
0 0.371026 0.401220 0.020833 0.026910
0 0.400513 0.374916 0.020833 0.026910
0 0.432804 0.373846 0.020833 0.026910
0 0.465081 0.398049 0.020833 0.026910
0 0.503692 0.396998 0.020833 0.026910
0 0.531765 0.400150 0.020833 0.026910
0 0.562653 0.394897 0.020833 0.026910
0 0.626521 0.391745 0.020833 0.026910
0 0.672140 0.391745 0.020833 0.026910
0 0.693204 0.386473 0.020833 0.026910
0 0.406834 0.025572 0.020833 0.026910