0 0.079154 0.162159 0.180556 0.268229
0 0.106408 0.457610 0.180556 0.268229
0 0.271938 0.250035 0.180556 0.268229
0 0.463708 0.512159 0.180556 0.268229
0 0.329469 0.531859 0.180556 0.268229
0 0.416269 0.342460 0.180556 0.268229
0 0.231562 0.472771 0.180556 0.268229
0 0.198254 0.636397 0.180556 0.268229
0 0.330477 0.768222 0.180556 0.268229
0 0.160915 0.822771 0.180556 0.268229
0 0.063008 0.707610 0.180556 0.268229
0 0.007492 0.912159 0.180556 0.268229
0 0.021623 0.434885 0.180556 0.268229
0 0.422331 0.956097 0.180556 0.268229
0 0.525277 0.797009 0.180556 0.268229
0 0.586846 0.959134 0.180556 0.268229
0 0.881569 0.824284 0.180556 0.268229
0 0.697869 0.615196 0.180556 0.268229
0 0.900746 0.474284 0.180556 0.268229
0 0.720077 0.222771 0.180556 0.268229
0 0.636308 0.319734 0.180556 0.268229
0 0.492977 0.207610 0.180556 0.268229
0 0.371862 0.040947 0.180556 0.268229
0 0.230554 0.022771 0.180556 0.268229
0 0.533354 0.040947 0.180556 0.268229
0 0.644377 0.027309 0.180556 0.268229
0 0.802846 0.086397 0.180556 0.268229
0 0.932038 0.125797 0.180556 0.268229