0 0.945219 0.033227 0.068866 0.145833
0 0.658786 0.012289 0.068866 0.145833
0 0.041289 0.701538 0.068866 0.145833
0 0.051001 0.528818 0.068866 0.145833
0 0.131051 0.325178 0.068866 0.145833
0 0.111640 0.241538 0.068866 0.145833
0 0.029161 0.097899 0.068866 0.145833
0 0.459737 0.088818 0.068866 0.145833
0 0.453667 0.321538 0.068866 0.145833
0 0.288723 0.450619 0.068866 0.145833
0 0.143179 0.901538 0.068866 0.145833
0 0.215945 0.957899 0.068866 0.145833
0 0.383329 0.843358 0.068866 0.145833
0 0.555557 0.846998 0.068866 0.145833
0 0.556771 0.685178 0.068866 0.145833
0 0.616195 0.339719 0.068866 0.145833
0 0.661076 0.459719 0.068866 0.145833
0 0.826020 0.179719 0.068866 0.145833
0 0.874543 0.466998 0.068866 0.145833
0 0.756896 0.719719 0.068866 0.145833
0 0.809049 0.973358 0.068866 0.145833