0 0.086375 0.074250 0.059896 0.056424
0 0.089400 0.154550 0.059896 0.056424
0 0.090900 0.236375 0.059896 0.056424
0 0.092425 0.313625 0.059896 0.056424
0 0.087875 0.393950 0.059896 0.056424
0 0.087875 0.469700 0.059896 0.056424
0 0.084850 0.550000 0.059896 0.056424
0 0.093950 0.627275 0.059896 0.056424
0 0.089400 0.710600 0.059896 0.056424
0 0.092425 0.783325 0.059896 0.056424
0 0.181825 0.078800 0.059896 0.056424
0 0.181825 0.159100 0.059896 0.056424
0 0.183325 0.234850 0.059896 0.056424
0 0.183325 0.315150 0.059896 0.056424
0 0.180300 0.395450 0.059896 0.056424
0 0.181825 0.474250 0.059896 0.056424
0 0.180300 0.551525 0.059896 0.056424
0 0.181825 0.630300 0.059896 0.056424
0 0.183325 0.706050 0.059896 0.056424
0 0.181825 0.786375 0.059896 0.056424
0 0.274250 0.077275 0.059896 0.056424
0 0.269700 0.156050 0.059896 0.056424
0 0.269700 0.239400 0.059896 0.056424
0 0.272725 0.313625 0.059896 0.056424
0 0.271200 0.400000 0.059896 0.056424
0 0.272725 0.468175 0.059896 0.056424
0 0.275750 0.550000 0.059896 0.056424
0 0.272725 0.622725 0.059896 0.056424
0 0.268175 0.704550 0.059896 0.056424
0 0.274250 0.784850 0.059896 0.056424
0 0.362125 0.075750 0.059896 0.056424
0 0.365150 0.159100 0.059896 0.056424
0 0.359100 0.240900 0.059896 0.056424
0 0.363625 0.316675 0.059896 0.056424
0 0.362125 0.392425 0.059896 0.056424
0 0.362125 0.469700 0.059896 0.056424
0 0.362125 0.554550 0.059896 0.056424
0 0.362125 0.628800 0.059896 0.056424
0 0.362125 0.706050 0.059896 0.056424
0 0.360600 0.780300 0.059896 0.056424
0 0.453025 0.078800 0.059896 0.056424
0 0.451525 0.156050 0.059896 0.056424
0 0.453025 0.231825 0.059896 0.056424
0 0.453025 0.313625 0.059896 0.056424
0 0.451525 0.396975 0.059896 0.056424
0 0.456050 0.474250 0.059896 0.056424
0 0.456050 0.550000 0.059896 0.056424
0 0.453025 0.625750 0.059896 0.056424
0 0.456050 0.706050 0.059896 0.056424
0 0.457575 0.783325 0.059896 0.056424
0 0.548475 0.075750 0.059896 0.056424
0 0.545450 0.157575 0.059896 0.056424
0 0.546975 0.236375 0.059896 0.056424
0 0.542425 0.312125 0.059896 0.056424
0 0.545450 0.392425 0.059896 0.056424
0 0.546975 0.474250 0.059896 0.056424
0 0.543950 0.545450 0.059896 0.056424
0 0.543950 0.624250 0.059896 0.056424
0 0.545450 0.703025 0.059896 0.056424
0 0.554550 0.780300 0.059896 0.056424
0 0.637875 0.077275 0.059896 0.056424
0 0.634850 0.157575 0.059896 0.056424
0 0.636375 0.242425 0.059896 0.056424
0 0.642425 0.313625 0.059896 0.056424
0 0.639400 0.390900 0.059896 0.056424
0 0.639400 0.475750 0.059896 0.056424
0 0.636375 0.550000 0.059896 0.056424
0 0.637875 0.627275 0.059896 0.056424
0 0.634850 0.712125 0.059896 0.056424
0 0.633325 0.784850 0.059896 0.056424
0 0.730300 0.074250 0.059896 0.056424
0 0.725750 0.156050 0.059896 0.056424
0 0.724250 0.236375 0.059896 0.056424
0 0.728800 0.313625 0.059896 0.056424
0 0.724250 0.396975 0.059896 0.056424
0 0.724250 0.475750 0.059896 0.056424
0 0.727275 0.553025 0.059896 0.056424
0 0.725750 0.622725 0.059896 0.056424
0 0.727275 0.706050 0.059896 0.056424
0 0.728800 0.786375 0.059896 0.056424
0 0.821200 0.077275 0.059896 0.056424
0 0.818175 0.160600 0.059896 0.056424
0 0.818175 0.234850 0.059896 0.056424
0 0.816675 0.319700 0.059896 0.056424
0 0.819700 0.393950 0.059896 0.056424
0 0.818175 0.471200 0.059896 0.056424
0 0.818175 0.550000 0.059896 0.056424
0 0.821200 0.627275 0.059896 0.056424
0 0.822725 0.706050 0.059896 0.056424
0 0.821200 0.786375 0.059896 0.056424
0 0.912125 0.077275 0.059896 0.056424
0 0.912125 0.159100 0.059896 0.056424
0 0.910600 0.234850 0.059896 0.056424
0 0.907575 0.316675 0.059896 0.056424
0 0.910600 0.392425 0.059896 0.056424
0 0.910600 0.471200 0.059896 0.056424
0 0.909100 0.553025 0.059896 0.056424
0 0.909100 0.622725 0.059896 0.056424
0 0.907575 0.704550 0.059896 0.056424
0 0.913625 0.789400 0.059896 0.056424