0 0.414200 0.725750 0.159505 0.140625
0 0.385800 0.566667 0.159505 0.140625
0 0.197162 0.465150 0.159505 0.140625
0 0.433525 0.500000 0.159505 0.140625
0 0.372163 0.398483 0.159505 0.140625
0 0.374438 0.298483 0.159505 0.140625
0 0.410800 0.196967 0.159505 0.140625
0 0.469888 0.287883 0.159505 0.140625
0 0.600562 0.246967 0.159505 0.140625
0 0.606250 0.337883 0.159505 0.140625
0 0.541475 0.390917 0.159505 0.140625
0 0.459663 0.378783 0.159505 0.140625
0 0.594888 0.534850 0.159505 0.140625
0 0.696025 0.442417 0.159505 0.140625
0 0.799437 0.396967 0.159505 0.140625
0 0.760800 0.571217 0.159505 0.140625
0 0.535800 0.643933 0.159505 0.140625