0 0.668438 0.939812 0.102431 0.098958
0 0.797594 0.827234 0.102431 0.098958
0 0.876146 0.753922 0.102431 0.098958
0 0.970396 0.641344 0.102431 0.098958
0 0.614323 0.850797 0.102431 0.098958
0 0.701594 0.772250 0.102431 0.098958
0 0.822031 0.670141 0.102431 0.098958
0 0.898833 0.586359 0.102431 0.098958
0 0.973885 0.492109 0.102431 0.098958
0 0.525312 0.769641 0.102431 0.098958
0 0.666687 0.698937 0.102431 0.098958
0 0.736510 0.623016 0.102431 0.098958
0 0.848219 0.528766 0.102431 0.098958
0 0.911052 0.463312 0.102431 0.098958
0 0.984365 0.387375 0.102431 0.098958
0 0.495635 0.696328 0.102431 0.098958
0 0.586396 0.617781 0.102431 0.098958
0 0.682396 0.539234 0.102431 0.098958
0 0.780146 0.473781 0.102431 0.098958
0 0.853448 0.400469 0.102431 0.098958
0 0.930250 0.345484 0.102431 0.098958
0 0.975635 0.274797 0.102431 0.098958
0 0.937240 0.248609 0.102431 0.098958
0 0.884875 0.287891 0.102431 0.098958
0 0.806323 0.345484 0.102431 0.098958
0 0.726031 0.403094 0.102431 0.098958
0 0.635271 0.484250 0.102431 0.098958
0 0.544510 0.557562 0.102431 0.098958
0 0.438031 0.643969 0.102431 0.098958
0 0.376948 0.588984 0.102431 0.098958
0 0.469448 0.507812 0.102431 0.098958
0 0.595125 0.434500 0.102431 0.098958
0 0.654469 0.382141 0.102431 0.098958
0 0.753958 0.306219 0.102431 0.098958
0 0.806323 0.277422 0.102431 0.098958
0 0.874396 0.196250 0.102431 0.098958
0 0.818542 0.164828 0.102431 0.098958
0 0.773167 0.209344 0.102431 0.098958
0 0.682396 0.272172 0.102431 0.098958
0 0.628292 0.311453 0.102431 0.098958
0 0.532292 0.384766 0.102431 0.098958
0 0.452000 0.437125 0.102431 0.098958
0 0.335052 0.513047 0.102431 0.098958
0 0.284437 0.479016 0.102431 0.098958
0 0.373448 0.413562 0.102431 0.098958
0 0.499125 0.335016 0.102431 0.098958
0 0.558469 0.287891 0.102431 0.098958
0 0.659708 0.219812 0.102431 0.098958
0 0.710323 0.183156 0.102431 0.098958
0 0.788875 0.130797 0.102431 0.098958
0 0.724292 0.102000 0.102431 0.098958
0 0.684146 0.138656 0.102431 0.098958
0 0.602104 0.193641 0.102431 0.098958
0 0.535781 0.240766 0.102431 0.098958
0 0.424073 0.303594 0.102431 0.098958
0 0.347271 0.363813 0.102431 0.098958
0 0.212875 0.442359 0.102431 0.098958
0 0.198906 0.363813 0.102431 0.098958
0 0.294906 0.327156 0.102431 0.098958
0 0.399635 0.256469 0.102431 0.098958
0 0.455490 0.217203 0.102431 0.098958
0 0.570688 0.143891 0.102431 0.098958
0 0.633521 0.104609 0.102431 0.098958
0 0.698104 0.057484 0.102431 0.098958
0 0.155271 0.335016 0.102431 0.098958
0 0.263490 0.277422 0.102431 0.098958
0 0.343781 0.225047 0.102431 0.098958
0 0.427562 0.183156 0.102431 0.098958
0 0.507854 0.128172 0.102431 0.098958
0 0.588146 0.081047 0.102431 0.098958
0 0.640510 0.033922 0.102431 0.098958
0 0.595125 0.012984 0.102431 0.098958
0 0.539271 0.052250 0.102431 0.098958
0 0.490396 0.020828 0.102431 0.098958
0 0.455490 0.099375 0.102431 0.098958
0 0.432802 0.057484 0.102431 0.098958
0 0.397885 0.033922 0.102431 0.098958
0 0.347271 0.012984 0.102431 0.098958
0 0.312365 0.078438 0.102431 0.098958
0 0.340292 0.104609 0.102431 0.098958
0 0.375198 0.146500 0.102431 0.098958
0 0.310615 0.183156 0.102431 0.098958
0 0.223344 0.240766 0.102431 0.098958
0 0.111635 0.295750 0.102431 0.098958
0 0.078469 0.259094 0.102431 0.098958
0 0.176219 0.204109 0.102431 0.098958
0 0.260000 0.159594 0.102431 0.098958
0 0.225094 0.115094 0.102431 0.098958
0 0.260000 0.052250 0.102431 0.098958
0 0.190177 0.104609 0.102431 0.098958
0 0.097667 0.149125 0.102431 0.098958
0 0.132583 0.172687 0.102431 0.098958
0 0.041813 0.219812 0.102431 0.098958
0 0.012146 0.185781 0.102431 0.098958
0 0.019125 0.136031 0.102431 0.098958
0 0.087198 0.091531 0.102431 0.098958
0 0.155271 0.062719 0.102431 0.098958
0 0.226833 0.026078 0.102431 0.098958
0 0.289667 0.007750 0.102431 0.098958
0 0.055781 0.044391 0.102431 0.098958
0 0.115125 0.018219 0.102431 0.098958
0 0.012146 0.075813 0.102431 0.098958
0 0.005198 0.636469 0.102431 0.098958