0 0.432458 0.697346 0.027011 0.057292
0 0.402925 0.703711 0.027011 0.057292
0 0.373083 0.691887 0.027011 0.057292
0 0.342042 0.695069 0.027011 0.057292
0 0.315217 0.683698 0.027011 0.057292
0 0.291708 0.650038 0.027011 0.057292
0 0.266392 0.629107 0.027011 0.057292
0 0.253133 0.582252 0.027011 0.057292
0 0.233242 0.544038 0.027011 0.057292
0 0.219983 0.499912 0.027011 0.057292
0 0.286892 0.615912 0.027011 0.057292
0 0.277850 0.575887 0.027011 0.057292
0 0.288092 0.678239 0.027011 0.057292
0 0.305275 0.713270 0.027011 0.057292
0 0.335717 0.730553 0.027011 0.057292
0 0.270617 0.536302 0.027011 0.057292
0 0.264892 0.490818 0.027011 0.057292
0 0.273325 0.443044 0.027011 0.057292
0 0.242283 0.435308 0.027011 0.057292
0 0.213650 0.455333 0.027011 0.057292
0 0.240775 0.481711 0.027011 0.057292
0 0.239267 0.630025 0.027011 0.057292
0 0.256150 0.665044 0.027011 0.057292
0 0.273025 0.708264 0.027011 0.057292
0 0.285683 0.746931 0.027011 0.057292
0 0.305875 0.783786 0.027011 0.057292
0 0.331192 0.813346 0.027011 0.057292
0 0.355300 0.836553 0.027011 0.057292
0 0.389058 0.843836 0.027011 0.057292
0 0.417083 0.850201 0.027011 0.057292
0 0.449633 0.851560 0.027011 0.057292
0 0.480075 0.843836 0.027011 0.057292
0 0.509608 0.826994 0.027011 0.057292
0 0.538842 0.815170 0.027011 0.057292
0 0.563558 0.794252 0.027011 0.057292
0 0.507800 0.732830 0.027011 0.057292
0 0.478267 0.750113 0.027011 0.057292
0 0.448125 0.765585 0.027011 0.057292
0 0.418892 0.766038 0.027011 0.057292
0 0.392075 0.764226 0.027011 0.057292
0 0.357417 0.756491 0.027011 0.057292
0 0.534625 0.706440 0.027011 0.057292
0 0.556625 0.678239 0.027011 0.057292
0 0.576517 0.648667 0.027011 0.057292
0 0.595208 0.606818 0.027011 0.057292
0 0.530708 0.610000 0.027011 0.057292
0 0.545475 0.570881 0.027011 0.057292
0 0.558433 0.536302 0.027011 0.057292
0 0.562350 0.494000 0.027011 0.057292
0 0.280258 0.403019 0.027011 0.057292
0 0.297742 0.360252 0.027011 0.057292
0 0.312808 0.323409 0.027011 0.057292
0 0.338725 0.298843 0.027011 0.057292
0 0.365850 0.276088 0.027011 0.057292
0 0.397800 0.263811 0.027011 0.057292
0 0.427033 0.263811 0.027011 0.057292
0 0.455058 0.268365 0.027011 0.057292
0 0.481283 0.277459 0.027011 0.057292
0 0.244692 0.395736 0.027011 0.057292
0 0.253433 0.353887 0.027011 0.057292
0 0.216067 0.403019 0.027011 0.057292
0 0.220583 0.364805 0.027011 0.057292
0 0.227817 0.319761 0.027011 0.057292
0 0.244692 0.279736 0.027011 0.057292
0 0.263083 0.244252 0.027011 0.057292
0 0.280558 0.213308 0.027011 0.057292
0 0.318233 0.255170 0.027011 0.057292
0 0.290808 0.283824 0.027011 0.057292
0 0.269708 0.319308 0.027011 0.057292
0 0.307983 0.175094 0.027011 0.057292
0 0.334208 0.154176 0.027011 0.057292
0 0.364950 0.133698 0.027011 0.057292
0 0.339933 0.229686 0.027011 0.057292
0 0.372483 0.213774 0.027011 0.057292
0 0.401417 0.208767 0.027011 0.057292
0 0.433058 0.198755 0.027011 0.057292
0 0.463800 0.197849 0.027011 0.057292
0 0.496950 0.201937 0.027011 0.057292
0 0.522875 0.219686 0.027011 0.057292
0 0.511417 0.301572 0.027011 0.057292
0 0.552408 0.242428 0.027011 0.057292
0 0.566875 0.160541 0.027011 0.057292
0 0.542158 0.148264 0.027011 0.057292
0 0.513533 0.121421 0.027011 0.057292
0 0.483092 0.119597 0.027011 0.057292
0 0.452050 0.110050 0.027011 0.057292
0 0.417992 0.114138 0.027011 0.057292
0 0.389358 0.119145 0.027011 0.057292
0 0.533725 0.332956 0.027011 0.057292
0 0.550000 0.370717 0.027011 0.057292
0 0.567775 0.416201 0.027011 0.057292
0 0.566275 0.454881 0.027011 0.057292
0 0.623233 0.428038 0.027011 0.057292
0 0.618408 0.388453 0.027011 0.057292
0 0.604550 0.346604 0.027011 0.057292
0 0.589475 0.309761 0.027011 0.057292
0 0.573200 0.279736 0.027011 0.057292
0 0.705208 0.483987 0.027011 0.057292
0 0.695867 0.443497 0.027011 0.057292
0 0.697975 0.401195 0.027011 0.057292
0 0.683208 0.360704 0.027011 0.057292
0 0.677183 0.321132 0.027011 0.057292
0 0.664225 0.278818 0.027011 0.057292
0 0.641617 0.248792 0.027011 0.057292
0 0.616908 0.220591 0.027011 0.057292
0 0.590983 0.194667 0.027011 0.057292
0 0.229025 0.585434 0.027011 0.057292
0 0.242883 0.521296 0.027011 0.057292