0 0.512450 0.294600 0.063368 0.063368
0 0.571925 0.283550 0.063368 0.063368
0 0.632775 0.283550 0.063368 0.063368
0 0.692250 0.290450 0.063368 0.063368
0 0.760025 0.322275 0.063368 0.063368
0 0.789075 0.378975 0.063368 0.063368
0 0.830575 0.410800 0.063368 0.063368
0 0.783550 0.473025 0.063368 0.063368
0 0.743425 0.518675 0.063368 0.063368
0 0.686725 0.565700 0.063368 0.063368
0 0.636925 0.589200 0.063368 0.063368
0 0.576075 0.604425 0.063368 0.063368
0 0.512450 0.579525 0.063368 0.063368
0 0.459900 0.554625 0.063368 0.063368
0 0.417000 0.510375 0.063368 0.063368
0 0.412875 0.413550 0.063368 0.063368
0 0.417000 0.372050 0.063368 0.063368
0 0.450200 0.312575 0.063368 0.063368
0 0.399025 0.297375 0.063368 0.063368
0 0.426700 0.244825 0.063368 0.063368
0 0.495850 0.213000 0.063368 0.063368
0 0.570550 0.203325 0.063368 0.063368
0 0.627250 0.201925 0.063368 0.063368
0 0.683950 0.201925 0.063368 0.063368
0 0.726825 0.222675 0.063368 0.063368
0 0.786300 0.258650 0.063368 0.063368
0 0.822275 0.322275 0.063368 0.063368
0 0.854075 0.362375 0.063368 0.063368
0 0.881750 0.435675 0.063368 0.063368
0 0.881750 0.513150 0.063368 0.063368
0 0.815350 0.513150 0.063368 0.063368
0 0.778000 0.572625 0.063368 0.063368
0 0.715775 0.616875 0.063368 0.063368
0 0.671500 0.645925 0.063368 0.063368
0 0.612025 0.665275 0.063368 0.063368
0 0.548400 0.670825 0.063368 0.063368
0 0.494475 0.670825 0.063368 0.063368
0 0.432225 0.643150 0.063368 0.063368
0 0.393500 0.596125 0.063368 0.063368
0 0.374125 0.524200 0.063368 0.063368
0 0.363075 0.482700 0.063368 0.063368
0 0.352000 0.412175 0.063368 0.063368
0 0.356150 0.344400 0.063368 0.063368
0 0.295300 0.316725 0.063368 0.063368
0 0.324350 0.269700 0.063368 0.063368
0 0.374125 0.217150 0.063368 0.063368
0 0.421150 0.186725 0.063368 0.063368
0 0.487550 0.163200 0.063368 0.063368
0 0.540100 0.136925 0.063368 0.063368
0 0.616175 0.131400 0.063368 0.063368
0 0.661825 0.136925 0.063368 0.063368
0 0.739275 0.152150 0.063368 0.063368
0 0.789075 0.192250 0.063368 0.063368
0 0.863750 0.229600 0.063368 0.063368
0 0.841625 0.183950 0.063368 0.063368
0 0.870675 0.294600 0.063368 0.063368
0 0.916325 0.327800 0.063368 0.063368
0 0.927375 0.395575 0.063368 0.063368
0 0.960575 0.456425 0.063368 0.063368
0 0.959200 0.518675 0.063368 0.063368
0 0.959200 0.585050 0.063368 0.063368
0 0.920475 0.634850 0.063368 0.063368
0 0.874825 0.574000 0.063368 0.063368
0 0.843025 0.632100 0.063368 0.063368
0 0.782150 0.666675 0.063368 0.063368
0 0.730975 0.709550 0.063368 0.063368
0 0.665975 0.728900 0.063368 0.063368
0 0.614800 0.737200 0.063368 0.063368
0 0.540100 0.739975 0.063368 0.063368
0 0.487550 0.726150 0.063368 0.063368
0 0.426700 0.706775 0.063368 0.063368
0 0.161125 0.793925 0.063368 0.063368
0 0.163900 0.749650 0.063368 0.063368
0 0.173575 0.695700 0.063368 0.063368
0 0.047725 0.861675 0.063368 0.063368
0 0.083675 0.900425 0.063368 0.063368
0 0.122400 0.939150 0.063368 0.063368
0 0.263475 0.434300 0.063368 0.063368
0 0.273175 0.506225 0.063368 0.063368
0 0.289775 0.556025 0.063368 0.063368
0 0.324350 0.612725 0.063368 0.063368
0 0.383825 0.656975 0.063368 0.063368
0 0.321575 0.715075 0.063368 0.063368
0 0.282850 0.687425 0.063368 0.063368
0 0.246900 0.643150 0.063368 0.063368
0 0.219225 0.590600 0.063368 0.063368
0 0.213700 0.533875 0.063368 0.063368
0 0.202625 0.467500 0.063368 0.063368
0 0.212300 0.395575 0.063368 0.063368
0 0.217850 0.333325 0.063368 0.063368
0 0.245500 0.268325 0.063368 0.063368
0 0.278700 0.214375 0.063368 0.063368
0 0.334025 0.172900 0.063368 0.063368
0 0.376900 0.135550 0.063368 0.063368
0 0.440525 0.112025 0.063368 0.063368
0 0.490325 0.095425 0.063368 0.063368
0 0.559475 0.063625 0.063368 0.063368
0 0.617575 0.062250 0.063368 0.063368
0 0.678425 0.065000 0.063368 0.063368
0 0.743425 0.084375 0.063368 0.063368
0 0.804300 0.128625 0.063368 0.063368
0 0.382425 0.770400 0.063368 0.063368
0 0.461275 0.798075 0.063368 0.063368
0 0.512450 0.825725 0.063368 0.063368
0 0.576075 0.822950 0.063368 0.063368
0 0.648000 0.814650 0.063368 0.063368
0 0.704700 0.800825 0.063368 0.063368
0 0.772475 0.784225 0.063368 0.063368
0 0.811200 0.748275 0.063368 0.063368
0 0.870675 0.701250 0.063368 0.063368