0 0.443320 0.102515 0.041313 0.069444
0 0.406800 0.125798 0.041313 0.069444
0 0.417640 0.166871 0.041313 0.069444
0 0.445860 0.159632 0.041313 0.069444
0 0.491060 0.158528 0.041313 0.069444
0 0.475160 0.097515 0.041313 0.069444
0 0.508420 0.101963 0.041313 0.069444
0 0.526500 0.152423 0.041313 0.069444
0 0.544240 0.110276 0.041313 0.069444
0 0.556880 0.150215 0.041313 0.069444
0 0.585820 0.115828 0.041313 0.069444
0 0.594500 0.159632 0.041313 0.069444
0 0.625240 0.124693 0.041313 0.069444
0 0.377860 0.158528 0.041313 0.069444
0 0.372080 0.125245 0.041313 0.069444
0 0.339540 0.171288 0.041313 0.069444
0 0.312400 0.187945 0.041313 0.069444
0 0.297940 0.161871 0.041313 0.069444
0 0.284920 0.227883 0.041313 0.069444
0 0.259600 0.181840 0.041313 0.069444
0 0.257080 0.238405 0.041313 0.069444
0 0.239720 0.204018 0.041313 0.069444
0 0.214760 0.226748 0.041313 0.069444
0 0.239340 0.271135 0.041313 0.069444
0 0.189440 0.258374 0.041313 0.069444
0 0.218380 0.297209 0.041313 0.069444
0 0.197760 0.321074 0.041313 0.069444
0 0.173880 0.289448 0.041313 0.069444
0 0.155440 0.325491 0.041313 0.069444
0 0.141340 0.356564 0.041313 0.069444
0 0.191620 0.365982 0.041313 0.069444
0 0.167020 0.394847 0.041313 0.069444
0 0.156160 0.439755 0.041313 0.069444
0 0.120000 0.395399 0.041313 0.069444
0 0.109160 0.428129 0.041313 0.069444
0 0.090340 0.476380 0.041313 0.069444
0 0.085640 0.515215 0.041313 0.069444
0 0.149300 0.480828 0.041313 0.069444
0 0.157620 0.518528 0.041313 0.069444
0 0.081300 0.548497 0.041313 0.069444
0 0.076960 0.590092 0.041313 0.069444
0 0.082760 0.646656 0.041313 0.069444
0 0.109520 0.684939 0.041313 0.069444
0 0.138080 0.726534 0.041313 0.069444
0 0.170280 0.753712 0.041313 0.069444
0 0.208980 0.783681 0.041313 0.069444
0 0.254180 0.689939 0.041313 0.069444
0 0.220900 0.650000 0.041313 0.069444
0 0.195960 0.606166 0.041313 0.069444
0 0.172800 0.566779 0.041313 0.069444
0 0.293240 0.699356 0.041313 0.069444
0 0.344960 0.706564 0.041313 0.069444
0 0.392340 0.718221 0.041313 0.069444
0 0.251640 0.819172 0.041313 0.069444
0 0.300100 0.834141 0.041313 0.069444
0 0.351460 0.836933 0.041313 0.069444
0 0.396320 0.838589 0.041313 0.069444
0 0.443320 0.845798 0.041313 0.069444
0 0.440800 0.721564 0.041313 0.069444
0 0.493960 0.738742 0.041313 0.069444
0 0.502280 0.850798 0.041313 0.069444
0 0.537000 0.737638 0.041313 0.069444
0 0.559060 0.846902 0.041313 0.069444
0 0.585460 0.714325 0.041313 0.069444
0 0.606080 0.835828 0.041313 0.069444
0 0.632480 0.714325 0.041313 0.069444
0 0.650200 0.823067 0.041313 0.069444
0 0.681300 0.687699 0.041313 0.069444
0 0.691780 0.807515 0.041313 0.069444
0 0.743860 0.794785 0.041313 0.069444
0 0.723980 0.665521 0.041313 0.069444
0 0.784020 0.772577 0.041313 0.069444
0 0.770620 0.643896 0.041313 0.069444
0 0.803180 0.600061 0.041313 0.069444
0 0.823080 0.571227 0.041313 0.069444
0 0.840440 0.527393 0.041313 0.069444
0 0.844780 0.478589 0.041313 0.069444
0 0.809680 0.730982 0.041313 0.069444
0 0.853460 0.699908 0.041313 0.069444
0 0.873700 0.670521 0.041313 0.069444
0 0.882380 0.625583 0.041313 0.069444
0 0.896120 0.585092 0.041313 0.069444
0 0.897940 0.532393 0.041313 0.069444
0 0.900100 0.508006 0.041313 0.069444
0 0.889620 0.471380 0.041313 0.069444
0 0.835000 0.456963 0.041313 0.069444
0 0.808600 0.424233 0.041313 0.069444
0 0.785460 0.384847 0.041313 0.069444
0 0.775700 0.349356 0.041313 0.069444
0 0.753640 0.317730 0.041313 0.069444
0 0.730480 0.292761 0.041313 0.069444
0 0.709140 0.268926 0.041313 0.069444
0 0.677320 0.245613 0.041313 0.069444
0 0.650560 0.230644 0.041313 0.069444
0 0.626680 0.194049 0.041313 0.069444
0 0.660680 0.123037 0.041313 0.069444
0 0.701920 0.121933 0.041313 0.069444
0 0.721800 0.136350 0.041313 0.069444
0 0.750740 0.171288 0.041313 0.069444
0 0.769180 0.199571 0.041313 0.069444
0 0.796660 0.224540 0.041313 0.069444
0 0.808600 0.256166 0.041313 0.069444
0 0.824880 0.278344 0.041313 0.069444
0 0.842240 0.311074 0.041313 0.069444
0 0.861400 0.352117 0.041313 0.069444
0 0.880220 0.394294 0.041313 0.069444
0 0.885640 0.435337 0.041313 0.069444