0 0.250000 0.139390 0.055556 0.063368
0 0.198480 0.177270 0.055556 0.063368
0 0.266670 0.212120 0.055556 0.063368
0 0.309090 0.254550 0.055556 0.063368
0 0.265150 0.295450 0.055556 0.063368
0 0.216670 0.251520 0.055556 0.063368
0 0.180300 0.292420 0.055556 0.063368
0 0.119700 0.269700 0.055556 0.063368
0 0.096970 0.324240 0.055556 0.063368
0 0.075760 0.386360 0.055556 0.063368
0 0.066670 0.446970 0.055556 0.063368
0 0.065150 0.506060 0.055556 0.063368
0 0.069700 0.566670 0.055556 0.063368
0 0.081820 0.627270 0.055556 0.063368
0 0.140910 0.601520 0.055556 0.063368
0 0.128790 0.540910 0.055556 0.063368
0 0.122730 0.480300 0.055556 0.063368
0 0.136360 0.413640 0.055556 0.063368
0 0.154550 0.350000 0.055556 0.063368
0 0.196970 0.398480 0.055556 0.063368
0 0.224240 0.339390 0.055556 0.063368
0 0.309090 0.116670 0.055556 0.063368
0 0.321210 0.184850 0.055556 0.063368
0 0.369700 0.231820 0.055556 0.063368
0 0.427270 0.209090 0.055556 0.063368
0 0.383330 0.160610 0.055556 0.063368
0 0.369700 0.101520 0.055556 0.063368
0 0.427270 0.083330 0.055556 0.063368
0 0.437880 0.146970 0.055556 0.063368
0 0.493940 0.204550 0.055556 0.063368
0 0.503030 0.134850 0.055556 0.063368
0 0.484850 0.077270 0.055556 0.063368
0 0.546970 0.072730 0.055556 0.063368
0 0.104550 0.687880 0.055556 0.063368
0 0.136360 0.740910 0.055556 0.063368
0 0.172730 0.784850 0.055556 0.063368
0 0.221210 0.831820 0.055556 0.063368
0 0.275760 0.865150 0.055556 0.063368
0 0.233330 0.762120 0.055556 0.063368
0 0.196970 0.713640 0.055556 0.063368
0 0.160610 0.657580 0.055556 0.063368
0 0.190910 0.524240 0.055556 0.063368
0 0.189390 0.462120 0.055556 0.063368
0 0.203030 0.581820 0.055556 0.063368
0 0.230300 0.643940 0.055556 0.063368
0 0.256060 0.692420 0.055556 0.063368
0 0.296970 0.737880 0.055556 0.063368
0 0.283330 0.798480 0.055556 0.063368
0 0.343940 0.778790 0.055556 0.063368
0 0.340910 0.821210 0.055556 0.063368
0 0.331820 0.880300 0.055556 0.063368
0 0.400000 0.886360 0.055556 0.063368
0 0.446970 0.850000 0.055556 0.063368
0 0.387880 0.815150 0.055556 0.063368
0 0.462120 0.887880 0.055556 0.063368
0 0.471210 0.818180 0.055556 0.063368
0 0.530300 0.803030 0.055556 0.063368
0 0.506060 0.872730 0.055556 0.063368
0 0.537880 0.853030 0.055556 0.063368
0 0.568180 0.883330 0.055556 0.063368
0 0.587880 0.843940 0.055556 0.063368
0 0.589390 0.777270 0.055556 0.063368
0 0.646970 0.819700 0.055556 0.063368
0 0.646970 0.751520 0.055556 0.063368
0 0.706060 0.789390 0.055556 0.063368
0 0.693940 0.872730 0.055556 0.063368
0 0.634850 0.889390 0.055556 0.063368
0 0.746970 0.848480 0.055556 0.063368
0 0.803030 0.815150 0.055556 0.063368
0 0.754550 0.754550 0.055556 0.063368
0 0.746970 0.680300 0.055556 0.063368
0 0.696970 0.718180 0.055556 0.063368
0 0.798480 0.713640 0.055556 0.063368
0 0.853030 0.774240 0.055556 0.063368
0 0.887880 0.713640 0.055556 0.063368
0 0.909090 0.656060 0.055556 0.063368
0 0.836360 0.663640 0.055556 0.063368
0 0.781820 0.628790 0.055556 0.063368
0 0.806060 0.572730 0.055556 0.063368
0 0.816670 0.510610 0.055556 0.063368
0 0.871210 0.477270 0.055556 0.063368
0 0.871210 0.540910 0.055556 0.063368
0 0.859090 0.610610 0.055556 0.063368
0 0.925760 0.598480 0.055556 0.063368
0 0.939390 0.536360 0.055556 0.063368
0 0.933330 0.475760 0.055556 0.063368
0 0.925760 0.413640 0.055556 0.063368
0 0.565150 0.209090 0.055556 0.063368
0 0.562120 0.139390 0.055556 0.063368
0 0.603030 0.084850 0.055556 0.063368
0 0.662120 0.103030 0.055556 0.063368
0 0.627270 0.156060 0.055556 0.063368
0 0.624240 0.218180 0.055556 0.063368
0 0.678790 0.240910 0.055556 0.063368
0 0.683330 0.178790 0.055556 0.063368
0 0.716670 0.124240 0.055556 0.063368
0 0.775760 0.154550 0.055556 0.063368
0 0.740910 0.209090 0.055556 0.063368
0 0.731820 0.281820 0.055556 0.063368
0 0.772730 0.331820 0.055556 0.063368
0 0.796970 0.387880 0.055556 0.063368
0 0.812120 0.451520 0.055556 0.063368
0 0.862120 0.415150 0.055556 0.063368
0 0.850000 0.354550 0.055556 0.063368
0 0.828790 0.300000 0.055556 0.063368
0 0.789390 0.251520 0.055556 0.063368
0 0.825760 0.196970 0.055556 0.063368
0 0.862120 0.245450 0.055556 0.063368
0 0.896970 0.296970 0.055556 0.063368
0 0.916670 0.360610 0.055556 0.063368
0 0.159090 0.215150 0.055556 0.063368
0 0.484850 0.516670 0.055556 0.063368
0 0.474240 0.560610 0.055556 0.063368
0 0.465150 0.603030 0.055556 0.063368
0 0.534850 0.507580 0.055556 0.063368
0 0.537880 0.551520 0.055556 0.063368
0 0.536360 0.600000 0.055556 0.063368