0 0.444164 0.668180 0.093954 0.097222
0 0.352908 0.651520 0.093954 0.097222
0 0.250633 0.615150 0.093954 0.097222
0 0.170395 0.545450 0.093954 0.097222
0 0.142077 0.474240 0.093954 0.097222
0 0.118474 0.400000 0.093954 0.097222
0 0.113759 0.322730 0.093954 0.097222
0 0.164102 0.256060 0.093954 0.097222
0 0.214455 0.204550 0.093954 0.097222
0 0.277383 0.163640 0.093954 0.097222
0 0.367061 0.142420 0.093954 0.097222
0 0.461464 0.142420 0.093954 0.097222
0 0.546428 0.146970 0.093954 0.097222
0 0.617227 0.180300 0.093954 0.097222
0 0.686459 0.218180 0.093954 0.097222
0 0.754112 0.269700 0.093954 0.097222
0 0.795026 0.336360 0.093954 0.097222
0 0.815472 0.421210 0.093954 0.097222
0 0.815472 0.501520 0.093954 0.097222
0 0.758837 0.574240 0.093954 0.097222
0 0.653416 0.616670 0.093954 0.097222
0 0.543281 0.672730 0.093954 0.097222