0 0.240453 0.040986 0.074346 0.058160
0 0.232333 0.081892 0.074346 0.058160
0 0.222200 0.121285 0.074346 0.058160
0 0.218133 0.171285 0.074346 0.058160
0 0.212053 0.219771 0.074346 0.058160
0 0.203947 0.265229 0.074346 0.058160
0 0.199880 0.313715 0.074346 0.058160
0 0.195827 0.359163 0.074346 0.058160
0 0.189747 0.413715 0.074346 0.058160
0 0.272907 0.425837 0.074346 0.058160
0 0.278987 0.507649 0.074346 0.058160
0 0.179600 0.459163 0.074346 0.058160
0 0.179600 0.515229 0.074346 0.058160
0 0.175547 0.580378 0.074346 0.058160
0 0.173520 0.631892 0.074346 0.058160
0 0.163373 0.684920 0.074346 0.058160
0 0.157293 0.745528 0.074346 0.058160
0 0.163373 0.810677 0.074346 0.058160
0 0.341867 0.692500 0.074346 0.058160
0 0.281013 0.631892 0.074346 0.058160
0 0.354040 0.609163 0.074346 0.058160
0 0.443280 0.628865 0.074346 0.058160
0 0.516293 0.707649 0.074346 0.058160
0 0.573093 0.810677 0.074346 0.058160
0 0.621773 0.765229 0.074346 0.058160
0 0.694787 0.727351 0.074346 0.058160
0 0.674507 0.665229 0.074346 0.058160
0 0.711013 0.613715 0.074346 0.058160
0 0.777947 0.586434 0.074346 0.058160
0 0.688707 0.540986 0.074346 0.058160
0 0.629880 0.590986 0.074346 0.058160
0 0.601480 0.647042 0.074346 0.058160
0 0.556867 0.581892 0.074346 0.058160
0 0.528467 0.621285 0.074346 0.058160
0 0.479787 0.583406 0.074346 0.058160
0 0.402720 0.556135 0.074346 0.058160
0 0.449360 0.516743 0.074346 0.058160
0 0.366200 0.474313 0.074346 0.058160
0 0.455453 0.428865 0.074346 0.058160
0 0.532520 0.478865 0.074346 0.058160
0 0.516293 0.536434 0.074346 0.058160
0 0.585253 0.527351 0.074346 0.058160
0 0.644080 0.495528 0.074346 0.058160
0 0.708987 0.477351 0.074346 0.058160
0 0.694787 0.424313 0.074346 0.058160
0 0.779973 0.395528 0.074346 0.058160
0 0.656253 0.457649 0.074346 0.058160
0 0.621773 0.407649 0.074346 0.058160
0 0.552800 0.415229 0.074346 0.058160
0 0.502093 0.378865 0.074346 0.058160
0 0.564973 0.369771 0.074346 0.058160
0 0.638000 0.356135 0.074346 0.058160
0 0.617707 0.304622 0.074346 0.058160
0 0.686667 0.318257 0.074346 0.058160
0 0.729267 0.278865 0.074346 0.058160
0 0.690733 0.244014 0.074346 0.058160
0 0.646107 0.253108 0.074346 0.058160
0 0.662333 0.280378 0.074346 0.058160
0 0.599453 0.259163 0.074346 0.058160
0 0.581200 0.212191 0.074346 0.058160
0 0.581200 0.171285 0.074346 0.058160
0 0.627853 0.145528 0.074346 0.058160
0 0.496013 0.137948 0.074346 0.058160
0 0.429080 0.165229 0.074346 0.058160
0 0.487907 0.186434 0.074346 0.058160
0 0.463560 0.230378 0.074346 0.058160
0 0.435160 0.272799 0.074346 0.058160
0 0.378373 0.250070 0.074346 0.058160
0 0.398653 0.213715 0.074346 0.058160
0 0.341867 0.281892 0.074346 0.058160
0 0.394600 0.316743 0.074346 0.058160
0 0.345920 0.357649 0.074346 0.058160
0 0.425027 0.363715 0.074346 0.058160
0 0.309413 0.039472 0.074346 0.058160
0 0.366200 0.037948 0.074346 0.058160
0 0.439227 0.034920 0.074346 0.058160
0 0.496013 0.036434 0.074346 0.058160
0 0.564973 0.034920 0.074346 0.058160
0 0.633933 0.036434 0.074346 0.058160
0 0.694787 0.044014 0.074346 0.058160
0 0.761720 0.042500 0.074346 0.058160
0 0.808373 0.077351 0.074346 0.058160
0 0.820533 0.125837 0.074346 0.058160
0 0.820533 0.168257 0.074346 0.058160
0 0.832707 0.240986 0.074346 0.058160
0 0.836760 0.310677 0.074346 0.058160
0 0.844880 0.356135 0.074346 0.058160
0 0.844880 0.401594 0.074346 0.058160
0 0.848933 0.460677 0.074346 0.058160
0 0.810400 0.483406 0.074346 0.058160
0 0.846907 0.512191 0.074346 0.058160
0 0.857053 0.560677 0.074346 0.058160
0 0.863133 0.615229 0.074346 0.058160
0 0.816480 0.634920 0.074346 0.058160
0 0.869213 0.668257 0.074346 0.058160
0 0.873280 0.728865 0.074346 0.058160
0 0.879360 0.790986 0.074346 0.058160
0 0.811613 0.837351 0.074346 0.058160
0 0.872467 0.861594 0.074346 0.058160
0 0.878547 0.916135 0.074346 0.058160
0 0.829867 0.958556 0.074346 0.058160
0 0.746707 0.970677 0.074346 0.058160
0 0.671667 0.970677 0.074346 0.058160
0 0.586480 0.970677 0.074346 0.058160
0 0.493173 0.967649 0.074346 0.058160
0 0.353227 0.967649 0.074346 0.058160
0 0.176760 0.949472 0.074346 0.058160
0 0.158507 0.890378 0.074346 0.058160