0 0.087073 0.187930 0.080089 0.156250
0 0.161753 0.135110 0.080089 0.156250
0 0.158267 0.298978 0.080089 0.156250
0 0.091960 0.370763 0.080089 0.156250
0 0.092660 0.525162 0.080089 0.156250
0 0.165940 0.452018 0.080089 0.156250
0 0.157567 0.614541 0.080089 0.156250
0 0.230847 0.546831 0.080089 0.156250
0 0.239227 0.391074 0.080089 0.156250
0 0.232247 0.186572 0.080089 0.156250
0 0.309020 0.133752 0.080089 0.156250
0 0.304827 0.294916 0.080089 0.156250
0 0.376720 0.217723 0.080089 0.156250
0 0.454187 0.156779 0.080089 0.156250
0 0.445813 0.309819 0.080089 0.156250
0 0.371833 0.377529 0.080089 0.156250
0 0.452093 0.470983 0.080089 0.156250
0 0.454187 0.622665 0.080089 0.156250
0 0.378113 0.544114 0.080089 0.156250
0 0.306227 0.464217 0.080089 0.156250
0 0.302040 0.624023 0.080089 0.156250
0 0.551200 0.311177 0.080089 0.156250
0 0.588193 0.167607 0.080089 0.156250
0 0.597267 0.443894 0.080089 0.156250
0 0.553993 0.594230 0.080089 0.156250
0 0.151287 0.770298 0.080089 0.156250
0 0.082887 0.848849 0.080089 0.156250
0 0.230153 0.695809 0.080089 0.156250
0 0.223173 0.854256 0.080089 0.156250
0 0.299947 0.771643 0.080089 0.156250
0 0.373227 0.851552 0.080089 0.156250
0 0.384393 0.697154 0.080089 0.156250
0 0.452093 0.789250 0.080089 0.156250
0 0.565160 0.870517 0.080089 0.156250
0 0.606340 0.722885 0.080089 0.156250
0 0.644027 0.575265 0.080089 0.156250
0 0.684507 0.443894 0.080089 0.156250
0 0.723593 0.571203 0.080089 0.156250
0 0.690087 0.725602 0.080089 0.156250
0 0.651007 0.869159 0.080089 0.156250
0 0.731967 0.871863 0.080089 0.156250
0 0.816413 0.871863 0.080089 0.156250
0 0.893187 0.863739 0.080089 0.156250
0 0.845033 0.728305 0.080089 0.156250
0 0.925293 0.706636 0.080089 0.156250
0 0.878533 0.576624 0.080089 0.156250
0 0.802460 0.569845 0.080089 0.156250
0 0.765467 0.702574 0.080089 0.156250
0 0.838747 0.441190 0.080089 0.156250
0 0.760580 0.438473 0.080089 0.156250
0 0.801060 0.294916 0.080089 0.156250
0 0.724287 0.296274 0.080089 0.156250
0 0.639140 0.286792 0.080089 0.156250
0 0.667060 0.143234 0.080089 0.156250
0 0.748713 0.145938 0.080089 0.156250
0 0.836653 0.170323 0.080089 0.156250
0 0.878533 0.297633 0.080089 0.156250
0 0.914127 0.433066 0.080089 0.156250
0 0.911333 0.151358 0.080089 0.156250