0 0.117312 0.992584 0.071078 0.025174
0 0.161145 0.937053 0.071078 0.025174
0 0.200108 0.887364 0.071078 0.025174
0 0.232255 0.849372 0.071078 0.025174
0 0.255632 0.815758 0.071078 0.025174
0 0.277062 0.787992 0.071078 0.025174
0 0.292648 0.767535 0.071078 0.025174
0 0.289727 0.991123 0.071078 0.025174
0 0.465068 0.993315 0.071078 0.025174
0 0.645279 0.992584 0.071078 0.025174
0 0.818667 0.988932 0.071078 0.025174
0 0.979396 0.990393 0.071078 0.025174
0 0.924846 0.930478 0.071078 0.025174
0 0.770940 0.930478 0.071078 0.025174
0 0.618975 0.933400 0.071078 0.025174
0 0.465068 0.933400 0.071078 0.025174
0 0.316031 0.933400 0.071078 0.025174
0 0.332585 0.884443 0.071078 0.025174
0 0.471885 0.882982 0.071078 0.025174
0 0.600467 0.882982 0.071078 0.025174
0 0.738793 0.881521 0.071078 0.025174
0 0.873218 0.880060 0.071078 0.025174
0 0.833280 0.843524 0.071078 0.025174
0 0.709567 0.842063 0.071078 0.025174
0 0.589755 0.844985 0.071078 0.025174
0 0.468964 0.846446 0.071078 0.025174
0 0.351093 0.845716 0.071078 0.025174
0 0.384214 0.649163 0.071078 0.025174
0 0.380319 0.655737 0.071078 0.025174
0 0.376424 0.663046 0.071078 0.025174
0 0.371555 0.669620 0.071078 0.025174
0 0.363759 0.677659 0.071078 0.025174
0 0.357916 0.685698 0.071078 0.025174
0 0.350120 0.694464 0.071078 0.025174
0 0.343303 0.706155 0.071078 0.025174
0 0.332585 0.718578 0.071078 0.025174
0 0.320900 0.732460 0.071078 0.025174
0 0.308235 0.747804 0.071078 0.025174
0 0.432921 0.649163 0.071078 0.025174
0 0.430974 0.655006 0.071078 0.025174
0 0.429026 0.660854 0.071078 0.025174
0 0.426105 0.669620 0.071078 0.025174
0 0.423178 0.676198 0.071078 0.025174
0 0.419282 0.685698 0.071078 0.025174
0 0.415387 0.694464 0.071078 0.025174
0 0.410518 0.705425 0.071078 0.025174
0 0.404670 0.717847 0.071078 0.025174
0 0.400774 0.731730 0.071078 0.025174
0 0.391036 0.748535 0.071078 0.025174
0 0.480655 0.647702 0.071078 0.025174
0 0.480655 0.655737 0.071078 0.025174
0 0.480655 0.660854 0.071078 0.025174
0 0.480655 0.668159 0.071078 0.025174
0 0.480655 0.675468 0.071078 0.025174
0 0.480655 0.685698 0.071078 0.025174
0 0.480655 0.694464 0.071078 0.025174
0 0.478707 0.703234 0.071078 0.025174
0 0.478707 0.715656 0.071078 0.025174
0 0.479681 0.731000 0.071078 0.025174
0 0.476754 0.746343 0.071078 0.025174
0 0.476754 0.765340 0.071078 0.025174
0 0.387136 0.766070 0.071078 0.025174
0 0.529356 0.648432 0.071078 0.025174
0 0.531304 0.654276 0.071078 0.025174
0 0.533257 0.660854 0.071078 0.025174
0 0.535205 0.668159 0.071078 0.025174
0 0.537153 0.675468 0.071078 0.025174
0 0.540074 0.684233 0.071078 0.025174
0 0.542995 0.693003 0.071078 0.025174
0 0.546891 0.704695 0.071078 0.025174
0 0.551765 0.715656 0.071078 0.025174
0 0.554687 0.729539 0.071078 0.025174
0 0.560530 0.746343 0.071078 0.025174
0 0.577090 0.647702 0.071078 0.025174
0 0.580011 0.654276 0.071078 0.025174
0 0.583907 0.659393 0.071078 0.025174
0 0.591703 0.667428 0.071078 0.025174
0 0.594624 0.675468 0.071078 0.025174
0 0.603388 0.683503 0.071078 0.025174
0 0.608263 0.693003 0.071078 0.025174
0 0.616054 0.703234 0.071078 0.025174
0 0.623850 0.715656 0.071078 0.025174
0 0.634562 0.729539 0.071078 0.025174
0 0.645279 0.744883 0.071078 0.025174
0 0.655991 0.763148 0.071078 0.025174
0 0.624823 0.647702 0.071078 0.025174
0 0.630666 0.653545 0.071078 0.025174
0 0.638457 0.660124 0.071078 0.025174
0 0.645279 0.667428 0.071078 0.025174
0 0.652096 0.674737 0.071078 0.025174
0 0.661839 0.683503 0.071078 0.025174
0 0.672551 0.693003 0.071078 0.025174
0 0.684243 0.703234 0.071078 0.025174
0 0.695928 0.715656 0.071078 0.025174
0 0.713462 0.729539 0.071078 0.025174
0 0.730023 0.745613 0.071078 0.025174
0 0.747557 0.763879 0.071078 0.025174
0 0.771913 0.785070 0.071078 0.025174
0 0.797238 0.810645 0.071078 0.025174
0 0.671577 0.785070 0.071078 0.025174
0 0.690085 0.812106 0.071078 0.025174
0 0.573195 0.785070 0.071078 0.025174
0 0.580011 0.812106 0.071078 0.025174
0 0.473833 0.786531 0.071078 0.025174
0 0.470911 0.812836 0.071078 0.025174
0 0.378371 0.788723 0.071078 0.025174
0 0.364732 0.813567 0.071078 0.025174