0 0.597923 0.662071 0.153894 0.209201
0 0.500026 0.563571 0.153894 0.209201
0 0.389051 0.474179 0.153894 0.209201
0 0.315077 0.404464 0.153894 0.209201
0 0.263974 0.324179 0.153894 0.209201
0 0.212846 0.249929 0.153894 0.209201
0 0.168231 0.202964 0.153894 0.209201
0 0.828538 0.602964 0.153894 0.209201
0 0.713231 0.537821 0.153894 0.209201
0 0.650128 0.472679 0.153894 0.209201
0 0.590308 0.406000 0.153894 0.209201
0 0.523949 0.328714 0.153894 0.209201
0 0.449974 0.272679 0.153894 0.209201
0 0.392333 0.215071 0.153894 0.209201
0 0.337923 0.175679 0.153894 0.209201