0 0.420033 0.256007 0.148333 0.161458
0 0.273100 0.259028 0.148333 0.161458
0 0.137833 0.252986 0.148333 0.161458
0 0.133467 0.095417 0.148333 0.161458
0 0.274567 0.104479 0.148333 0.161458
0 0.430200 0.093889 0.148333 0.161458
0 0.572767 0.101458 0.148333 0.161458
0 0.724033 0.106007 0.148333 0.161458
0 0.865100 0.096910 0.148333 0.161458
0 0.577100 0.249965 0.148333 0.161458
0 0.719667 0.249965 0.148333 0.161458
0 0.875300 0.252986 0.148333 0.161458
0 0.866567 0.413576 0.148333 0.161458
0 0.721100 0.410556 0.148333 0.161458
0 0.569833 0.406007 0.148333 0.161458
0 0.424400 0.410556 0.148333 0.161458
0 0.270200 0.410556 0.148333 0.161458
0 0.124767 0.416632 0.148333 0.161458
0 0.127667 0.571146 0.148333 0.161458
0 0.267300 0.565104 0.148333 0.161458
0 0.424400 0.574201 0.148333 0.161458
0 0.564033 0.562083 0.148333 0.161458
0 0.715300 0.563576 0.148333 0.161458
0 0.863667 0.568125 0.148333 0.161458
0 0.857833 0.727222 0.148333 0.161458
0 0.709467 0.716632 0.148333 0.161458
0 0.564033 0.713576 0.148333 0.161458
0 0.418567 0.710556 0.148333 0.161458
0 0.265833 0.713576 0.148333 0.161458
0 0.136400 0.713576 0.148333 0.161458
0 0.136533 0.872083 0.148333 0.161458
0 0.274700 0.870868 0.148333 0.161458
0 0.421467 0.864479 0.148333 0.161458
0 0.575367 0.870868 0.148333 0.161458
0 0.716033 0.873437 0.148333 0.161458
0 0.871067 0.881007 0.148333 0.161458