0 0.382139 0.407266 0.067810 0.041667
0 0.413713 0.449383 0.067810 0.041667
0 0.370412 0.486424 0.067810 0.041667
0 0.447088 0.488453 0.067810 0.041667
0 0.509333 0.481857 0.067810 0.041667
0 0.473250 0.456995 0.067810 0.041667
0 0.447991 0.422490 0.067810 0.041667
0 0.452500 0.383417 0.067810 0.041667
0 0.508431 0.402193 0.067810 0.041667
0 0.535495 0.441263 0.067810 0.041667
0 0.573380 0.469172 0.067810 0.041667
0 0.553537 0.507737 0.067810 0.041667
0 0.627505 0.489977 0.067810 0.041667
0 0.609463 0.436698 0.067810 0.041667
0 0.564361 0.394581 0.067810 0.041667
0 0.627505 0.381896 0.067810 0.041667
0 0.567968 0.358555 0.067810 0.041667
0 0.622093 0.334198 0.067810 0.041667
0 0.515648 0.370732 0.067810 0.041667