0 0.101012 0.316714 0.166378 0.204861
0 0.155506 0.137915 0.166378 0.204861
0 0.080847 0.534876 0.166378 0.204861
0 0.223106 0.543958 0.166378 0.204861
0 0.270518 0.345477 0.166378 0.204861
0 0.284635 0.134876 0.166378 0.204861
0 0.441012 0.127314 0.166378 0.204861
0 0.418824 0.301555 0.166378 0.204861
0 0.411765 0.500035 0.166378 0.204861
0 0.360306 0.713675 0.166378 0.204861
0 0.546965 0.515194 0.166378 0.204861
0 0.606471 0.319717 0.166378 0.204861
0 0.605482 0.128834 0.166378 0.204861
0 0.751765 0.119717 0.166378 0.204861
0 0.758824 0.289435 0.166378 0.204861
0 0.768918 0.472756 0.166378 0.204861
0 0.680141 0.709117 0.166378 0.204861
0 0.902094 0.675795 0.166378 0.204861