0 0.168250 0.119644 0.127971 0.200521
0 0.263933 0.068124 0.127971 0.200521
0 0.251183 0.240855 0.127971 0.200521
0 0.376633 0.116603 0.127971 0.200521
0 0.378750 0.277221 0.127971 0.200521
0 0.283067 0.434798 0.127971 0.200521
0 0.192717 0.436318 0.127971 0.200521
0 0.104467 0.301473 0.127971 0.200521
0 0.112967 0.175701 0.127971 0.200521
0 0.063000 0.465107 0.127971 0.200521
0 0.105533 0.569644 0.127971 0.200521
0 0.033233 0.662067 0.127971 0.200521
0 0.072567 0.768124 0.127971 0.200521
0 0.161883 0.839335 0.127971 0.200521
0 0.234167 0.657530 0.127971 0.200521
0 0.023667 0.898432 0.127971 0.200521
0 0.317100 0.818124 0.127971 0.200521
0 0.337300 0.652969 0.127971 0.200521
0 0.269250 0.551473 0.127971 0.200521
0 0.475500 0.793895 0.127971 0.200521
0 0.397900 0.745392 0.127971 0.200521
0 0.432983 0.628741 0.127971 0.200521
0 0.393633 0.465107 0.127971 0.200521
0 0.587133 0.572684 0.127971 0.200521
0 0.610517 0.789335 0.127971 0.200521
0 0.725333 0.804489 0.127971 0.200521
0 0.830583 0.671164 0.127971 0.200521
0 0.908200 0.807530 0.127971 0.200521
0 0.886933 0.607530 0.127971 0.200521
0 0.944350 0.495392 0.127971 0.200521
0 0.808267 0.465107 0.127971 0.200521
0 0.713650 0.459050 0.127971 0.200521
0 0.721083 0.596912 0.127971 0.200521
0 0.909267 0.392375 0.127971 0.200521
0 0.900750 0.271164 0.127971 0.200521
0 0.800817 0.348432 0.127971 0.200521
0 0.747667 0.239335 0.127971 0.200521
0 0.626467 0.160546 0.127971 0.200521
0 0.629650 0.319644 0.127971 0.200521
0 0.497833 0.168124 0.127971 0.200521
0 0.501017 0.339335 0.127971 0.200521
0 0.505267 0.495392 0.127971 0.200521
0 0.585000 0.428741 0.127971 0.200521
0 0.518033 0.663587 0.127971 0.200521