0 0.060730 0.057534 0.035817 0.036458
0 0.163500 0.083293 0.035817 0.036458
0 0.318670 0.089353 0.035817 0.036458
0 0.410350 0.115098 0.035817 0.036458
0 0.543350 0.151474 0.035817 0.036458
0 0.569550 0.184797 0.035817 0.036458
0 0.633030 0.199955 0.035817 0.036458
0 0.618920 0.224195 0.035817 0.036458
0 0.662250 0.242376 0.035817 0.036458
0 0.695500 0.265098 0.035817 0.036458
0 0.683410 0.319654 0.035817 0.036458
0 0.701540 0.343895 0.035817 0.036458
0 0.659230 0.366617 0.035817 0.036458
0 0.641090 0.378737 0.035817 0.036458
0 0.603810 0.372677 0.035817 0.036458
0 0.603810 0.437835 0.035817 0.036458
0 0.653180 0.452977 0.035817 0.036458
0 0.619930 0.483293 0.035817 0.036458
0 0.560480 0.489353 0.035817 0.036458
0 0.524210 0.531774 0.035817 0.036458
0 0.504060 0.501474 0.035817 0.036458
0 0.498010 0.556015 0.035817 0.036458
0 0.471820 0.545414 0.035817 0.036458
0 0.453680 0.574195 0.035817 0.036458
0 0.406320 0.562075 0.035817 0.036458
0 0.363000 0.571173 0.035817 0.036458
0 0.326730 0.519654 0.035817 0.036458
0 0.326730 0.454496 0.035817 0.036458
0 0.256200 0.459038 0.035817 0.036458
0 0.226980 0.477233 0.035817 0.036458
0 0.278360 0.522677 0.035817 0.036458
0 0.281380 0.583293 0.035817 0.036458
0 0.214880 0.572677 0.035817 0.036458
0 0.171560 0.556015 0.035817 0.036458
0 0.142340 0.552977 0.035817 0.036458
0 0.088940 0.525714 0.035817 0.036458
0 0.031510 0.533293 0.035817 0.036458