0 0.052583 0.606630 0.052221 0.040799
0 0.066250 0.617852 0.052221 0.040799
0 0.090437 0.608519 0.052221 0.040799
0 0.117792 0.610370 0.052221 0.040799
0 0.141979 0.599148 0.052221 0.040799
0 0.180875 0.558037 0.052221 0.040799
0 0.226083 0.531852 0.052221 0.040799
0 0.272354 0.515037 0.052221 0.040799
0 0.322833 0.507556 0.052221 0.040799
0 0.402750 0.479519 0.052221 0.040799
0 0.467938 0.473926 0.052221 0.040799
0 0.506854 0.500074 0.052221 0.040799
0 0.541542 0.498222 0.052221 0.040799
0 0.577292 0.487000 0.052221 0.040799
0 0.630938 0.571111 0.052221 0.040799
0 0.589917 0.621593 0.052221 0.040799
0 0.663521 0.604778 0.052221 0.040799
0 0.697167 0.616000 0.052221 0.040799