0 0.319231 0.838429 0.051866 0.042535
0 0.330262 0.800549 0.051866 0.042535
0 0.364462 0.767210 0.051866 0.042535
0 0.390937 0.726300 0.051866 0.042535
0 0.413000 0.683880 0.051866 0.042535
0 0.438375 0.647519 0.051866 0.042535
0 0.448306 0.583880 0.051866 0.042535
0 0.490225 0.562670 0.051866 0.042535
0 0.516706 0.517210 0.051866 0.042535
0 0.531044 0.450549 0.051866 0.042535
0 0.532150 0.338429 0.051866 0.042535
0 0.516706 0.208120 0.051866 0.042535
0 0.604962 0.271760 0.051866 0.042535
0 0.700944 0.349030 0.051866 0.042535
0 0.757206 0.379330 0.051866 0.042535
0 0.825606 0.400549 0.051866 0.042535