0 0.618242 0.097727 0.046296 0.073785
0 0.649788 0.206545 0.046296 0.073785
0 0.719197 0.287000 0.046296 0.073785
0 0.628758 0.345364 0.046296 0.073785
0 0.611939 0.339045 0.046296 0.073785
0 0.580394 0.427364 0.046296 0.073785
0 0.538333 0.517273 0.046296 0.073785
0 0.515197 0.518864 0.046296 0.073785
0 0.495227 0.477841 0.046296 0.073785
0 0.497318 0.572477 0.046296 0.073785
0 0.406894 0.522000 0.046296 0.073785
0 0.289121 0.477841 0.046296 0.073785
0 0.249167 0.509386 0.046296 0.073785
0 0.192379 0.484159 0.046296 0.073785
0 0.100894 0.585091 0.046296 0.073785
0 0.194485 0.662386 0.046296 0.073785
0 0.302788 0.608750 0.046296 0.073785
0 0.261788 0.701818 0.046296 0.073785
0 0.133500 0.716023 0.046296 0.073785
0 0.093545 0.766500 0.046296 0.073785
0 0.781242 0.749136 0.046296 0.073785
0 0.710788 0.686045 0.046296 0.073785
0 0.638227 0.656091 0.046296 0.073785
0 0.625606 0.667114 0.046296 0.073785
0 0.529924 0.651341 0.046296 0.073785
0 0.545697 0.723909 0.046296 0.073785
0 0.538333 0.805932 0.046296 0.073785
0 0.528864 0.843773 0.046296 0.073785
0 0.485758 0.774386 0.046296 0.073785
0 0.421606 0.801182 0.046296 0.073785
0 0.233394 0.941568 0.046296 0.073785
0 0.195530 0.930523 0.046296 0.073785
0 0.149273 0.883205 0.046296 0.073785
0 0.106152 0.914750 0.046296 0.073785
0 0.072500 0.905295 0.046296 0.073785