0 0.017310 0.188235 0.042460 0.064236
0 0.040221 0.191941 0.042460 0.064236
0 0.027718 0.116902 0.042460 0.064236
0 0.007409 0.128020 0.042460 0.064236
0 0.008975 0.363275 0.042460 0.064236
0 0.047508 0.396627 0.042460 0.064236
0 0.101676 0.377176 0.042460 0.064236
0 0.099592 0.220647 0.042460 0.064236
0 0.015226 0.549451 0.042460 0.064236
0 0.088137 0.590196 0.042460 0.064236
0 0.130320 0.508686 0.042460 0.064236
0 0.169901 0.169706 0.042460 0.064236
0 0.199063 0.102098 0.042460 0.064236
0 0.273010 0.209529 0.042460 0.064236
0 0.270926 0.131725 0.042460 0.064236
0 0.312073 0.032627 0.042460 0.064236
0 0.179791 0.327157 0.042460 0.064236
0 0.211036 0.352157 0.042460 0.064236
0 0.239680 0.506843 0.042460 0.064236
0 0.253219 0.448490 0.042460 0.064236
0 0.204267 0.606863 0.042460 0.064236
0 0.020430 0.676333 0.042460 0.064236
0 0.006373 0.735608 0.042460 0.064236
0 0.021466 0.854157 0.042460 0.064236
0 0.050110 0.853235 0.042460 0.064236
0 0.055843 0.878235 0.042460 0.064236
0 0.067817 0.839333 0.042460 0.064236
0 0.081885 0.724490 0.042460 0.064236
0 0.005325 0.621686 0.042460 0.064236
0 0.205832 0.835627 0.042460 0.064236
0 0.136042 0.644843 0.042460 0.064236
0 0.269890 0.717078 0.042460 0.064236
0 0.327178 0.714314 0.042460 0.064236
0 0.351136 0.792098 0.042460 0.064236
0 0.354774 0.876392 0.042460 0.064236
0 0.436020 0.570745 0.042460 0.064236
0 0.382900 0.534627 0.042460 0.064236
0 0.313638 0.486471 0.042460 0.064236
0 0.317806 0.419784 0.042460 0.064236
0 0.279779 0.572588 0.042460 0.064236
0 0.314157 0.622608 0.042460 0.064236
0 0.326130 0.579078 0.042460 0.064236
0 0.387067 0.659667 0.042460 0.064236
0 0.402690 0.718000 0.042460 0.064236
0 0.456858 0.716157 0.042460 0.064236
0 0.436538 0.792098 0.042460 0.064236
0 0.413109 0.834706 0.042460 0.064236
0 0.405292 0.858784 0.042460 0.064236
0 0.531323 0.851373 0.042460 0.064236
0 0.561014 0.875471 0.042460 0.064236
0 0.595380 0.831922 0.042460 0.064236
0 0.632359 0.846745 0.042460 0.064236
0 0.651632 0.781922 0.042460 0.064236
0 0.669857 0.859725 0.042460 0.064236
0 0.584443 0.778216 0.042460 0.064236
0 0.558931 0.730980 0.042460 0.064236
0 0.544862 0.687451 0.042460 0.064236
0 0.576637 0.678176 0.042460 0.064236
0 0.666207 0.718000 0.042460 0.064236
0 0.724542 0.737451 0.042460 0.064236
0 0.723495 0.833784 0.042460 0.064236
0 0.345402 0.293804 0.042460 0.064236
0 0.357905 0.313255 0.042460 0.064236
0 0.382900 0.366059 0.042460 0.064236
0 0.419879 0.436451 0.042460 0.064236
0 0.428732 0.468863 0.042460 0.064236
0 0.473517 0.451275 0.042460 0.064236
0 0.493308 0.387353 0.042460 0.064236
0 0.517266 0.318824 0.042460 0.064236
0 0.496957 0.266961 0.042460 0.064236
0 0.448523 0.234529 0.042460 0.064236
0 0.433936 0.181745 0.042460 0.064236
0 0.594344 0.238235 0.042460 0.064236
0 0.577674 0.300294 0.042460 0.064236
0 0.551114 0.288255 0.042460 0.064236
0 0.633396 0.307706 0.042460 0.064236
0 0.647982 0.319745 0.042460 0.064236
0 0.659438 0.294745 0.042460 0.064236
0 0.677663 0.241941 0.042460 0.064236
0 0.689129 0.291961 0.042460 0.064236
0 0.715689 0.289176 0.042460 0.064236
0 0.629239 0.459608 0.042460 0.064236
0 0.642249 0.501275 0.042460 0.064236
0 0.607365 0.542961 0.042460 0.064236
0 0.665689 0.529059 0.042460 0.064236
0 0.633925 0.517020 0.042460 0.064236
0 0.703705 0.573529 0.042460 0.064236
0 0.463098 0.059490 0.042460 0.064236
0 0.517266 0.059490 0.042460 0.064236
0 0.795369 0.099314 0.042460 0.064236
0 0.709956 0.031706 0.042460 0.064236
0 0.742249 0.079863 0.042460 0.064236
0 0.676626 0.078020 0.042460 0.064236
0 0.695380 0.130804 0.042460 0.064236
0 0.870882 0.099314 0.042460 0.064236
0 0.855259 0.198412 0.042460 0.064236
0 0.878170 0.288255 0.042460 0.064236
0 0.829735 0.309549 0.042460 0.064236
0 0.775579 0.327157 0.042460 0.064236
0 0.728181 0.371608 0.042460 0.064236
0 0.751621 0.428118 0.042460 0.064236
0 0.747453 0.500353 0.042460 0.064236
0 0.793286 0.435529 0.042460 0.064236
0 0.834421 0.423471 0.042460 0.064236
0 0.853693 0.371608 0.042460 0.064236
0 0.871400 0.398471 0.042460 0.064236
0 0.884421 0.417922 0.042460 0.064236
0 0.932337 0.459608 0.042460 0.064236
0 0.957332 0.199333 0.042460 0.064236
0 0.941709 0.117843 0.042460 0.064236
0 0.947442 0.011333 0.042460 0.064236
0 0.817762 0.854157 0.042460 0.064236
0 0.776097 0.792098 0.042460 0.064236
0 0.767762 0.684667 0.042460 0.064236
0 0.724013 0.620765 0.042460 0.064236
0 0.796406 0.665216 0.042460 0.064236
0 0.825050 0.642059 0.042460 0.064236
0 0.831301 0.676333 0.042460 0.064236
0 0.857343 0.752275 0.042460 0.064236
0 0.862547 0.691157 0.042460 0.064236
0 0.895877 0.670765 0.042460 0.064236
0 0.865149 0.615196 0.042460 0.064236
0 0.876615 0.575373 0.042460 0.064236
0 0.899526 0.545745 0.042460 0.064236
0 0.914112 0.880098 0.042460 0.064236
0 0.967751 0.876392 0.042460 0.064236
0 0.959416 0.827294 0.042460 0.064236
0 0.983892 0.825451 0.042460 0.064236
0 0.998997 0.745804 0.042460 0.064236
0 0.989625 0.617059 0.042460 0.064236
0 0.978688 0.507765 0.042460 0.064236
0 0.996913 0.523510 0.042460 0.064236
0 0.527685 0.596686 0.042460 0.064236
0 0.596946 0.636510 0.042460 0.064236