0 0.876792 0.704331 0.031046 0.040799
0 0.821454 0.699453 0.031046 0.040799
0 0.766108 0.698237 0.031046 0.040799
0 0.710769 0.678144 0.031046 0.040799
0 0.579908 0.634302 0.031046 0.040799
0 0.649569 0.653180 0.031046 0.040799
0 0.607900 0.716504 0.031046 0.040799
0 0.544746 0.721374 0.031046 0.040799
0 0.495269 0.717115 0.031046 0.040799
0 0.494615 0.644655 0.031046 0.040799
0 0.448392 0.634914 0.031046 0.040799
0 0.408677 0.607511 0.031046 0.040799
0 0.401515 0.617252 0.031046 0.040799
0 0.357892 0.602029 0.031046 0.040799
0 0.370915 0.563065 0.031046 0.040799
0 0.349431 0.553317 0.031046 0.040799
0 0.311669 0.542971 0.031046 0.040799
0 0.311015 0.499129 0.031046 0.040799
0 0.320785 0.479036 0.031046 0.040799
0 0.250469 0.456504 0.031046 0.040799
0 0.255031 0.484511 0.031046 0.040799
0 0.238754 0.490604 0.031046 0.040799
0 0.209454 0.430928 0.031046 0.040799
0 0.178200 0.386482 0.031046 0.040799
0 0.179508 0.337158 0.031046 0.040799
0 0.188623 0.296360 0.031046 0.040799
0 0.213362 0.268957 0.031046 0.040799
0 0.186669 0.246432 0.031046 0.040799
0 0.221823 0.206245 0.031046 0.040799
0 0.213362 0.195281 0.031046 0.040799
0 0.275862 0.163619 0.031046 0.040799
0 0.230938 0.149007 0.031046 0.040799