0 0.051517 0.533637 0.078125 0.155382
0 0.160608 0.373025 0.078125 0.155382
0 0.136367 0.221513 0.078125 0.155382
0 0.304042 0.348787 0.078125 0.155382
0 0.402017 0.310912 0.078125 0.155382
0 0.496967 0.491213 0.078125 0.155382
0 0.584850 0.356362 0.078125 0.155382
0 0.604042 0.539700 0.078125 0.155382
0 0.693942 0.633637 0.078125 0.155382
0 0.748483 0.554850 0.078125 0.155382
0 0.853533 0.566975 0.078125 0.155382
0 0.898992 0.594237 0.078125 0.155382
0 0.825250 0.332125 0.078125 0.155382
0 0.673733 0.198788 0.078125 0.155382