0 0.266267 0.689427 0.033101 0.065972
0 0.498450 0.589427 0.033101 0.065972
0 0.473100 0.668207 0.033101 0.065972
0 0.431533 0.721245 0.033101 0.065972
0 0.491350 0.681843 0.033101 0.065972
0 0.502500 0.133362 0.033101 0.065972
0 0.578542 0.169726 0.033101 0.065972
0 0.606933 0.334882 0.033101 0.065972
0 0.582600 0.531843 0.033101 0.065972
0 0.605917 0.474271 0.033101 0.065972
0 0.620117 0.478817 0.033101 0.065972
0 0.648500 0.472752 0.033101 0.065972
0 0.587667 0.687908 0.033101 0.065972
0 0.656617 0.706090 0.033101 0.065972
0 0.694125 0.730336 0.033101 0.065972
0 0.739750 0.586389 0.033101 0.065972
0 0.744825 0.378817 0.033101 0.065972
0 0.791458 0.331843 0.033101 0.065972
0 0.862433 0.136389 0.033101 0.065972
0 0.889808 0.101544 0.033101 0.065972
0 0.941517 0.392453 0.033101 0.065972
0 0.995250 0.590934 0.033101 0.065972
0 0.980042 0.612154 0.033101 0.065972
0 0.959767 0.639427 0.033101 0.065972
0 0.894875 0.639427 0.033101 0.065972
0 0.862433 0.669726 0.033101 0.065972
0 0.825933 0.672752 0.033101 0.065972
0 0.799575 0.709116 0.033101 0.065972
0 0.767125 0.693973 0.033101 0.065972
0 0.770167 0.633362 0.033101 0.065972