0 0.051037 0.371067 0.049855 0.072049
0 0.060862 0.337397 0.049855 0.072049
0 0.058063 0.300581 0.049855 0.072049
0 0.013113 0.339494 0.049855 0.072049
0 0.003975 0.382640 0.049855 0.072049
0 0.039800 0.350019 0.049855 0.072049
0 0.105813 0.286891 0.049855 0.072049
0 0.142338 0.295318 0.049855 0.072049
0 0.181663 0.300581 0.049855 0.072049
0 0.222400 0.259532 0.049855 0.072049
0 0.258925 0.250075 0.049855 0.072049
0 0.275075 0.240599 0.049855 0.072049
0 0.269462 0.288989 0.049855 0.072049
0 0.251200 0.320562 0.049855 0.072049
0 0.324237 0.279532 0.049855 0.072049
0 0.325650 0.320562 0.049855 0.072049
0 0.359363 0.343708 0.049855 0.072049
0 0.467525 0.352135 0.049855 0.072049
0 0.563037 0.338446 0.049855 0.072049
0 0.409925 0.313202 0.049855 0.072049
0 0.423275 0.286891 0.049855 0.072049
0 0.408525 0.252172 0.049855 0.072049
0 0.367088 0.229026 0.049855 0.072049
0 0.440825 0.190094 0.049855 0.072049
0 0.489988 0.223764 0.049855 0.072049
0 0.471737 0.282678 0.049855 0.072049
0 0.517388 0.298464 0.049855 0.072049
0 0.510363 0.279532 0.049855 0.072049
0 0.565850 0.225861 0.049855 0.072049
0 0.610800 0.246910 0.049855 0.072049
0 0.572163 0.256386 0.049855 0.072049
0 0.580600 0.304775 0.049855 0.072049
0 0.947913 0.345824 0.049855 0.072049
0 0.907887 0.347921 0.049855 0.072049
0 0.908587 0.313202 0.049855 0.072049
0 0.869250 0.335300 0.049855 0.072049
0 0.827812 0.316348 0.049855 0.072049
0 0.789188 0.328989 0.049855 0.072049
0 0.794813 0.371067 0.049855 0.072049
0 0.761100 0.370019 0.049855 0.072049
0 0.749150 0.339494 0.049855 0.072049
0 0.726675 0.356330 0.049855 0.072049
0 0.655750 0.315300 0.049855 0.072049
0 0.641700 0.272154 0.049855 0.072049
0 0.653637 0.245861 0.049855 0.072049
0 0.671900 0.282678 0.049855 0.072049
0 0.730900 0.290056 0.049855 0.072049
0 0.761100 0.267959 0.049855 0.072049