0 0.201941 0.454486 0.156863 0.112847
0 0.214062 0.365093 0.156863 0.112847
0 0.367599 0.398426 0.156863 0.112847
0 0.403963 0.316609 0.156863 0.112847
0 0.395880 0.239336 0.156863 0.112847
0 0.506991 0.274183 0.156863 0.112847
0 0.535275 0.210546 0.156863 0.112847
0 0.700932 0.210546 0.156863 0.112847
0 0.842346 0.207516 0.156863 0.112847
0 0.931235 0.242366 0.156863 0.112847
0 0.820123 0.275699 0.156863 0.112847
0 0.672648 0.281759 0.156863 0.112847
0 0.545377 0.346910 0.156863 0.112847
0 0.688812 0.393880 0.156863 0.112847
0 0.787799 0.354486 0.156863 0.112847
0 0.850426 0.469639 0.156863 0.112847
0 0.717093 0.518123 0.156863 0.112847
0 0.506991 0.502972 0.156863 0.112847
0 0.373657 0.566609 0.156863 0.112847
0 0.496892 0.692366 0.156863 0.112847
0 0.628204 0.599942 0.156863 0.112847
0 0.834265 0.586306 0.156863 0.112847
0 0.793861 0.675699 0.156863 0.112847
0 0.889617 0.794183 0.156863 0.112847
0 0.663355 0.779639 0.156863 0.112847