0 0.070447 0.465148 0.091435 0.141493
0 0.143224 0.546982 0.091435 0.141493
0 0.106842 0.701519 0.091435 0.141493
0 0.182645 0.737890 0.091435 0.141493
0 0.228132 0.610611 0.091435 0.141493
0 0.293829 0.715148 0.091435 0.141493
0 0.414079 0.895464 0.091435 0.141493
0 0.382776 0.683333 0.091435 0.141493
0 0.351447 0.562130 0.091435 0.141493
0 0.336289 0.422722 0.091435 0.141493
0 0.232171 0.471223 0.091435 0.141493
0 0.186684 0.378797 0.091435 0.141493
0 0.272605 0.343945 0.091435 0.141493
0 0.289789 0.204556 0.091435 0.141493
0 0.371658 0.245464 0.091435 0.141493
0 0.467684 0.207574 0.091435 0.141493
0 0.542474 0.131815 0.091435 0.141493
0 0.541474 0.303037 0.091435 0.141493
0 0.439382 0.368185 0.091435 0.141493
0 0.555658 0.445365 0.091435 0.141493
0 0.453526 0.539389 0.091435 0.141493
0 0.505132 0.692505 0.091435 0.141493
0 0.588947 0.602959 0.091435 0.141493
0 0.637500 0.739448 0.091435 0.141493
0 0.750697 0.610611 0.091435 0.141493
0 0.665789 0.483432 0.091435 0.141493
0 0.733513 0.381815 0.091435 0.141493
0 0.812355 0.478797 0.091435 0.141493
0 0.905342 0.392426 0.091435 0.141493
0 0.821447 0.289389 0.091435 0.141493
0 0.739579 0.239389 0.091435 0.141493
0 0.928592 0.222722 0.091435 0.141493
0 0.837618 0.171223 0.091435 0.141493
0 0.753724 0.125759 0.091435 0.141493
0 0.630421 0.131815 0.091435 0.141493
0 0.646592 0.287890 0.091435 0.141493