0 0.468488 0.136371 0.084803 0.089410
0 0.556331 0.165155 0.084803 0.089410
0 0.628069 0.154554 0.084803 0.089410
0 0.718838 0.177277 0.084803 0.089410
0 0.688094 0.251520 0.084803 0.089410
0 0.774469 0.237885 0.084803 0.089410
0 0.753975 0.295459 0.084803 0.089410
0 0.838888 0.316669 0.084803 0.089410
0 0.862313 0.404554 0.084803 0.089410
0 0.755438 0.425763 0.084803 0.089410
0 0.692481 0.342432 0.084803 0.089410
0 0.609038 0.296973 0.084803 0.089410
0 0.603181 0.224250 0.084803 0.089410
0 0.519731 0.221216 0.084803 0.089410
0 0.458244 0.221216 0.084803 0.089410
0 0.513875 0.290912 0.084803 0.089410
0 0.379188 0.227277 0.084803 0.089410
0 0.398219 0.280310 0.084803 0.089410
0 0.392363 0.156067 0.084803 0.089410
0 0.308913 0.213642 0.084803 0.089410
0 0.222538 0.243946 0.084803 0.089410
0 0.329406 0.300006 0.084803 0.089410
0 0.390900 0.342432 0.084803 0.089410
0 0.401144 0.398493 0.084803 0.089410
0 0.477275 0.365155 0.084803 0.089410
0 0.500700 0.442432 0.084803 0.089410
0 0.595856 0.365155 0.084803 0.089410
0 0.677844 0.421216 0.084803 0.089410
0 0.538763 0.369702 0.084803 0.089410
0 0.715906 0.493946 0.084803 0.089410
0 0.666131 0.486371 0.084803 0.089410
0 0.595856 0.448493 0.084803 0.089410
0 0.626606 0.527277 0.084803 0.089410
0 0.575363 0.543946 0.084803 0.089410
0 0.502163 0.516669 0.084803 0.089410
0 0.433356 0.490912 0.084803 0.089410
0 0.376256 0.454554 0.084803 0.089410
0 0.326481 0.392432 0.084803 0.089410
0 0.259138 0.342432 0.084803 0.089410
0 0.180081 0.296973 0.084803 0.089410
0 0.156656 0.334851 0.084803 0.089410
0 0.206431 0.416669 0.084803 0.089410
0 0.131769 0.413642 0.084803 0.089410
0 0.181544 0.478790 0.084803 0.089410
0 0.276706 0.466669 0.084803 0.089410
0 0.344050 0.487885 0.084803 0.089410
0 0.370400 0.543946 0.084803 0.089410
0 0.256206 0.527277 0.084803 0.089410
0 0.282563 0.565155 0.084803 0.089410
0 0.305981 0.634851 0.084803 0.089410
0 0.229856 0.656067 0.084803 0.089410
0 0.185938 0.584851 0.084803 0.089410
0 0.096631 0.531824 0.084803 0.089410
0 0.155194 0.637885 0.084803 0.089410
0 0.185938 0.737885 0.084803 0.089410
0 0.292806 0.736371 0.084803 0.089410
0 0.355763 0.698493 0.084803 0.089410
0 0.424569 0.683338 0.084803 0.089410
0 0.500700 0.637885 0.084803 0.089410
0 0.407000 0.583338 0.084803 0.089410
0 0.522656 0.580310 0.084803 0.089410
0 0.581219 0.624250 0.084803 0.089410
0 0.635387 0.598493 0.084803 0.089410
0 0.721762 0.566669 0.084803 0.089410
0 0.771544 0.554554 0.084803 0.089410
0 0.887200 0.495459 0.084803 0.089410
0 0.882806 0.586371 0.084803 0.089410
0 0.767150 0.627277 0.084803 0.089410
0 0.825713 0.680310 0.084803 0.089410
0 0.794963 0.778790 0.084803 0.089410
0 0.727619 0.728790 0.084803 0.089410
0 0.682237 0.642432 0.084803 0.089410
0 0.611963 0.689398 0.084803 0.089410
0 0.666131 0.769702 0.084803 0.089410
0 0.734944 0.813642 0.084803 0.089410
0 0.691019 0.854554 0.084803 0.089410
0 0.629531 0.889398 0.084803 0.089410
0 0.572438 0.850006 0.084803 0.089410
0 0.559256 0.774250 0.084803 0.089410
0 0.549013 0.724250 0.084803 0.089410
0 0.508019 0.719702 0.084803 0.089410
0 0.506556 0.801520 0.084803 0.089410
0 0.529981 0.903034 0.084803 0.089410
0 0.452388 0.903034 0.084803 0.089410
0 0.427500 0.809094 0.084803 0.089410
0 0.348444 0.809094 0.084803 0.089410
0 0.254744 0.795459 0.084803 0.089410
0 0.307450 0.857581 0.084803 0.089410
0 0.351369 0.745459 0.084803 0.089410