0 0.756416 0.759516 0.049479 0.069444
0 0.806512 0.767495 0.049479 0.069444
0 0.023684 0.047438 0.049479 0.069444
0 0.019059 0.090895 0.049479 0.069444
0 0.049672 0.104403 0.049479 0.069444
0 0.051655 0.052135 0.049479 0.069444
0 0.087334 0.075041 0.049479 0.069444
0 0.096802 0.032752 0.049479 0.069444
0 0.137326 0.043323 0.049479 0.069444
0 0.138426 0.093246 0.049479 0.069444
0 0.100988 0.122608 0.049479 0.069444
0 0.070814 0.129655 0.049479 0.069444
0 0.180490 0.035983 0.049479 0.069444
0 0.180490 0.080031 0.049479 0.069444
0 0.194807 0.119969 0.049479 0.069444
0 0.158029 0.129362 0.049479 0.069444
0 0.173225 0.161960 0.049479 0.069444
0 0.129838 0.150802 0.049479 0.069444
0 0.037778 0.152562 0.049479 0.069444
0 0.068171 0.183395 0.049479 0.069444
0 0.024124 0.188678 0.049479 0.069444
0 0.094599 0.159609 0.049479 0.069444
0 0.140189 0.188092 0.049479 0.069444
0 0.113981 0.207767 0.049479 0.069444
0 0.093719 0.246821 0.049479 0.069444
0 0.049012 0.239774 0.049479 0.069444
0 0.022805 0.223920 0.049479 0.069444
0 0.021262 0.281471 0.049479 0.069444
0 0.054738 0.286173 0.049479 0.069444
0 0.132041 0.247706 0.049479 0.069444
0 0.177847 0.256512 0.049479 0.069444
0 0.140629 0.296744 0.049479 0.069444
0 0.028750 0.354887 0.049479 0.069444
0 0.026327 0.324053 0.049479 0.069444
0 0.060683 0.341379 0.049479 0.069444
0 0.101647 0.319645 0.049479 0.069444
0 0.033816 0.412438 0.049479 0.069444
0 0.064209 0.377202 0.049479 0.069444
0 0.082269 0.396286 0.049479 0.069444
0 0.082708 0.443565 0.049479 0.069444
0 0.042843 0.466764 0.049479 0.069444
0 0.022365 0.467351 0.049479 0.069444
0 0.032492 0.517860 0.049479 0.069444
0 0.078962 0.506991 0.049479 0.069444
0 0.050995 0.494660 0.049479 0.069444
0 0.119707 0.394234 0.049479 0.069444
0 0.134904 0.425067 0.049479 0.069444
0 0.121250 0.479979 0.049479 0.069444
0 0.163094 0.448560 0.049479 0.069444
0 0.198773 0.436811 0.049479 0.069444
0 0.161111 0.505231 0.049479 0.069444
0 0.117724 0.544285 0.049479 0.069444
0 0.053418 0.581872 0.049479 0.069444
0 0.090856 0.569542 0.049479 0.069444
0 0.075220 0.615057 0.049479 0.069444
0 0.036019 0.651466 0.049479 0.069444
0 0.024564 0.605072 0.049479 0.069444
0 0.106713 0.627094 0.049479 0.069444
0 0.132261 0.601548 0.049479 0.069444
0 0.074340 0.674079 0.049479 0.069444
0 0.096582 0.699331 0.049479 0.069444
0 0.035579 0.716363 0.049479 0.069444
0 0.139309 0.677016 0.049479 0.069444
0 0.174765 0.630031 0.049479 0.069444
0 0.162874 0.566605 0.049479 0.069444
0 0.195907 0.492310 0.049479 0.069444
0 0.233569 0.513745 0.049479 0.069444
0 0.265062 0.455015 0.049479 0.069444
0 0.279159 0.540468 0.049479 0.069444
0 0.311532 0.489666 0.049479 0.069444
0 0.247442 0.597145 0.049479 0.069444
0 0.278275 0.650586 0.049479 0.069444
0 0.309988 0.584223 0.049479 0.069444
0 0.224537 0.662330 0.049479 0.069444
0 0.214630 0.618287 0.049479 0.069444
0 0.240617 0.556620 0.049479 0.069444
0 0.235552 0.470874 0.049479 0.069444
0 0.263299 0.506111 0.049479 0.069444
0 0.126975 0.354588 0.049479 0.069444
0 0.158908 0.364573 0.049479 0.069444
0 0.192604 0.308194 0.049479 0.069444
0 0.215729 0.350185 0.049479 0.069444
0 0.191725 0.393061 0.049479 0.069444
0 0.225421 0.385129 0.049479 0.069444
0 0.272550 0.340201 0.049479 0.069444
0 0.272330 0.402160 0.049479 0.069444
0 0.244799 0.301440 0.049479 0.069444
0 0.301400 0.293807 0.049479 0.069444
0 0.323202 0.340201 0.049479 0.069444
0 0.320340 0.383956 0.049479 0.069444
0 0.324086 0.442685 0.049479 0.069444
0 0.165517 0.214815 0.049479 0.069444
0 0.201416 0.180165 0.049479 0.069444
0 0.222998 0.045381 0.049479 0.069444
0 0.224537 0.108513 0.049479 0.069444
0 0.222998 0.145221 0.049479 0.069444
0 0.250748 0.138467 0.049479 0.069444
0 0.268364 0.101759 0.049479 0.069444
0 0.243040 0.076507 0.049479 0.069444
0 0.275413 0.038333 0.049479 0.069444
0 0.240617 0.026590 0.049479 0.069444
0 0.315937 0.053601 0.049479 0.069444
0 0.344788 0.054192 0.049479 0.069444
0 0.342805 0.026883 0.049479 0.069444
0 0.307789 0.025998 0.049479 0.069444
0 0.297878 0.096770 0.049479 0.069444
0 0.298758 0.133179 0.049479 0.069444
0 0.329811 0.101173 0.049479 0.069444
0 0.328711 0.143457 0.049479 0.069444
0 0.370775 0.156672 0.049479 0.069444
0 0.368133 0.108220 0.049479 0.069444
0 0.348970 0.134650 0.049479 0.069444
0 0.377600 0.062413 0.049479 0.069444
0 0.414383 0.032166 0.049479 0.069444
0 0.419448 0.081204 0.049479 0.069444
0 0.375181 0.025998 0.049479 0.069444
0 0.443013 0.055952 0.049479 0.069444
0 0.459529 0.038920 0.049479 0.069444
0 0.467458 0.085319 0.049479 0.069444
0 0.493445 0.073863 0.049479 0.069444
0 0.492346 0.036867 0.049479 0.069444
0 0.513488 0.051255 0.049479 0.069444
0 0.542118 0.080031 0.049479 0.069444
0 0.511285 0.102937 0.049479 0.069444
0 0.495428 0.121142 0.049479 0.069444
0 0.481331 0.153735 0.049479 0.069444
0 0.448519 0.137294 0.049479 0.069444
0 0.411520 0.131127 0.049479 0.069444
0 0.509082 0.024532 0.049479 0.069444
0 0.537272 0.034223 0.049479 0.069444
0 0.506659 0.081497 0.049479 0.069444
0 0.526481 0.126132 0.049479 0.069444
0 0.523179 0.146394 0.049479 0.069444
0 0.509961 0.169300 0.049479 0.069444
0 0.555332 0.166656 0.049479 0.069444
0 0.574051 0.125545 0.049479 0.069444
0 0.550486 0.121142 0.049479 0.069444
0 0.572731 0.083848 0.049479 0.069444
0 0.590127 0.038627 0.049479 0.069444
0 0.563920 0.033930 0.049479 0.069444
0 0.227404 0.199254 0.049479 0.069444
0 0.220575 0.265031 0.049479 0.069444
0 0.265502 0.231553 0.049479 0.069444
0 0.279599 0.261209 0.049479 0.069444
0 0.324086 0.240360 0.049479 0.069444
0 0.309109 0.210705 0.049479 0.069444
0 0.335756 0.300561 0.049479 0.069444
0 0.368133 0.271487 0.049479 0.069444
0 0.401609 0.300561 0.049479 0.069444
0 0.358002 0.351950 0.049479 0.069444
0 0.393017 0.368390 0.049479 0.069444
0 0.330471 0.183395 0.049479 0.069444
0 0.286424 0.175761 0.049479 0.069444
0 0.378924 0.204537 0.049479 0.069444
0 0.408877 0.182515 0.049479 0.069444
0 0.432662 0.163133 0.049479 0.069444
0 0.456887 0.186919 0.049479 0.069444
0 0.438827 0.245355 0.049479 0.069444
0 0.406454 0.241831 0.049479 0.069444
0 0.454244 0.302320 0.049479 0.069444
0 0.481555 0.255633 0.049479 0.069444
0 0.499610 0.291749 0.049479 0.069444
0 0.530887 0.279712 0.049479 0.069444
0 0.510185 0.215108 0.049479 0.069444
0 0.440150 0.352829 0.049479 0.069444
0 0.418125 0.436811 0.049479 0.069444
0 0.360644 0.429470 0.049479 0.069444
0 0.436844 0.402160 0.049479 0.069444
0 0.475166 0.402747 0.049479 0.069444
0 0.484857 0.345489 0.049479 0.069444
0 0.511725 0.399516 0.049479 0.069444
0 0.480671 0.464707 0.049479 0.069444
0 0.416362 0.500828 0.049479 0.069444
0 0.367913 0.489666 0.049479 0.069444
0 0.335976 0.546636 0.049479 0.069444
0 0.371655 0.532541 0.049479 0.069444
0 0.376281 0.570129 0.049479 0.069444
0 0.433322 0.568951 0.049479 0.069444
0 0.341262 0.638544 0.049479 0.069444
0 0.399186 0.641188 0.049479 0.069444
0 0.458870 0.652346 0.049479 0.069444
0 0.495868 0.595381 0.049479 0.069444
0 0.445436 0.613585 0.049479 0.069444
0 0.466798 0.523436 0.049479 0.069444
0 0.512828 0.520206 0.049479 0.069444
0 0.069495 0.758354 0.049479 0.069444
0 0.038221 0.788014 0.049479 0.069444
0 0.021481 0.857022 0.049479 0.069444
0 0.048129 0.854964 0.049479 0.069444
0 0.075220 0.835288 0.049479 0.069444
0 0.107153 0.792711 0.049479 0.069444
0 0.128738 0.755123 0.049479 0.069444
0 0.171022 0.714012 0.049479 0.069444
0 0.229163 0.732222 0.049479 0.069444
0 0.177407 0.783020 0.049479 0.069444
0 0.215069 0.802695 0.049479 0.069444
0 0.154726 0.823544 0.049479 0.069444
0 0.132261 0.865242 0.049479 0.069444
0 0.195027 0.869059 0.049479 0.069444
0 0.245239 0.836173 0.049479 0.069444
0 0.284444 0.839403 0.049479 0.069444
0 0.250968 0.788894 0.049479 0.069444
0 0.279379 0.762757 0.049479 0.069444
0 0.046590 0.915159 0.049479 0.069444
0 0.077203 0.958328 0.049479 0.069444
0 0.098345 0.899892 0.049479 0.069444
0 0.139749 0.948637 0.049479 0.069444
0 0.169259 0.909290 0.049479 0.069444
0 0.201636 0.949810 0.049479 0.069444
0 0.250305 0.908410 0.049479 0.069444
0 0.302944 0.921327 0.049479 0.069444
0 0.276292 0.968020 0.049479 0.069444
0 0.322323 0.790360 0.049479 0.069444
0 0.346547 0.851147 0.049479 0.069444
0 0.302724 0.872876 0.049479 0.069444
0 0.352276 0.819727 0.049479 0.069444
0 0.366150 0.796821 0.049479 0.069444
0 0.399406 0.791245 0.049479 0.069444
0 0.346547 0.747490 0.049479 0.069444
0 0.449838 0.780967 0.049479 0.069444
0 0.426933 0.842042 0.049479 0.069444
0 0.388835 0.840283 0.049479 0.069444
0 0.406454 0.890787 0.049479 0.069444
0 0.361084 0.896662 0.049479 0.069444
0 0.461952 0.901656 0.049479 0.069444
0 0.468781 0.837346 0.049479 0.069444
0 0.502697 0.856728 0.049479 0.069444
0 0.492346 0.785957 0.049479 0.069444
0 0.530224 0.792711 0.049479 0.069444
0 0.369012 0.937479 0.049479 0.069444
0 0.336196 0.973009 0.049479 0.069444
0 0.390594 0.973596 0.049479 0.069444
0 0.449838 0.971836 0.049479 0.069444
0 0.413279 0.943061 0.049479 0.069444
0 0.440370 0.942469 0.049479 0.069444
0 0.502477 0.945993 0.049479 0.069444
0 0.555772 0.932783 0.049479 0.069444
0 0.541238 0.859074 0.049479 0.069444
0 0.593434 0.879043 0.049479 0.069444
0 0.584622 0.821780 0.049479 0.069444
0 0.323866 0.681713 0.049479 0.069444
0 0.370995 0.688760 0.049479 0.069444
0 0.298758 0.718714 0.049479 0.069444
0 0.414163 0.702562 0.049479 0.069444
0 0.416362 0.751307 0.049479 0.069444
0 0.471863 0.723117 0.049479 0.069444
0 0.500714 0.673493 0.049479 0.069444
0 0.527361 0.727521 0.049479 0.069444
0 0.260436 0.689053 0.049479 0.069444
0 0.654437 0.941003 0.049479 0.069444
0 0.612593 0.973009 0.049479 0.069444
0 0.614576 0.927202 0.049479 0.069444
0 0.648931 0.864949 0.049479 0.069444
0 0.705532 0.915159 0.049479 0.069444
0 0.701786 0.973009 0.049479 0.069444
0 0.707735 0.842042 0.049479 0.069444
0 0.757288 0.955098 0.049479 0.069444
0 0.745833 0.884033 0.049479 0.069444
0 0.724471 0.954218 0.049479 0.069444
0 0.792967 0.904295 0.049479 0.069444
0 0.819614 0.965669 0.049479 0.069444
0 0.842519 0.901358 0.049479 0.069444
0 0.828862 0.829712 0.049479 0.069444
0 0.770502 0.827361 0.049479 0.069444
0 0.615895 0.770103 0.049479 0.069444
0 0.577797 0.742202 0.049479 0.069444
0 0.625586 0.817083 0.049479 0.069444
0 0.657963 0.793297 0.049479 0.069444
0 0.707515 0.746317 0.049479 0.069444
0 0.643206 0.721944 0.049479 0.069444
0 0.735042 0.798292 0.049479 0.069444
0 0.676682 0.839105 0.049479 0.069444
0 0.555112 0.593621 0.049479 0.069444
0 0.536613 0.652644 0.049479 0.069444
0 0.575814 0.685530 0.049479 0.069444
0 0.585062 0.622690 0.049479 0.069444
0 0.619201 0.632382 0.049479 0.069444
0 0.622724 0.686409 0.049479 0.069444
0 0.662145 0.627680 0.049479 0.069444
0 0.683507 0.669671 0.049479 0.069444
0 0.566782 0.508169 0.049479 0.069444
0 0.558414 0.458539 0.049479 0.069444
0 0.525822 0.453843 0.049479 0.069444
0 0.590791 0.426826 0.049479 0.069444
0 0.622284 0.475571 0.049479 0.069444
0 0.649811 0.509048 0.049479 0.069444
0 0.616998 0.557793 0.049479 0.069444
0 0.652014 0.581286 0.049479 0.069444
0 0.581319 0.540468 0.049479 0.069444
0 0.547404 0.544578 0.049479 0.069444
0 0.724471 0.546049 0.049479 0.069444
0 0.715000 0.607716 0.049479 0.069444
0 0.678002 0.541939 0.049479 0.069444
0 0.674259 0.596553 0.049479 0.069444
0 0.695401 0.577469 0.049479 0.069444
0 0.751782 0.598318 0.049479 0.069444
0 0.742091 0.679655 0.049479 0.069444
0 0.779529 0.622984 0.049479 0.069444
0 0.787901 0.695808 0.049479 0.069444
0 0.839657 0.661157 0.049479 0.069444
0 0.841636 0.590684 0.049479 0.069444
0 0.789660 0.561903 0.049479 0.069444
0 0.860135 0.732222 0.049479 0.069444
0 0.902203 0.710195 0.049479 0.069444
0 0.918939 0.790952 0.049479 0.069444
0 0.868287 0.802695 0.049479 0.069444
0 0.874012 0.862011 0.049479 0.069444
0 0.916956 0.890201 0.049479 0.069444
0 0.936998 0.842927 0.049479 0.069444
0 0.974437 0.891080 0.049479 0.069444
0 0.971794 0.790360 0.049479 0.069444
0 0.958800 0.696101 0.049479 0.069444
0 0.948893 0.926029 0.049479 0.069444
0 0.958800 0.968313 0.049479 0.069444
0 0.887666 0.945113 0.049479 0.069444
0 0.927087 0.947171 0.049479 0.069444
0 0.979946 0.949810 0.049479 0.069444
0 0.858376 0.974480 0.049479 0.069444
0 0.910351 0.593030 0.049479 0.069444
0 0.914533 0.641188 0.049479 0.069444
0 0.965849 0.630324 0.049479 0.069444
0 0.872469 0.656461 0.049479 0.069444
0 0.874232 0.592150 0.049479 0.069444
0 0.903083 0.532248 0.049479 0.069444
0 0.946250 0.550453 0.049479 0.069444
0 0.822037 0.528138 0.049479 0.069444
0 0.787458 0.487613 0.049479 0.069444
0 0.762793 0.535185 0.049479 0.069444
0 0.749140 0.480859 0.049479 0.069444
0 0.713681 0.481152 0.049479 0.069444
0 0.672276 0.466471 0.049479 0.069444
0 0.962326 0.493781 0.049479 0.069444
0 0.938322 0.443272 0.049479 0.069444
0 0.914977 0.474398 0.049479 0.069444
0 0.884144 0.492016 0.049479 0.069444
0 0.855733 0.526080 0.049479 0.069444
0 0.859695 0.458539 0.049479 0.069444
0 0.830185 0.430057 0.049479 0.069444
0 0.828642 0.478508 0.049479 0.069444
0 0.902203 0.388652 0.049479 0.069444
0 0.887666 0.426240 0.049479 0.069444
0 0.937438 0.382191 0.049479 0.069444
0 0.971134 0.428884 0.049479 0.069444
0 0.969595 0.342551 0.049479 0.069444
0 0.968052 0.392469 0.049479 0.069444
0 0.918059 0.303205 0.049479 0.069444
0 0.888765 0.354295 0.049479 0.069444
0 0.821817 0.348719 0.049479 0.069444
0 0.850887 0.343724 0.049479 0.069444
0 0.643206 0.410087 0.049479 0.069444
0 0.652234 0.335211 0.049479 0.069444
0 0.675139 0.378374 0.049479 0.069444
0 0.710378 0.349892 0.049479 0.069444
0 0.744954 0.367803 0.049479 0.069444
0 0.740992 0.420664 0.049479 0.069444
0 0.778430 0.434758 0.049479 0.069444
0 0.714340 0.406564 0.049479 0.069444
0 0.710378 0.437397 0.049479 0.069444
0 0.682407 0.424187 0.049479 0.069444
0 0.696281 0.391883 0.049479 0.069444
0 0.565463 0.354887 0.049479 0.069444
0 0.590127 0.300561 0.049479 0.069444
0 0.529344 0.325520 0.049479 0.069444
0 0.534850 0.376029 0.049479 0.069444
0 0.602681 0.372505 0.049479 0.069444
0 0.619861 0.326986 0.049479 0.069444
0 0.622064 0.269141 0.049479 0.069444
0 0.584842 0.233606 0.049479 0.069444
0 0.554452 0.265617 0.049479 0.069444
0 0.557315 0.303498 0.049479 0.069444
0 0.604664 0.165190 0.049479 0.069444
0 0.638360 0.214522 0.049479 0.069444
0 0.588148 0.196317 0.049479 0.069444
0 0.638360 0.145808 0.049479 0.069444
0 0.674259 0.179285 0.049479 0.069444
0 0.700247 0.156672 0.049479 0.069444
0 0.702230 0.122901 0.049479 0.069444
0 0.672936 0.105576 0.049479 0.069444
0 0.670957 0.139053 0.049479 0.069444
0 0.643866 0.105576 0.049479 0.069444
0 0.609950 0.098236 0.049479 0.069444
0 0.608850 0.130833 0.049479 0.069444
0 0.622504 0.026296 0.049479 0.069444
0 0.624927 0.060062 0.049479 0.069444
0 0.642323 0.041271 0.049479 0.069444
0 0.664348 0.030113 0.049479 0.069444
0 0.679545 0.060947 0.049479 0.069444
0 0.709715 0.055072 0.049479 0.069444
0 0.711258 0.028056 0.049479 0.069444
0 0.737025 0.060062 0.049479 0.069444
0 0.714340 0.094419 0.049479 0.069444
0 0.758167 0.114095 0.049479 0.069444
0 0.745833 0.149918 0.049479 0.069444
0 0.729097 0.182222 0.049479 0.069444
0 0.758827 0.220103 0.049479 0.069444
0 0.697824 0.237428 0.049479 0.069444
0 0.779973 0.153148 0.049479 0.069444
0 0.801775 0.140525 0.049479 0.069444
0 0.783715 0.096476 0.049479 0.069444
0 0.661485 0.270900 0.049479 0.069444
0 0.705532 0.287932 0.049479 0.069444
0 0.735262 0.299383 0.049479 0.069444
0 0.679545 0.310545 0.049479 0.069444
0 0.768519 0.343138 0.049479 0.069444
0 0.767419 0.282356 0.049479 0.069444
0 0.729977 0.246528 0.049479 0.069444
0 0.868947 0.288519 0.049479 0.069444
0 0.830185 0.283822 0.049479 0.069444
0 0.808823 0.251523 0.049479 0.069444
0 0.800231 0.297330 0.049479 0.069444
0 0.848025 0.251523 0.049479 0.069444
0 0.787458 0.317299 0.049479 0.069444
0 0.907269 0.255340 0.049479 0.069444
0 0.857052 0.208354 0.049479 0.069444
0 0.806181 0.188678 0.049479 0.069444
0 0.837454 0.156965 0.049479 0.069444
0 0.879958 0.151682 0.049479 0.069444
0 0.870266 0.187798 0.049479 0.069444
0 0.903302 0.181044 0.049479 0.069444
0 0.900000 0.223328 0.049479 0.069444
0 0.944707 0.214522 0.049479 0.069444
0 0.935679 0.180165 0.049479 0.069444
0 0.933036 0.144342 0.049479 0.069444
0 0.899117 0.109398 0.049479 0.069444
0 0.862778 0.118205 0.049479 0.069444
0 0.819394 0.104990 0.049479 0.069444
0 0.766755 0.048611 0.049479 0.069444
0 0.749579 0.027762 0.049479 0.069444
0 0.810583 0.062119 0.049479 0.069444
0 0.790544 0.036867 0.049479 0.069444
0 0.836130 0.035396 0.049479 0.069444
0 0.858376 0.051255 0.049479 0.069444
0 0.846701 0.090602 0.049479 0.069444
0 0.875552 0.078565 0.049479 0.069444
0 0.880397 0.032459 0.049479 0.069444
0 0.908148 0.030993 0.049479 0.069444
0 0.900000 0.064172 0.049479 0.069444
0 0.961667 0.028349 0.049479 0.069444
0 0.943387 0.062413 0.049479 0.069444
0 0.980826 0.058596 0.049479 0.069444
0 0.968052 0.095298 0.049479 0.069444
0 0.932373 0.104990 0.049479 0.069444
0 0.961667 0.117325 0.049479 0.069444
0 0.965409 0.145808 0.049479 0.069444
0 0.980826 0.125838 0.049479 0.069444
0 0.978623 0.175761 0.049479 0.069444
0 0.976200 0.228616 0.049479 0.069444
0 0.974880 0.271780 0.049479 0.069444
0 0.942944 0.267083 0.049479 0.069444
0 0.955278 0.299383 0.049479 0.069444