0 0.102520 0.424570 0.048828 0.062500
0 0.105928 0.521549 0.048828 0.062500
0 0.080928 0.583659 0.048828 0.062500
0 0.105928 0.645781 0.048828 0.062500
0 0.085479 0.707904 0.048828 0.062500
0 0.128662 0.583659 0.048828 0.062500
0 0.155928 0.518516 0.048828 0.062500
0 0.137744 0.465482 0.048828 0.062500
0 0.150244 0.386693 0.048828 0.062500
0 0.179795 0.429115 0.048828 0.062500
0 0.197979 0.485182 0.048828 0.062500
0 0.193428 0.536693 0.048828 0.062500
0 0.175244 0.594271 0.048828 0.062500
0 0.153662 0.638216 0.048828 0.062500
0 0.135479 0.689727 0.048828 0.062500
0 0.135479 0.747305 0.048828 0.062500
0 0.160479 0.800326 0.048828 0.062500
0 0.170703 0.856393 0.048828 0.062500
0 0.169570 0.303359 0.048828 0.062500
0 0.191162 0.362448 0.048828 0.062500
0 0.224111 0.397305 0.048828 0.062500
0 0.272979 0.413971 0.048828 0.062500
0 0.241162 0.459427 0.048828 0.062500
0 0.230928 0.512448 0.048828 0.062500
0 0.227520 0.574570 0.048828 0.062500
0 0.197979 0.636693 0.048828 0.062500
0 0.177520 0.682148 0.048828 0.062500
0 0.186611 0.732148 0.048828 0.062500
0 0.203662 0.788216 0.048828 0.062500
0 0.216162 0.859427 0.048828 0.062500
0 0.269570 0.860938 0.048828 0.062500
0 0.250244 0.815482 0.048828 0.062500
0 0.243428 0.760937 0.048828 0.062500
0 0.225244 0.707904 0.048828 0.062500
0 0.301387 0.909427 0.048828 0.062500
0 0.351387 0.930638 0.048828 0.062500
0 0.359336 0.873060 0.048828 0.062500
0 0.318428 0.854883 0.048828 0.062500
0 0.292295 0.807904 0.048828 0.062500
0 0.216162 0.259427 0.048828 0.062500
0 0.249111 0.206393 0.048828 0.062500
0 0.221836 0.312448 0.048828 0.062500
0 0.259336 0.271549 0.048828 0.062500
0 0.279795 0.327604 0.048828 0.062500
0 0.287744 0.230638 0.048828 0.062500
0 0.284336 0.173060 0.048828 0.062500
0 0.311611 0.266992 0.048828 0.062500
0 0.332070 0.198815 0.048828 0.062500
0 0.354795 0.141237 0.048828 0.062500
0 0.378662 0.188216 0.048828 0.062500
0 0.354795 0.244271 0.048828 0.062500
0 0.369570 0.348815 0.048828 0.062500
0 0.321836 0.388216 0.048828 0.062500
0 0.332070 0.450326 0.048828 0.062500
0 0.271836 0.507904 0.048828 0.062500
0 0.271836 0.577604 0.048828 0.062500
0 0.251387 0.642760 0.048828 0.062500
0 0.269570 0.704883 0.048828 0.062500
0 0.292295 0.750326 0.048828 0.062500
0 0.327520 0.771549 0.048828 0.062500
0 0.337744 0.721549 0.048828 0.062500
0 0.303662 0.670026 0.048828 0.062500
0 0.312744 0.616992 0.048828 0.062500
0 0.354795 0.580638 0.048828 0.062500
0 0.318428 0.542760 0.048828 0.062500
0 0.375244 0.754883 0.048828 0.062500
0 0.374111 0.815482 0.048828 0.062500
0 0.415020 0.845781 0.048828 0.062500
0 0.413887 0.088216 0.048828 0.062500
0 0.393428 0.142760 0.048828 0.062500
0 0.419570 0.173060 0.048828 0.062500
0 0.442295 0.235182 0.048828 0.062500
0 0.400244 0.254883 0.048828 0.062500
0 0.412744 0.313971 0.048828 0.062500
0 0.409336 0.368516 0.048828 0.062500
0 0.440020 0.418516 0.048828 0.062500
0 0.390020 0.448815 0.048828 0.062500
0 0.374111 0.494271 0.048828 0.062500
0 0.394570 0.550326 0.048828 0.062500
0 0.412744 0.598815 0.048828 0.062500
0 0.387744 0.671549 0.048828 0.062500
0 0.422979 0.724570 0.048828 0.062500
0 0.441162 0.785182 0.048828 0.062500
0 0.502520 0.877604 0.048828 0.062500
0 0.468428 0.842760 0.048828 0.062500
0 0.553662 0.915482 0.048828 0.062500
0 0.551387 0.851849 0.048828 0.062500
0 0.526387 0.809427 0.048828 0.062500
0 0.487744 0.786693 0.048828 0.062500
0 0.605928 0.898815 0.048828 0.062500
0 0.596836 0.845781 0.048828 0.062500
0 0.574111 0.804883 0.048828 0.062500
0 0.593428 0.741237 0.048828 0.062500
0 0.555928 0.697305 0.048828 0.062500
0 0.530928 0.751849 0.048828 0.062500
0 0.505928 0.682148 0.048828 0.062500
0 0.508203 0.630638 0.048828 0.062500
0 0.463887 0.607904 0.048828 0.062500
0 0.450244 0.671549 0.048828 0.062500
0 0.440020 0.562448 0.048828 0.062500
0 0.433203 0.503359 0.048828 0.062500
0 0.476387 0.536693 0.048828 0.062500
0 0.475244 0.463971 0.048828 0.062500
0 0.480928 0.391237 0.048828 0.062500
0 0.469570 0.335182 0.048828 0.062500
0 0.476387 0.262448 0.048828 0.062500
0 0.461611 0.185182 0.048828 0.062500
0 0.447979 0.127604 0.048828 0.062500
0 0.495703 0.109427 0.048828 0.062500
0 0.543428 0.104883 0.048828 0.062500
0 0.516162 0.159427 0.048828 0.062500
0 0.646836 0.851849 0.048828 0.062500
0 0.624111 0.797305 0.048828 0.062500
0 0.642295 0.744271 0.048828 0.062500
0 0.625244 0.691237 0.048828 0.062500
0 0.591162 0.657904 0.048828 0.062500
0 0.550244 0.633659 0.048828 0.062500
0 0.524111 0.562448 0.048828 0.062500
0 0.519570 0.506393 0.048828 0.062500
0 0.566162 0.518516 0.048828 0.062500
0 0.612744 0.524570 0.048828 0.062500
0 0.620703 0.598815 0.048828 0.062500
0 0.571836 0.591237 0.048828 0.062500
0 0.665020 0.800326 0.048828 0.062500
0 0.694570 0.821549 0.048828 0.062500
0 0.688887 0.754883 0.048828 0.062500
0 0.674111 0.694271 0.048828 0.062500
0 0.646836 0.645781 0.048828 0.062500
0 0.710479 0.632148 0.048828 0.062500
0 0.715020 0.709427 0.048828 0.062500
0 0.747979 0.676094 0.048828 0.062500
0 0.765020 0.723060 0.048828 0.062500
0 0.737744 0.780638 0.048828 0.062500
0 0.760479 0.626094 0.048828 0.062500
0 0.736611 0.579115 0.048828 0.062500
0 0.688887 0.586693 0.048828 0.062500
0 0.688887 0.526094 0.048828 0.062500
0 0.679795 0.477604 0.048828 0.062500
0 0.649111 0.432148 0.048828 0.062500
0 0.590020 0.466992 0.048828 0.062500
0 0.542295 0.448815 0.048828 0.062500
0 0.511611 0.316992 0.048828 0.062500
0 0.546836 0.366992 0.048828 0.062500
0 0.780928 0.539727 0.048828 0.062500
0 0.778662 0.471549 0.048828 0.062500
0 0.760479 0.415482 0.048828 0.062500
0 0.741162 0.316992 0.048828 0.062500
0 0.705928 0.277604 0.048828 0.062500
0 0.699111 0.218516 0.048828 0.062500
0 0.649111 0.162448 0.048828 0.062500
0 0.571836 0.154883 0.048828 0.062500
0 0.608203 0.166992 0.048828 0.062500
0 0.542295 0.203359 0.048828 0.062500
0 0.497979 0.224570 0.048828 0.062500
0 0.555928 0.254883 0.048828 0.062500
0 0.600244 0.230638 0.048828 0.062500
0 0.562744 0.306393 0.048828 0.062500
0 0.592295 0.359427 0.048828 0.062500
0 0.580928 0.404883 0.048828 0.062500
0 0.628662 0.324570 0.048828 0.062500
0 0.654795 0.373060 0.048828 0.062500
0 0.659336 0.277604 0.048828 0.062500
0 0.646836 0.221549 0.048828 0.062500
0 0.693428 0.333659 0.048828 0.062500
0 0.720703 0.380638 0.048828 0.062500
0 0.726387 0.468516 0.048828 0.062500
0 0.737744 0.516992 0.048828 0.062500