0 0.091339 0.565257 0.036655 0.043403
0 0.139252 0.703333 0.036655 0.043403
0 0.196536 0.727009 0.036655 0.043403
0 0.326213 0.809853 0.036655 0.043403
0 0.372044 0.759356 0.036655 0.043403
0 0.398607 0.710440 0.036655 0.043403
0 0.464223 0.643366 0.036655 0.043403
0 0.561614 0.540799 0.036655 0.043403
0 0.600151 0.488720 0.036655 0.043403
0 0.620984 0.442168 0.036655 0.043403
0 0.617859 0.393244 0.036655 0.043403
0 0.587133 0.356952 0.036655 0.043403
0 0.536095 0.334857 0.036655 0.043403
0 0.469435 0.314344 0.036655 0.043403
0 0.433497 0.281198 0.036655 0.043403
0 0.401210 0.244116 0.036655 0.043403
0 0.933459 0.424018 0.036655 0.043403
0 0.187687 0.157319 0.036655 0.043403
0 0.229349 0.180204 0.036655 0.043403
0 0.279344 0.203089 0.036655 0.043403
0 0.344443 0.223602 0.036655 0.043403
0 0.199145 0.278835 0.036655 0.043403
0 0.237682 0.305664 0.036655 0.043403
0 0.286633 0.338011 0.036655 0.043403
0 0.351732 0.358525 0.036655 0.043403
0 0.407977 0.386936 0.036655 0.043403
0 0.439225 0.412184 0.036655 0.043403
0 0.475164 0.445322 0.036655 0.043403
0 0.538698 0.463472 0.036655 0.043403
0 0.590780 0.485558 0.036655 0.043403
0 0.620463 0.511597 0.036655 0.043403
0 0.621506 0.554205 0.036655 0.043403
0 0.601194 0.603920 0.036655 0.043403
0 0.564217 0.652046 0.036655 0.043403
0 0.500161 0.708068 0.036655 0.043403
0 0.466310 0.756202 0.036655 0.043403
0 0.375691 0.861141 0.036655 0.043403
0 0.402770 0.811434 0.036655 0.043403
0 0.335067 0.912429 0.036655 0.043403
0 0.207994 0.844572 0.036655 0.043403
0 0.103835 0.693081 0.036655 0.043403
0 0.152792 0.816170 0.036655 0.043403