0 0.171800 0.871267 0.064787 0.053819
0 0.226211 0.789435 0.064787 0.053819
0 0.271122 0.671267 0.064787 0.053819
0 0.302211 0.521267 0.064787 0.053819
0 0.341078 0.407622 0.064787 0.053819
0 0.387711 0.295497 0.064787 0.053819
0 0.430033 0.166706 0.064787 0.053819
0 0.513800 0.316706 0.064787 0.053819
0 0.593256 0.390955 0.064787 0.053819
0 0.650256 0.465205 0.064787 0.053819
0 0.722800 0.613684 0.064787 0.053819
0 0.779800 0.690955 0.064787 0.053819
0 0.839400 0.725809 0.064787 0.053819
0 0.883444 0.778830 0.064787 0.053819
0 0.928344 0.816706 0.064787 0.053819