0 0.284012 0.616973 0.048527 0.065104
0 0.141838 0.518338 0.048527 0.065104
0 0.213814 0.584540 0.048527 0.065104
0 0.222826 0.477804 0.048527 0.065104
0 0.302925 0.444006 0.048527 0.065104
0 0.367708 0.412938 0.048527 0.065104
0 0.433399 0.379169 0.048527 0.065104
0 0.508992 0.323769 0.048527 0.065104
0 0.579190 0.294036 0.048527 0.065104
0 0.646680 0.271068 0.048527 0.065104
0 0.849170 0.133234 0.048527 0.065104
0 0.352411 0.634540 0.048527 0.065104
0 0.427115 0.700742 0.048527 0.065104
0 0.496403 0.721009 0.048527 0.065104
0 0.563893 0.781810 0.048527 0.065104
0 0.636798 0.833175 0.048527 0.065104
0 0.716877 0.881810 0.048527 0.065104
0 0.803281 0.912878 0.048527 0.065104