0 0.168053 0.383363 0.060698 0.069444
0 0.289434 0.326117 0.060698 0.069444
0 0.413303 0.285169 0.060698 0.069444
0 0.252395 0.476366 0.060698 0.069444
0 0.345592 0.536953 0.060698 0.069444
0 0.438355 0.607540 0.060698 0.069444
0 0.531118 0.272754 0.060698 0.069444
0 0.644079 0.245508 0.060698 0.069444
0 0.739118 0.242370 0.060698 0.069444
0 0.921618 0.220316 0.060698 0.069444
0 0.824855 0.228104 0.060698 0.069444
0 0.519671 0.716659 0.060698 0.069444
0 0.570000 0.735914 0.060698 0.069444
0 0.641921 0.766862 0.060698 0.069444
0 0.731237 0.805395 0.060698 0.069444
0 0.803908 0.855598 0.060698 0.069444
0 0.872921 0.898036 0.060698 0.069444
0 0.956605 0.927856 0.060698 0.069444