0 0.074413 0.370000 0.054493 0.057292
0 0.154270 0.392720 0.054493 0.057292
0 0.148221 0.618480 0.054493 0.057292
0 0.212918 0.638187 0.054493 0.057292
0 0.276601 0.598800 0.054493 0.057292
0 0.326157 0.566960 0.054493 0.057292
0 0.396922 0.562427 0.054493 0.057292
0 0.393879 0.474533 0.054493 0.057292
0 0.274591 0.438187 0.054493 0.057292
0 0.458594 0.497280 0.054493 0.057292
0 0.488915 0.554853 0.054493 0.057292
0 0.576868 0.512427 0.054493 0.057292
0 0.601139 0.544240 0.054493 0.057292
0 0.698203 0.515467 0.054493 0.057292
0 0.777046 0.559387 0.054493 0.057292
0 0.963078 0.545760 0.054493 0.057292