0 0.010700 0.113696 0.066220 0.081597
0 0.084667 0.083385 0.066220 0.081597
0 0.172933 0.166732 0.066220 0.081597
0 0.267700 0.177315 0.066220 0.081597
0 0.355933 0.198521 0.066220 0.081597
0 0.431233 0.183385 0.066220 0.081597
0 0.514300 0.213696 0.066220 0.081597
0 0.598667 0.216732 0.066220 0.081597
0 0.671367 0.278833 0.066220 0.081597
0 0.750533 0.289455 0.066220 0.081597
0 0.864767 0.312179 0.066220 0.081597
0 0.829700 0.404591 0.066220 0.081597
0 0.816733 0.471245 0.066220 0.081597
0 0.798567 0.531868 0.066220 0.081597
0 0.777800 0.603074 0.066220 0.081597
0 0.753133 0.640973 0.066220 0.081597
0 0.738867 0.686420 0.066220 0.081597
0 0.709000 0.703074 0.066220 0.081597
0 0.707700 0.750039 0.066220 0.081597
0 0.702500 0.781868 0.066220 0.081597
0 0.670067 0.809144 0.066220 0.081597
0 0.671367 0.848521 0.066220 0.081597
0 0.649300 0.875798 0.066220 0.081597