0 0.141880 0.533320 0.050781 0.084201
0 0.223960 0.471360 0.050781 0.084201
0 0.213060 0.598640 0.050781 0.084201
0 0.301840 0.424440 0.050781 0.084201
0 0.283420 0.648920 0.050781 0.084201
0 0.352100 0.704200 0.050781 0.084201
0 0.366340 0.379240 0.050781 0.084201
0 0.434180 0.332320 0.050781 0.084201
0 0.506200 0.278720 0.050781 0.084201
0 0.579900 0.245240 0.050781 0.084201
0 0.648580 0.193280 0.050781 0.084201
0 0.424960 0.759480 0.050781 0.084201
0 0.496140 0.816400 0.050781 0.084201
0 0.566500 0.890120 0.050781 0.084201
0 0.637680 0.962160 0.050781 0.084201
0 0.724800 0.993960 0.050781 0.084201
0 0.849580 0.037520 0.050781 0.084201