0 0.243450 0.862042 0.077831 0.129340
0 0.339919 0.828706 0.077831 0.129340
0 0.269675 0.672649 0.077831 0.129340
0 0.217231 0.730222 0.077831 0.129340
0 0.143244 0.793852 0.077831 0.129340
0 0.123575 0.715066 0.077831 0.129340
0 0.114206 0.869616 0.077831 0.129340
0 0.190069 0.889312 0.077831 0.129340
0 0.201306 0.805976 0.077831 0.129340
0 0.190069 0.651436 0.077831 0.129340
0 0.174150 0.543852 0.077831 0.129340
0 0.118894 0.590829 0.077831 0.129340
0 0.126381 0.496886 0.077831 0.129340
0 0.153544 0.451436 0.077831 0.129340
0 0.185387 0.363549 0.077831 0.129340
0 0.123575 0.287796 0.077831 0.129340
0 0.261250 0.269616 0.077831 0.129340
0 0.260313 0.427189 0.077831 0.129340
0 0.322125 0.377189 0.077831 0.129340
0 0.396112 0.318099 0.077831 0.129340
0 0.423269 0.448402 0.077831 0.129340
0 0.359588 0.471132 0.077831 0.129340
0 0.293088 0.527189 0.077831 0.129340
0 0.228469 0.489312 0.077831 0.129340
0 0.242519 0.581739 0.077831 0.129340
0 0.139494 0.646886 0.077831 0.129340
0 0.318375 0.727189 0.077831 0.129340
0 0.353031 0.622649 0.077831 0.129340
0 0.421400 0.577189 0.077831 0.129340
0 0.426081 0.686279 0.077831 0.129340
0 0.412031 0.842346 0.077831 0.129340
0 0.513181 0.848402 0.077831 0.129340
0 0.492575 0.701436 0.077831 0.129340
0 0.482275 0.548402 0.077831 0.129340
0 0.531913 0.593852 0.077831 0.129340
0 0.559069 0.681739 0.077831 0.129340
0 0.556262 0.775672 0.077831 0.129340
0 0.467288 0.787796 0.077831 0.129340
0 0.456987 0.890829 0.077831 0.129340
0 0.558137 0.895369 0.077831 0.129340
0 0.627437 0.898402 0.077831 0.129340
0 0.624631 0.813549 0.077831 0.129340
0 0.638675 0.689312 0.077831 0.129340
0 0.695806 0.593852 0.077831 0.129340
0 0.703300 0.724156 0.077831 0.129340
0 0.677075 0.789312 0.077831 0.129340
0 0.700487 0.849919 0.077831 0.129340
0 0.741700 0.893852 0.077831 0.129340
0 0.762300 0.742346 0.077831 0.129340
0 0.761369 0.827189 0.077831 0.129340
0 0.755750 0.613549 0.077831 0.129340
0 0.740762 0.515066 0.077831 0.129340
0 0.640550 0.496886 0.077831 0.129340
0 0.610581 0.568099 0.077831 0.129340
0 0.574056 0.618099 0.077831 0.129340
0 0.556262 0.528706 0.077831 0.129340
0 0.179769 0.216582 0.077831 0.129340
0 0.134812 0.143852 0.077831 0.129340
0 0.210675 0.075672 0.077831 0.129340
0 0.155419 0.083246 0.077831 0.129340
0 0.243450 0.152952 0.077831 0.129340
0 0.237831 0.202952 0.077831 0.129340
0 0.291219 0.104459 0.077831 0.129340
0 0.323062 0.222649 0.077831 0.129340
0 0.383937 0.212042 0.077831 0.129340
0 0.386744 0.116582 0.077831 0.129340
0 0.332425 0.137796 0.077831 0.129340
0 0.238769 0.359009 0.077831 0.129340
0 0.349281 0.310526 0.077831 0.129340
0 0.129194 0.372649 0.077831 0.129340
0 0.463569 0.164944 0.077831 0.129340
0 0.423244 0.147058 0.077831 0.129340
0 0.440156 0.219656 0.077831 0.129340
0 0.437556 0.366967 0.077831 0.129340
0 0.503894 0.299626 0.077831 0.129340
0 0.492188 0.379585 0.077831 0.129340
0 0.449913 0.303832 0.077831 0.129340
0 0.526006 0.441668 0.077831 0.129340
0 0.482431 0.471132 0.077831 0.129340
0 0.588444 0.402740 0.077831 0.129340
0 0.567631 0.341709 0.077831 0.129340
0 0.585187 0.221759 0.077831 0.129340
0 0.604050 0.128119 0.077831 0.129340
0 0.674294 0.097604 0.077831 0.129340
0 0.640475 0.207027 0.077831 0.129340
0 0.689900 0.258584 0.077831 0.129340
0 0.705512 0.147058 0.077831 0.129340
0 0.720469 0.196512 0.077831 0.129340
0 0.629419 0.328028 0.077831 0.129340
0 0.692506 0.419575 0.077831 0.129340
0 0.728275 0.338554 0.077831 0.129340
0 0.767950 0.248069 0.077831 0.129340
0 0.749088 0.430091 0.077831 0.129340
0 0.777444 0.159262 0.077831 0.129340
0 0.804762 0.096127 0.077831 0.129340
0 0.854712 0.174408 0.077831 0.129340
0 0.815687 0.256481 0.077831 0.129340
0 0.860175 0.323397 0.077831 0.129340
0 0.842225 0.349919 0.077831 0.129340
0 0.792275 0.358756 0.077831 0.129340
0 0.814906 0.471132 0.077831 0.129340
0 0.876562 0.419363 0.077831 0.129340
0 0.957731 0.416835 0.077831 0.129340
0 0.992069 0.283003 0.077831 0.129340
0 0.980362 0.180728 0.077831 0.129340
0 0.917144 0.169363 0.077831 0.129340
0 0.963194 0.122649 0.077831 0.129340
0 0.913244 0.241335 0.077831 0.129340
0 0.932756 0.306987 0.077831 0.129340
0 0.996756 0.392851 0.077831 0.129340
0 0.998313 0.482497 0.077831 0.129340
0 0.942900 0.564560 0.077831 0.129340
0 0.863294 0.544358 0.077831 0.129340
0 0.838319 0.610020 0.077831 0.129340
0 0.878906 0.681992 0.077831 0.129340
0 0.945244 0.721132 0.077831 0.129340
0 0.993631 0.689565 0.077831 0.129340
0 0.917144 0.637796 0.077831 0.129340
0 0.988169 0.580981 0.077831 0.129340
0 0.972556 0.664307 0.077831 0.129340
0 0.996756 0.770374 0.077831 0.129340
0 0.940562 0.777947 0.077831 0.129340
0 0.908563 0.814560 0.077831 0.129340
0 0.811781 0.894105 0.077831 0.129340
0 0.807881 0.722396 0.077831 0.129340
0 0.764956 0.673145 0.077831 0.129340
0 0.824269 0.756481 0.077831 0.129340
0 0.891394 0.756481 0.077831 0.129340
0 0.803981 0.830981 0.077831 0.129340
0 0.685350 0.491335 0.077831 0.129340
0 0.591694 0.479970 0.077831 0.129340
0 0.381081 0.726107 0.077831 0.129340
0 0.365363 0.731375 0.077831 0.129340