0 0.011611 0.806067 0.115162 0.207465
0 0.192422 0.798483 0.115162 0.207465
0 0.057067 0.975750 0.115162 0.207465
0 0.280300 0.987883 0.115162 0.207465
0 0.453033 0.978783 0.115162 0.207465
0 0.594444 0.980300 0.115162 0.207465
0 0.774244 0.916667 0.115162 0.207465
0 0.867167 0.960600 0.115162 0.207465
0 0.944944 0.946967 0.115162 0.207465
0 0.367167 0.850000 0.115162 0.207465
0 0.506567 0.836367 0.115162 0.207465
0 0.418689 0.593933 0.115162 0.207465
0 0.259089 0.571217 0.115162 0.207465
0 0.044944 0.553033 0.115162 0.207465
0 0.148989 0.293933 0.115162 0.207465
0 0.005556 0.256067 0.115162 0.207465
0 0.065156 0.069700 0.115162 0.207465
0 0.207578 0.089400 0.115162 0.207465
0 0.351011 0.027267 0.115162 0.207465
0 0.409600 0.160600 0.115162 0.207465
0 0.334844 0.324250 0.115162 0.207465
0 0.506567 0.421217 0.115162 0.207465
0 0.582322 0.657583 0.115162 0.207465
0 0.665156 0.884850 0.115162 0.207465
0 0.723733 0.698483 0.115162 0.207465
0 0.815656 0.774250 0.115162 0.207465
0 0.893433 0.792417 0.115162 0.207465
0 0.959089 0.801517 0.115162 0.207465
0 0.505556 0.083333 0.115162 0.207465
0 0.568178 0.021217 0.115162 0.207465
0 0.662122 0.034850 0.115162 0.207465
0 0.753033 0.057583 0.115162 0.207465
0 0.795456 0.021217 0.115162 0.207465
0 0.856056 0.053033 0.115162 0.207465
0 0.889389 0.019700 0.115162 0.207465
0 0.943944 0.036367 0.115162 0.207465
0 0.986367 0.103033 0.115162 0.207465
0 0.924744 0.127267 0.115162 0.207465
0 0.842933 0.143933 0.115162 0.207465
0 0.617678 0.142417 0.115162 0.207465
0 0.712622 0.189400 0.115162 0.207465
0 0.600500 0.274250 0.115162 0.207465
0 0.644944 0.504550 0.115162 0.207465
0 0.696467 0.342417 0.115162 0.207465
0 0.764144 0.533333 0.115162 0.207465
0 0.835856 0.625750 0.115162 0.207465
0 0.917678 0.650000 0.115162 0.207465
0 0.983333 0.656067 0.115162 0.207465
0 0.979289 0.524250 0.115162 0.207465
0 0.923733 0.501517 0.115162 0.207465
0 0.852022 0.478783 0.115162 0.207465
0 0.776267 0.398483 0.115162 0.207465
0 0.788389 0.263633 0.115162 0.207465
0 0.873233 0.331817 0.115162 0.207465
0 0.947978 0.383333 0.115162 0.207465
0 0.995456 0.421217 0.115162 0.207465
0 0.992422 0.312117 0.115162 0.207465
0 0.958078 0.283333 0.115162 0.207465
0 0.900500 0.233333 0.115162 0.207465
0 0.975256 0.198483 0.115162 0.207465
0 0.993733 0.757733 0.115162 0.207465
0 0.991822 0.928633 0.115162 0.207465