0 0.338562 0.908124 0.102431 0.147569
0 0.204600 0.851576 0.102431 0.147569
0 0.074825 0.722758 0.102431 0.147569
0 0.173200 0.553096 0.102431 0.147569
0 0.166925 0.436848 0.102431 0.147569
0 0.062262 0.465122 0.102431 0.147569
0 0.254837 0.634784 0.102431 0.147569
0 0.355312 0.719606 0.102431 0.147569
0 0.516487 0.804447 0.102431 0.147569
0 0.692325 0.857861 0.102431 0.147569
0 0.893275 0.945816 0.102431 0.147569
0 0.830475 0.722758 0.102431 0.147569
0 0.880713 0.593940 0.102431 0.147569
0 0.675575 0.647355 0.102431 0.147569
0 0.485100 0.622214 0.102431 0.147569
0 0.384625 0.543677 0.102431 0.147569
0 0.298800 0.496548 0.102431 0.147569
0 0.269487 0.352026 0.102431 0.147569
0 0.219250 0.304897 0.102431 0.147569
0 0.307175 0.216923 0.102431 0.147569
0 0.317638 0.282908 0.102431 0.147569
0 0.363687 0.336304 0.102431 0.147569
0 0.372062 0.411707 0.102431 0.147569
0 0.451600 0.468274 0.102431 0.147569
0 0.573013 0.527955 0.102431 0.147569
0 0.591850 0.417992 0.102431 0.147569
0 0.566725 0.345741 0.102431 0.147569
0 0.485100 0.383433 0.102431 0.147569
0 0.428575 0.289193 0.102431 0.147569
0 0.562550 0.235779 0.102431 0.147569
0 0.652550 0.267186 0.102431 0.147569
0 0.656737 0.339456 0.102431 0.147569
0 0.698600 0.424278 0.102431 0.147569
0 0.730000 0.524822 0.102431 0.147569
0 0.809550 0.477692 0.102431 0.147569
0 0.794887 0.339456 0.102431 0.147569
0 0.757212 0.289193 0.102431 0.147569
0 0.897463 0.342589 0.102431 0.147569
0 0.993750 0.330038 0.102431 0.147569
0 0.995013 0.443771 0.102431 0.147569