0 0.069857 0.146981 0.083912 0.159722
0 0.168914 0.125760 0.083912 0.159722
0 0.283143 0.145460 0.083912 0.159722
0 0.406457 0.143940 0.083912 0.159722
0 0.532814 0.140921 0.083912 0.159722
0 0.663200 0.113640 0.083912 0.159722
0 0.818971 0.116681 0.083912 0.159722
0 0.953314 0.130300 0.083912 0.159722
0 0.919957 0.348501 0.083912 0.159722
0 0.809871 0.362120 0.083912 0.159722
0 0.690500 0.369700 0.083912 0.159722
0 0.576271 0.386381 0.083912 0.159722
0 0.465086 0.356060 0.083912 0.159722
0 0.367029 0.365161 0.083912 0.159722
0 0.236643 0.389400 0.083912 0.159722
0 0.066814 0.392441 0.083912 0.159722
0 0.050643 0.634861 0.083912 0.159722
0 0.178014 0.609101 0.083912 0.159722
0 0.287186 0.575760 0.083912 0.159722
0 0.417571 0.603041 0.083912 0.159722
0 0.526743 0.557580 0.083912 0.159722
0 0.640971 0.587880 0.083912 0.159722
0 0.719814 0.593940 0.083912 0.159722
0 0.849200 0.581820 0.083912 0.159722
0 0.943200 0.587880 0.083912 0.159722
0 0.966257 0.837880 0.083912 0.159722
0 0.860614 0.828951 0.083912 0.159722
0 0.773086 0.815310 0.083912 0.159722
0 0.658357 0.833490 0.083912 0.159722
0 0.558786 0.869550 0.083912 0.159722
0 0.432029 0.828951 0.083912 0.159722
0 0.302243 0.860621 0.083912 0.159722
0 0.208643 0.837880 0.083912 0.159722
0 0.078843 0.846981 0.083912 0.159722