0 0.288800 0.010584 0.047863 0.078125
0 0.404350 0.015508 0.047863 0.078125
0 0.348200 0.056624 0.047863 0.078125
0 0.269367 0.102665 0.047863 0.078125
0 0.220767 0.043477 0.047863 0.078125
0 0.316883 0.158579 0.047863 0.078125
0 0.384917 0.092817 0.047863 0.078125
0 0.775850 0.027030 0.047863 0.078125
0 0.759650 0.064848 0.047863 0.078125
0 0.735883 0.038528 0.047863 0.078125
0 0.727250 0.099391 0.047863 0.078125
0 0.789883 0.077995 0.047863 0.078125
0 0.819050 0.074721 0.047863 0.078125
0 0.825517 0.027030 0.047863 0.078125
0 0.857917 0.082944 0.047863 0.078125
0 0.897883 0.132284 0.047863 0.078125
0 0.882750 0.207919 0.047863 0.078125
0 0.842800 0.178325 0.047863 0.078125
0 0.847117 0.132284 0.047863 0.078125
0 0.802850 0.119112 0.047863 0.078125
0 0.779083 0.152005 0.047863 0.078125
0 0.753167 0.120761 0.047863 0.078125
0 0.735883 0.184898 0.047863 0.078125
0 0.765050 0.201345 0.047863 0.078125
0 0.802850 0.176675 0.047863 0.078125
0 0.815800 0.224365 0.047863 0.078125
0 0.792050 0.237538 0.047863 0.078125
0 0.712133 0.145431 0.047863 0.078125
0 0.660300 0.079645 0.047863 0.078125
0 0.622500 0.082944 0.047863 0.078125
0 0.583617 0.125685 0.047863 0.078125
0 0.599817 0.166802 0.047863 0.078125
0 0.630050 0.170102 0.047863 0.078125
0 0.661383 0.132284 0.047863 0.078125
0 0.684050 0.171751 0.047863 0.078125
0 0.691617 0.224365 0.047863 0.078125
0 0.662450 0.211218 0.047863 0.078125
0 0.640850 0.237538 0.047863 0.078125
0 0.608467 0.209569 0.047863 0.078125
0 0.577150 0.211218 0.047863 0.078125
0 0.583617 0.255609 0.047863 0.078125
0 0.612783 0.272056 0.047863 0.078125
0 0.610617 0.327970 0.047863 0.078125
0 0.592267 0.300025 0.047863 0.078125
0 0.668933 0.288503 0.047863 0.078125
0 0.649500 0.344416 0.047863 0.078125
0 0.679733 0.337843 0.047863 0.078125
0 0.657050 0.398680 0.047863 0.078125
0 0.624650 0.395406 0.047863 0.078125
0 0.590100 0.388832 0.047863 0.078125
0 0.571750 0.352640 0.047863 0.078125
0 0.461583 0.171751 0.047863 0.078125
0 0.436750 0.277005 0.047863 0.078125
0 0.396800 0.206269 0.047863 0.078125
0 0.484267 0.280279 0.047863 0.078125
0 0.483183 0.406904 0.047863 0.078125
0 0.449717 0.359213 0.047863 0.078125
0 0.394633 0.326320 0.047863 0.078125
0 0.722933 0.341142 0.047863 0.078125
0 0.761800 0.314822 0.047863 0.078125
0 0.783400 0.288503 0.047863 0.078125
0 0.810400 0.316472 0.047863 0.078125
0 0.852517 0.298376 0.047863 0.078125
0 0.850367 0.346066 0.047863 0.078125
0 0.891400 0.323046 0.047863 0.078125
0 0.889233 0.380609 0.047863 0.078125
0 0.876283 0.416777 0.047863 0.078125
0 0.821200 0.393756 0.047863 0.078125
0 0.779083 0.413503 0.047863 0.078125
0 0.748850 0.431574 0.047863 0.078125
0 0.729417 0.392107 0.047863 0.078125
0 0.725083 0.441447 0.047863 0.078125
0 0.636533 0.489137 0.047863 0.078125
0 0.601983 0.467766 0.047863 0.078125
0 0.601983 0.502284 0.047863 0.078125
0 0.576067 0.503934 0.047863 0.078125
0 0.583617 0.553274 0.047863 0.078125
0 0.612783 0.553274 0.047863 0.078125
0 0.649500 0.558223 0.047863 0.078125
0 0.481033 0.497360 0.047863 0.078125
0 0.429200 0.513807 0.047863 0.078125
0 0.200250 0.194772 0.047863 0.078125
0 0.189450 0.260558 0.047863 0.078125
0 0.153817 0.212868 0.047863 0.078125
0 0.145183 0.291802 0.047863 0.078125
0 0.185133 0.336193 0.047863 0.078125
0 0.222933 0.395406 0.047863 0.078125
0 0.226167 0.474340 0.047863 0.078125
0 0.176500 0.431574 0.047863 0.078125
0 0.144100 0.372386 0.047863 0.078125
0 0.114933 0.405279 0.047863 0.078125
0 0.132217 0.446371 0.047863 0.078125
0 0.172167 0.505584 0.047863 0.078125
0 0.219683 0.546701 0.047863 0.078125
0 0.174333 0.568071 0.047863 0.078125
0 0.125733 0.540127 0.047863 0.078125
0 0.374117 0.575152 0.047863 0.078125
0 0.344967 0.637640 0.047863 0.078125
0 0.192700 0.660660 0.047863 0.078125
0 0.154900 0.645863 0.047863 0.078125
0 0.120333 0.609695 0.047863 0.078125
0 0.096583 0.548832 0.047863 0.078125
0 0.247767 0.591599 0.047863 0.078125
0 0.443233 0.611320 0.047863 0.078125
0 0.483183 0.680406 0.047863 0.078125
0 0.428117 0.696853 0.047863 0.078125
0 0.380600 0.695203 0.047863 0.078125
0 0.338483 0.700127 0.047863 0.078125
0 0.356833 0.770838 0.047863 0.078125
0 0.459433 0.798807 0.047863 0.078125
0 0.418400 0.853071 0.047863 0.078125
0 0.383833 0.887614 0.047863 0.078125
0 0.340633 0.889264 0.047863 0.078125
0 0.481033 0.905711 0.047863 0.078125
0 0.624650 0.611320 0.047863 0.078125
0 0.664617 0.604746 0.047863 0.078125
0 0.599817 0.604746 0.047863 0.078125
0 0.599817 0.649162 0.047863 0.078125
0 0.639450 0.657056 0.047863 0.078125
0 0.680050 0.659518 0.047863 0.078125
0 0.650900 0.703909 0.047863 0.078125
0 0.620667 0.717411 0.047863 0.078125
0 0.629517 0.779239 0.047863 0.078125
0 0.604567 0.752259 0.047863 0.078125
0 0.664400 0.788782 0.047863 0.078125
0 0.681133 0.757030 0.047863 0.078125
0 0.596250 0.688782 0.047863 0.078125
0 0.863967 0.781701 0.047863 0.078125
0 0.861800 0.719036 0.047863 0.078125
0 0.910300 0.692081 0.047863 0.078125
0 0.923250 0.593731 0.047863 0.078125
0 0.888367 0.586497 0.047863 0.078125
0 0.901433 0.639619 0.047863 0.078125
0 0.849817 0.553274 0.047863 0.078125
0 0.819150 0.599975 0.047863 0.078125
0 0.862350 0.646041 0.047863 0.078125
0 0.809217 0.652284 0.047863 0.078125
0 0.773250 0.645203 0.047863 0.078125
0 0.786317 0.688782 0.047863 0.078125
0 0.814400 0.715761 0.047863 0.078125
0 0.828000 0.761802 0.047863 0.078125
0 0.850467 0.826777 0.047863 0.078125
0 0.962133 0.683858 0.047863 0.078125
0 0.950683 0.638782 0.047863 0.078125