0 0.479087 0.168479 0.028125 0.024306
0 0.526363 0.159396 0.028125 0.024306
0 0.427275 0.513938 0.028125 0.024306
0 0.430913 0.463938 0.028125 0.024306
0 0.400000 0.494250 0.028125 0.024306
0 0.376362 0.476062 0.028125 0.024306
0 0.359088 0.463938 0.028125 0.024306
0 0.326362 0.423021 0.028125 0.024306
0 0.278188 0.347271 0.028125 0.024306
0 0.347275 0.283646 0.028125 0.024306
0 0.250000 0.313938 0.028125 0.024306
0 0.223638 0.288188 0.028125 0.024306
0 0.204550 0.265458 0.028125 0.024306
0 0.187275 0.248792 0.028125 0.024306
0 0.167275 0.235146 0.028125 0.024306
0 0.241812 0.216979 0.028125 0.024306
0 0.012725 0.062417 0.028125 0.024306
0 0.081813 0.165458 0.028125 0.024306
0 0.124550 0.201813 0.028125 0.024306
0 0.161812 0.159396 0.028125 0.024306