0 0.929437 0.321717 0.035807 0.087674
0 0.996513 0.238100 0.035807 0.087674
0 0.996513 0.370500 0.035807 0.087674
0 0.479963 0.099883 0.035807 0.087674
0 0.779613 0.074333 0.035807 0.087674
0 0.444950 0.113117 0.035807 0.087674
0 0.095450 0.851517 0.035807 0.087674
0 0.007950 0.500000 0.035807 0.087674
0 0.012500 0.436367 0.035807 0.087674
0 0.042050 0.392417 0.035807 0.087674
0 0.062500 0.354550 0.035807 0.087674
0 0.051137 0.318183 0.035807 0.087674
0 0.119313 0.393933 0.035807 0.087674
0 0.120450 0.439400 0.035807 0.087674
0 0.076137 0.484850 0.035807 0.087674
0 0.061363 0.475750 0.035807 0.087674
0 0.140912 0.471217 0.035807 0.087674
0 0.107950 0.503033 0.035807 0.087674
0 0.182950 0.533333 0.035807 0.087674
0 0.203412 0.451517 0.035807 0.087674
0 0.173863 0.442417 0.035807 0.087674
0 0.175000 0.412117 0.035807 0.087674
0 0.194312 0.377267 0.035807 0.087674
0 0.185225 0.348483 0.035807 0.087674
0 0.205688 0.325750 0.035807 0.087674
0 0.144313 0.303033 0.035807 0.087674
0 0.127275 0.348483 0.035807 0.087674
0 0.213638 0.495450 0.035807 0.087674
0 0.242050 0.393933 0.035807 0.087674
0 0.265912 0.413633 0.035807 0.087674
0 0.255688 0.483333 0.035807 0.087674
0 0.240913 0.551517 0.035807 0.087674
0 0.257950 0.536367 0.035807 0.087674
0 0.310225 0.463633 0.035807 0.087674
0 0.311362 0.513633 0.035807 0.087674
0 0.330688 0.516667 0.035807 0.087674
0 0.288637 0.363633 0.035807 0.087674
0 0.271588 0.356067 0.035807 0.087674
0 0.265912 0.324250 0.035807 0.087674
0 0.330688 0.293933 0.035807 0.087674
0 0.331813 0.256067 0.035807 0.087674
0 0.368188 0.331817 0.035807 0.087674
0 0.346587 0.372733 0.035807 0.087674
0 0.335225 0.404550 0.035807 0.087674
0 0.404550 0.393933 0.035807 0.087674
0 0.398862 0.287883 0.035807 0.087674
0 0.432950 0.486367 0.035807 0.087674
0 0.407950 0.484850 0.035807 0.087674
0 0.393188 0.468183 0.035807 0.087674
0 0.398862 0.593933 0.035807 0.087674
0 0.455688 0.430300 0.035807 0.087674
0 0.468188 0.374250 0.035807 0.087674
0 0.459087 0.289400 0.035807 0.087674
0 0.497725 0.322733 0.035807 0.087674
0 0.493188 0.215150 0.035807 0.087674
0 0.534087 0.245450 0.035807 0.087674
0 0.564775 0.325750 0.035807 0.087674
0 0.584087 0.387883 0.035807 0.087674
0 0.522725 0.471217 0.035807 0.087674
0 0.555688 0.507583 0.035807 0.087674
0 0.602275 0.413633 0.035807 0.087674
0 0.629550 0.271217 0.035807 0.087674
0 0.648863 0.336367 0.035807 0.087674
0 0.661363 0.378783 0.035807 0.087674
0 0.604550 0.550000 0.035807 0.087674
0 0.628413 0.648483 0.035807 0.087674
0 0.722725 0.503033 0.035807 0.087674
0 0.738637 0.475750 0.035807 0.087674
0 0.738637 0.328783 0.035807 0.087674
0 0.767050 0.392417 0.035807 0.087674
0 0.806813 0.328783 0.035807 0.087674
0 0.846588 0.290917 0.035807 0.087674
0 0.813638 0.404550 0.035807 0.087674
0 0.868188 0.384850 0.035807 0.087674
0 0.865913 0.463633 0.035807 0.087674
0 0.839775 0.456067 0.035807 0.087674
0 0.810225 0.586367 0.035807 0.087674
0 0.876138 0.587883 0.035807 0.087674
0 0.873863 0.736367 0.035807 0.087674
0 0.914775 0.645450 0.035807 0.087674
0 0.919313 0.554550 0.035807 0.087674
0 0.962500 0.560600 0.035807 0.087674
0 0.977275 0.424250 0.035807 0.087674
0 0.990913 0.325750 0.035807 0.087674