0 0.223127 0.963147 0.146087 0.238715
0 0.057782 0.876008 0.146087 0.238715
0 0.057782 0.984932 0.146087 0.238715
0 0.179518 0.780695 0.146087 0.238715
0 0.012355 0.699005 0.146087 0.238715
0 0.115927 0.620041 0.146087 0.238715
0 0.048691 0.519292 0.146087 0.238715
0 0.097755 0.263311 0.146087 0.238715
0 0.025073 0.078147 0.146087 0.238715
0 0.226727 0.078202 0.146087 0.238715
0 0.172255 0.230640 0.146087 0.238715
0 0.128645 0.094482 0.146087 0.238715
0 0.419364 0.045504 0.146087 0.238715
0 0.355773 0.295995 0.146087 0.238715
0 0.263100 0.372234 0.146087 0.238715
0 0.179518 0.519292 0.146087 0.238715
0 0.299445 0.516567 0.146087 0.238715
0 0.410282 0.709905 0.146087 0.238715
0 0.266736 0.704455 0.146087 0.238715
0 0.379391 0.895068 0.146087 0.238715
0 0.501136 0.987657 0.146087 0.238715
0 0.581082 0.873283 0.146087 0.238715
0 0.699191 0.954973 0.146087 0.238715
0 0.813664 0.867834 0.146087 0.238715
0 0.997182 0.930477 0.146087 0.238715
0 0.995364 0.685395 0.146087 0.238715
0 0.929955 0.769809 0.146087 0.238715
0 0.875445 0.658161 0.146087 0.238715
0 0.911782 0.532902 0.146087 0.238715
0 0.984464 0.448488 0.146087 0.238715
0 0.839100 0.421253 0.146087 0.238715
0 0.791864 0.522003 0.146087 0.238715
0 0.721000 0.660886 0.146087 0.238715
0 0.524755 0.584646 0.146087 0.238715
0 0.602891 0.467548 0.146087 0.238715
0 0.413918 0.541076 0.146087 0.238715
0 0.461164 0.323229 0.146087 0.238715
0 0.542927 0.102657 0.146087 0.238715
0 0.635591 0.211580 0.146087 0.238715
0 0.719182 0.048188 0.146087 0.238715
0 0.735536 0.309605 0.146087 0.238715
0 0.831836 0.195245 0.146087 0.238715
0 0.948127 0.121717 0.146087 0.238715
0 0.871809 0.031853 0.146087 0.238715