0 0.793687 0.571462 0.107639 0.089410
0 0.678787 0.589137 0.107639 0.089410
0 0.546212 0.597975 0.107639 0.089410
0 0.443937 0.568937 0.107639 0.089410
0 0.327775 0.587875 0.107639 0.089410
0 0.226762 0.585350 0.107639 0.089410
0 0.106812 0.570200 0.107639 0.089410
0 0.085350 0.498237 0.107639 0.089410
0 0.086612 0.378287 0.107639 0.089410
0 0.085350 0.286112 0.107639 0.089410
0 0.210350 0.488137 0.107639 0.089410
0 0.323987 0.479288 0.107639 0.089410
0 0.371975 0.377025 0.107639 0.089410
0 0.364400 0.276012 0.107639 0.089410
0 0.437625 0.281062 0.107639 0.089410
0 0.450250 0.364400 0.107639 0.089410
0 0.457825 0.461612 0.107639 0.089410
0 0.571462 0.481812 0.107639 0.089410
0 0.698987 0.483075 0.107639 0.089410
0 0.817675 0.478025 0.107639 0.089410
0 0.822725 0.383338 0.107639 0.089410
0 0.769700 0.287375 0.107639 0.089410
0 0.652275 0.291162 0.107639 0.089410
0 0.698987 0.377025 0.107639 0.089410
0 0.563887 0.378287 0.107639 0.089410
0 0.533587 0.296212 0.107639 0.089410
0 0.350500 0.687625 0.107639 0.089410
0 0.239400 0.685100 0.107639 0.089410
0 0.137125 0.658587 0.107639 0.089410
0 0.570200 0.687625 0.107639 0.089410
0 0.671213 0.682575 0.107639 0.089410
0 0.783587 0.677525 0.107639 0.089410