0 0.855420 0.882536 0.089054 0.132812
0 0.765267 0.808357 0.089054 0.132812
0 0.937812 0.788714 0.089054 0.132812
0 0.866310 0.688357 0.089054 0.132812
0 0.769924 0.679643 0.089054 0.132812
0 0.690662 0.653464 0.089054 0.132812
0 0.642468 0.832357 0.089054 0.132812
0 0.575623 0.782179 0.089054 0.132812
0 0.958015 0.651250 0.089054 0.132812
0 0.852316 0.511643 0.089054 0.132812
0 0.970458 0.452714 0.089054 0.132812
0 0.752824 0.496357 0.089054 0.132812
0 0.827455 0.389464 0.089054 0.132812
0 0.962672 0.313071 0.089054 0.132812
0 0.766819 0.337071 0.089054 0.132812
0 0.777710 0.132000 0.089054 0.132812
0 0.894275 0.164714 0.089054 0.132812
0 0.516539 0.579250 0.089054 0.132812
0 0.434173 0.721071 0.089054 0.132812
0 0.345547 0.812714 0.089054 0.132812
0 0.451272 0.882536 0.089054 0.132812
0 0.182341 0.832357 0.089054 0.132812
0 0.071959 0.858536 0.089054 0.132812
0 0.162137 0.655643 0.089054 0.132812
0 0.047099 0.457071 0.089054 0.132812
0 0.037761 0.308714 0.089054 0.132812
0 0.040891 0.070893 0.089054 0.132812
0 0.129491 0.149464 0.089054 0.132812
0 0.233639 0.097071 0.089054 0.132812
0 0.169898 0.295643 0.089054 0.132812
0 0.143486 0.478893 0.089054 0.132812
0 0.210305 0.437464 0.089054 0.132812
0 0.247634 0.548714 0.089054 0.132812
0 0.263181 0.286893 0.089054 0.132812
0 0.354885 0.166893 0.089054 0.132812
0 0.396845 0.057821 0.089054 0.132812
0 0.502570 0.036000 0.089054 0.132812
0 0.606718 0.044714 0.089054 0.132812
0 0.544529 0.182179 0.089054 0.132812
0 0.452824 0.173464 0.089054 0.132812
0 0.480789 0.284714 0.089054 0.132812
0 0.378193 0.422179 0.089054 0.132812
0 0.429491 0.509464 0.089054 0.132812
0 0.337786 0.673071 0.089054 0.132812
0 0.261603 0.862893 0.089054 0.132812
0 0.597379 0.313071 0.089054 0.132812
0 0.514987 0.435250 0.089054 0.132812
0 0.654885 0.193071 0.089054 0.132812
0 0.670433 0.404714 0.089054 0.132812
0 0.659567 0.531250 0.089054 0.132812
0 0.970458 0.105821 0.089054 0.132812
0 0.245776 0.698679 0.089054 0.132812
0 0.379338 0.264214 0.089054 0.132812
0 0.062316 0.595321 0.089054 0.132812
0 0.233308 0.015464 0.089054 0.132812
0 0.839898 0.069750 0.089054 0.132812
0 0.949720 0.562036 0.089054 0.132812
0 0.987176 0.887857 0.089054 0.132812
0 0.743791 0.891357 0.089054 0.132812
0 0.520356 0.845821 0.089054 0.132812
0 0.990916 0.018964 0.089054 0.132812
0 0.938499 0.050500 0.089054 0.132812
0 0.878575 0.010214 0.089054 0.132812
0 0.602748 0.691643 0.089054 0.132812