0 0.125469 0.353847 0.050697 0.056424
0 0.157856 0.396555 0.050697 0.056424
0 0.224781 0.342434 0.050697 0.056424
0 0.238044 0.281962 0.050697 0.056424
0 0.300031 0.356812 0.050697 0.056424
0 0.244825 0.413051 0.050697 0.056424
0 0.318850 0.259135 0.050697 0.056424
0 0.313606 0.197815 0.050697 0.056424
0 0.017831 0.589803 0.050697 0.056424
0 0.041888 0.632511 0.050697 0.056424
0 0.120225 0.673102 0.050697 0.056424
0 0.181600 0.624053 0.050697 0.056424
0 0.123313 0.555124 0.050697 0.056424
0 0.134725 0.506495 0.050697 0.056424
0 0.096169 0.459563 0.050697 0.056424
0 0.050525 0.476898 0.050697 0.056424
0 0.252537 0.752596 0.050697 0.056424
0 0.248837 0.700591 0.050697 0.056424
0 0.222006 0.816024 0.050697 0.056424
0 0.278137 0.651534 0.050697 0.056424
0 0.288625 0.586838 0.050697 0.056424
0 0.270119 0.531868 0.050697 0.056424
0 0.323162 0.544130 0.050697 0.056424
0 0.247600 0.483668 0.050697 0.056424
0 0.195788 0.448569 0.050697 0.056424
0 0.405819 0.794456 0.050697 0.056424
0 0.567125 0.884105 0.050697 0.056424
0 0.515619 0.903136 0.050697 0.056424
0 0.523019 0.718766 0.050697 0.056424
0 0.419700 0.678175 0.050697 0.056424
0 0.501738 0.636735 0.050697 0.056424
0 0.620481 0.699743 0.050697 0.056424
0 0.705294 0.735261 0.050697 0.056424
0 0.762350 0.894250 0.050697 0.056424
0 0.813856 0.732725 0.050697 0.056424
0 0.769750 0.670566 0.050697 0.056424
0 0.323475 0.429537 0.050697 0.056424
0 0.361719 0.485356 0.050697 0.056424
0 0.389475 0.501851 0.050697 0.056424
0 0.385775 0.603753 0.050697 0.056424
0 0.433269 0.576692 0.050697 0.056424
0 0.527031 0.542862 0.050697 0.056424
0 0.536587 0.508612 0.050697 0.056424
0 0.541831 0.461680 0.050697 0.056424
0 0.473056 0.422348 0.050697 0.056424
0 0.399038 0.410514 0.050697 0.056424
0 0.528881 0.208389 0.050697 0.056424
0 0.523944 0.235030 0.050697 0.056424
0 0.563113 0.246024 0.050697 0.056424
0 0.515925 0.352579 0.050697 0.056424
0 0.593644 0.424045 0.050697 0.056424
0 0.662113 0.400788 0.050697 0.056424
0 0.700356 0.423616 0.050697 0.056424
0 0.678769 0.352579 0.050697 0.056424
0 0.657800 0.317481 0.050697 0.056424
0 0.697581 0.263359 0.050697 0.056424
0 0.739525 0.374996 0.050697 0.056424
0 0.446531 0.342853 0.050697 0.056424
0 0.416000 0.232913 0.050697 0.056424
0 0.354931 0.312408 0.050697 0.056424
0 0.646388 0.553008 0.050697 0.056424
0 0.675687 0.487044 0.050697 0.056424
0 0.721025 0.516650 0.050697 0.056424
0 0.958506 0.665913 0.050697 0.056424
0 0.941850 0.710308 0.050697 0.056424
0 0.833287 0.585998 0.050697 0.056424
0 0.837606 0.542442 0.050697 0.056424
0 0.989963 0.453222 0.050697 0.056424
0 0.940925 0.502691 0.050697 0.056424
0 0.878931 0.457027 0.050697 0.056424
0 0.771600 0.335244 0.050697 0.056424
0 0.803987 0.373719 0.050697 0.056424
0 0.766975 0.401628 0.050697 0.056424
0 0.917175 0.336512 0.050697 0.056424
0 0.763275 0.244756 0.050697 0.056424
0 0.049938 0.422099 0.050697 0.056424
0 0.071906 0.438320 0.050697 0.056424
0 0.559375 0.586170 0.050697 0.056424
0 0.794319 0.437395 0.050697 0.056424