0 0.036913 0.505596 0.017316 0.034722
0 0.038225 0.540930 0.017316 0.034722
0 0.083788 0.637789 0.017316 0.034722
0 0.096375 0.611596 0.017316 0.034722
0 0.105487 0.702965 0.017316 0.034722
0 0.187950 0.698702 0.017316 0.034722
0 0.155400 0.586614 0.017316 0.034722
0 0.194025 0.567737 0.017316 0.034722
0 0.209650 0.589053 0.017316 0.034722
0 0.239163 0.536053 0.017316 0.034722
0 0.258250 0.505596 0.017316 0.034722
0 0.293837 0.576263 0.017316 0.034722
0 0.302950 0.609158 0.017316 0.034722
0 0.136300 0.368561 0.017316 0.034722
0 0.131100 0.419719 0.017316 0.034722
0 0.221800 0.371596 0.017316 0.034722
0 0.129788 0.287544 0.017316 0.034722
0 0.233087 0.269263 0.017316 0.034722
0 0.273875 0.363684 0.017316 0.034722
0 0.170587 0.102368 0.017316 0.034722
0 0.453112 0.385614 0.017316 0.034722
0 0.377600 0.541544 0.017316 0.034722
0 0.348088 0.565912 0.017316 0.034722
0 0.384113 0.608544 0.017316 0.034722
0 0.396700 0.637789 0.017316 0.034722
0 0.401037 0.497070 0.017316 0.034722
0 0.456587 0.539105 0.017316 0.034722
0 0.475250 0.568947 0.017316 0.034722
0 0.491312 0.604281 0.017316 0.034722
0 0.514312 0.517175 0.017316 0.034722
0 0.554237 0.492807 0.017316 0.034722
0 0.530362 0.585404 0.017316 0.034722
0 0.530362 0.612807 0.017316 0.034722
0 0.556412 0.617684 0.017316 0.034722
0 0.550338 0.637175 0.017316 0.034722
0 0.495212 0.654228 0.017316 0.034722
0 0.586350 0.606719 0.017316 0.034722
0 0.612825 0.576877 0.017316 0.034722
0 0.623675 0.586000 0.017316 0.034722
0 0.627587 0.632912 0.017316 0.034722
0 0.638862 0.645088 0.017316 0.034722
0 0.633225 0.645088 0.017316 0.034722
0 0.647112 0.589053 0.017316 0.034722
0 0.676187 0.608544 0.017316 0.034722
0 0.692250 0.631684 0.017316 0.034722
0 0.370662 0.432509 0.017316 0.034722
0 0.386287 0.401439 0.017316 0.034722
0 0.375862 0.370982 0.017316 0.034722
0 0.424913 0.393526 0.017316 0.034722
0 0.397137 0.332000 0.017316 0.034722
0 0.437062 0.329579 0.017316 0.034722
0 0.340712 0.327140 0.017316 0.034722
0 0.323787 0.322877 0.017316 0.034722
0 0.311200 0.263175 0.017316 0.034722
0 0.347225 0.232105 0.017316 0.034722
0 0.391487 0.245509 0.017316 0.034722
0 0.466137 0.358193 0.017316 0.034722
0 0.495650 0.378298 0.017316 0.034722
0 0.527762 0.377684 0.017316 0.034722
0 0.555975 0.329579 0.017316 0.034722
0 0.581150 0.340526 0.017316 0.034722
0 0.631050 0.333228 0.017316 0.034722
0 0.544250 0.149877 0.017316 0.034722
0 0.486975 0.127947 0.017316 0.034722
0 0.668812 0.525702 0.017316 0.034722
0 0.677487 0.540316 0.017316 0.034722
0 0.698325 0.500737 0.017316 0.034722
0 0.728700 0.534228 0.017316 0.034722
0 0.731312 0.488544 0.017316 0.034722
0 0.773837 0.470877 0.017316 0.034722
0 0.817237 0.437386 0.017316 0.034722
0 0.789025 0.419719 0.017316 0.034722
0 0.799875 0.402667 0.017316 0.034722
0 0.810300 0.372211 0.017316 0.034722
0 0.810725 0.351491 0.017316 0.034722
0 0.778175 0.364895 0.017316 0.034722
0 0.749537 0.355754 0.017316 0.034722
0 0.748662 0.405105 0.017316 0.034722
0 0.709612 0.395351 0.017316 0.034722
0 0.663600 0.369772 0.017316 0.034722
0 0.661862 0.417281 0.017316 0.034722
0 0.678800 0.429474 0.017316 0.034722
0 0.868887 0.581737 0.017316 0.034722
0 0.841112 0.592702 0.017316 0.034722
0 0.808125 0.666404 0.017316 0.034722
0 0.776012 0.627421 0.017316 0.034722
0 0.777750 0.646316 0.017316 0.034722
0 0.749975 0.640211 0.017316 0.034722
0 0.734775 0.637175 0.017316 0.034722
0 0.737387 0.649965 0.017316 0.034722
0 0.734350 0.658491 0.017316 0.034722
0 0.843275 0.665807 0.017316 0.034722
0 0.743887 0.600018 0.017316 0.034722
0 0.726100 0.606105 0.017316 0.034722
0 0.949175 0.410579 0.017316 0.034722
0 0.929212 0.505000 0.017316 0.034722
0 0.912712 0.492211 0.017316 0.034722
0 0.911412 0.255263 0.017316 0.034722
0 0.957412 0.271088 0.017316 0.034722
0 0.981725 0.278404 0.017316 0.034722
0 0.782087 0.303386 0.017316 0.034722
0 0.734775 0.290579 0.017316 0.034722
0 0.710475 0.252211 0.017316 0.034722
0 0.703537 0.272930 0.017316 0.034722
0 0.770800 0.228456 0.017316 0.034722
0 0.676625 0.184596 0.017316 0.034722
0 0.706137 0.197386 0.017316 0.034722
0 0.789462 0.149877 0.017316 0.034722
0 0.786862 0.136474 0.017316 0.034722
0 0.926175 0.128561 0.017316 0.034722
0 0.834600 0.029895 0.017316 0.034722
0 0.687037 0.350895 0.017316 0.034722
0 0.710037 0.347228 0.017316 0.034722