0 0.038115 0.014814 0.028681 0.033854
0 0.102207 0.006090 0.028681 0.033854
0 0.129443 0.008271 0.028681 0.033854
0 0.132656 0.078085 0.028681 0.033854
0 0.155088 0.086809 0.028681 0.033854
0 0.182324 0.089003 0.028681 0.033854
0 0.195137 0.086809 0.028681 0.033854
0 0.201553 0.058444 0.028681 0.033854
0 0.283262 0.058444 0.028681 0.033854
0 0.259229 0.069362 0.028681 0.033854
0 0.267246 0.106449 0.028681 0.033854
0 0.307295 0.106449 0.028681 0.033854
0 0.347354 0.058444 0.028681 0.033854
0 0.374600 0.014814 0.028681 0.033854
0 0.392217 0.014814 0.028681 0.033854
0 0.419463 0.073723 0.028681 0.033854
0 0.233594 0.130452 0.028681 0.033854
0 0.175918 0.143537 0.028681 0.033854
0 0.172705 0.182819 0.028681 0.033854
0 0.150273 0.211184 0.028681 0.033854
0 0.129443 0.165359 0.028681 0.033854
0 0.055742 0.167540 0.028681 0.033854
0 0.014082 0.191543 0.028681 0.033854
0 0.055742 0.232992 0.028681 0.033854
0 0.055742 0.259176 0.028681 0.033854
0 0.129443 0.272274 0.028681 0.033854
0 0.182324 0.248271 0.028681 0.033854
0 0.110225 0.294082 0.028681 0.033854
0 0.031709 0.335545 0.028681 0.033854
0 0.015684 0.361729 0.028681 0.033854
0 0.079775 0.357354 0.028681 0.033854
0 0.137461 0.366090 0.028681 0.033854
0 0.031709 0.429362 0.028681 0.033854
0 0.022100 0.477354 0.028681 0.033854
0 0.010879 0.501356 0.028681 0.033854
0 0.018887 0.540638 0.028681 0.033854
0 0.017285 0.577726 0.028681 0.033854
0 0.041318 0.592992 0.028681 0.033854
0 0.076572 0.601729 0.028681 0.033854
0 0.038115 0.547181 0.028681 0.033854
0 0.099004 0.551543 0.028681 0.033854
0 0.099004 0.582088 0.028681 0.033854
0 0.026904 0.632274 0.028681 0.033854
0 0.022100 0.656263 0.028681 0.033854
0 0.031709 0.671543 0.028681 0.033854
0 0.014082 0.686809 0.028681 0.033854
0 0.102207 0.636636 0.028681 0.033854
0 0.116631 0.682447 0.028681 0.033854
0 0.137461 0.540638 0.028681 0.033854
0 0.182324 0.529721 0.028681 0.033854
0 0.175918 0.488271 0.028681 0.033854
0 0.156689 0.488271 0.028681 0.033854
0 0.111826 0.468630 0.028681 0.033854
0 0.071768 0.462088 0.028681 0.033854
0 0.087793 0.462088 0.028681 0.033854
0 0.142266 0.396636 0.028681 0.033854
0 0.167900 0.379176 0.028681 0.033854
0 0.180723 0.398816 0.028681 0.033854
0 0.193535 0.429362 0.028681 0.033854
0 0.179121 0.433723 0.028681 0.033854
0 0.161494 0.455545 0.028681 0.033854
0 0.143867 0.438085 0.028681 0.033854
0 0.187129 0.363910 0.028681 0.033854
0 0.199951 0.342088 0.028681 0.033854
0 0.206357 0.379176 0.028681 0.033854
0 0.236797 0.352992 0.028681 0.033854
0 0.252822 0.348630 0.028681 0.033854
0 0.252822 0.372633 0.028681 0.033854
0 0.305693 0.374814 0.028681 0.033854
0 0.312109 0.305000 0.028681 0.033854
0 0.300889 0.283178 0.028681 0.033854
0 0.345752 0.235173 0.028681 0.033854
0 0.347354 0.294082 0.028681 0.033854
0 0.369785 0.294082 0.028681 0.033854
0 0.321719 0.189362 0.028681 0.033854
0 0.334541 0.185000 0.028681 0.033854
0 0.366582 0.145718 0.028681 0.033854
0 0.393818 0.130452 0.028681 0.033854
0 0.405039 0.141356 0.028681 0.033854
0 0.427471 0.160997 0.028681 0.033854
0 0.435479 0.139176 0.028681 0.033854
0 0.469131 0.147899 0.028681 0.033854
0 0.440293 0.209003 0.028681 0.033854
0 0.382607 0.178444 0.028681 0.033854
0 0.401836 0.230811 0.028681 0.033854
0 0.433877 0.252633 0.028681 0.033854
0 0.456309 0.278816 0.028681 0.033854
0 0.419463 0.289721 0.028681 0.033854
0 0.377803 0.333364 0.028681 0.033854
0 0.403438 0.359548 0.028681 0.033854
0 0.441895 0.352992 0.028681 0.033854
0 0.353770 0.370452 0.028681 0.033854
0 0.371387 0.383537 0.028681 0.033854
0 0.347354 0.403178 0.028681 0.033854
0 0.316914 0.411902 0.028681 0.033854
0 0.227187 0.481729 0.028681 0.033854
0 0.289678 0.512274 0.028681 0.033854
0 0.289678 0.536263 0.028681 0.033854
0 0.236797 0.573364 0.028681 0.033854
0 0.276855 0.579907 0.028681 0.033854
0 0.329736 0.540638 0.028681 0.033854
0 0.334541 0.566809 0.028681 0.033854
0 0.368184 0.592992 0.028681 0.033854
0 0.299287 0.632274 0.028681 0.033854
0 0.276855 0.630093 0.028681 0.033854
0 0.236797 0.632274 0.028681 0.033854
0 0.222383 0.595173 0.028681 0.033854
0 0.231992 0.645359 0.028681 0.033854
0 0.240000 0.662819 0.028681 0.033854
0 0.243213 0.693364 0.028681 0.033854
0 0.273652 0.702088 0.028681 0.033854
0 0.281660 0.682447 0.028681 0.033854
0 0.339346 0.667181 0.028681 0.033854
0 0.350557 0.689003 0.028681 0.033854
0 0.395420 0.634455 0.028681 0.033854
0 0.416250 0.649721 0.028681 0.033854
0 0.419463 0.695545 0.028681 0.033854
0 0.433877 0.710811 0.028681 0.033854
0 0.408242 0.566809 0.028681 0.033854
0 0.416250 0.494814 0.028681 0.033854
0 0.413047 0.442447 0.028681 0.033854
0 0.360176 0.472992 0.028681 0.033854
0 0.347354 0.449003 0.028681 0.033854
0 0.312109 0.503537 0.028681 0.033854
0 0.437080 0.457726 0.028681 0.033854
0 0.440293 0.403178 0.028681 0.033854
0 0.462725 0.405359 0.028681 0.033854
0 0.469131 0.381356 0.028681 0.033854
0 0.494766 0.381356 0.028681 0.033854
0 0.486758 0.348630 0.028681 0.033854
0 0.480342 0.329003 0.028681 0.033854
0 0.462725 0.368271 0.028681 0.033854
0 0.533223 0.289721 0.028681 0.033854
0 0.562061 0.322447 0.028681 0.033854
0 0.533223 0.344269 0.028681 0.033854
0 0.533223 0.376995 0.028681 0.033854
0 0.550850 0.222088 0.028681 0.033854
0 0.550850 0.285359 0.028681 0.033854
0 0.602119 0.289721 0.028681 0.033854
0 0.624551 0.272274 0.028681 0.033854
0 0.659795 0.265718 0.028681 0.033854
0 0.627754 0.130452 0.028681 0.033854
0 0.654990 0.126090 0.028681 0.033854
0 0.611729 0.160997 0.028681 0.033854
0 0.597314 0.056263 0.028681 0.033854
0 0.571670 0.056263 0.028681 0.033854
0 0.587695 0.086809 0.028681 0.033854
0 0.752734 0.056263 0.028681 0.033854
0 0.768750 0.071543 0.028681 0.033854
0 0.789580 0.071543 0.028681 0.033854
0 0.751133 0.106449 0.028681 0.033854
0 0.823232 0.110811 0.028681 0.033854
0 0.828037 0.058444 0.028681 0.033854
0 0.885723 0.097726 0.028681 0.033854
0 0.935391 0.134814 0.028681 0.033854
0 0.917764 0.174082 0.028681 0.033854
0 0.885723 0.156636 0.028681 0.033854
0 0.948213 0.198085 0.028681 0.033854
0 0.896934 0.226449 0.028681 0.033854
0 0.904951 0.250452 0.028681 0.033854
0 0.820029 0.185000 0.028681 0.033854
0 0.760742 0.169721 0.028681 0.033854
0 0.707871 0.193723 0.028681 0.033854
0 0.704668 0.250452 0.028681 0.033854
0 0.701455 0.215545 0.028681 0.033854
0 0.754336 0.259176 0.028681 0.033854
0 0.735107 0.285359 0.028681 0.033854
0 0.749531 0.296263 0.028681 0.033854
0 0.703057 0.287540 0.028681 0.033854
0 0.711074 0.313723 0.028681 0.033854
0 0.861689 0.272274 0.028681 0.033854
0 0.930586 0.313723 0.028681 0.033854
0 0.855273 0.302819 0.028681 0.033854
0 0.818428 0.324628 0.028681 0.033854
0 0.754336 0.348630 0.028681 0.033854
0 0.794395 0.372633 0.028681 0.033854
0 0.871299 0.368271 0.028681 0.033854
0 0.887324 0.398816 0.028681 0.033854
0 0.893730 0.429362 0.028681 0.033854
0 0.933789 0.455545 0.028681 0.033854
0 0.900137 0.475173 0.028681 0.033854
0 0.885723 0.503537 0.028681 0.033854
0 0.860088 0.503537 0.028681 0.033854
0 0.837656 0.492633 0.028681 0.033854
0 0.834443 0.462088 0.028681 0.033854
0 0.815225 0.462088 0.028681 0.033854
0 0.765547 0.442447 0.028681 0.033854
0 0.717480 0.457726 0.028681 0.033854
0 0.696650 0.425000 0.028681 0.033854
0 0.707871 0.396636 0.028681 0.033854
0 0.659795 0.342088 0.028681 0.033854
0 0.626152 0.322447 0.028681 0.033854
0 0.634160 0.357354 0.028681 0.033854
0 0.608525 0.383537 0.028681 0.033854
0 0.595713 0.359548 0.028681 0.033854
0 0.598916 0.429362 0.028681 0.033854
0 0.574883 0.442447 0.028681 0.033854
0 0.590898 0.488271 0.028681 0.033854
0 0.547637 0.488271 0.028681 0.033854
0 0.467529 0.466449 0.028681 0.033854
0 0.475537 0.483910 0.028681 0.033854
0 0.663008 0.488271 0.028681 0.033854
0 0.650186 0.514455 0.028681 0.033854
0 0.672617 0.523178 0.028681 0.033854
0 0.616543 0.534082 0.028681 0.033854
0 0.703057 0.534082 0.028681 0.033854
0 0.812012 0.527540 0.028681 0.033854
0 0.813613 0.553723 0.028681 0.033854
0 0.804004 0.592992 0.028681 0.033854
0 0.938594 0.730452 0.028681 0.033854
0 0.940195 0.691184 0.028681 0.033854
0 0.893730 0.712992 0.028681 0.033854
0 0.842461 0.710811 0.028681 0.033854
0 0.808809 0.695545 0.028681 0.033854
0 0.802402 0.630093 0.028681 0.033854
0 0.784775 0.619176 0.028681 0.033854
0 0.816826 0.747899 0.028681 0.033854
0 0.863291 0.776263 0.028681 0.033854
0 0.741514 0.750093 0.028681 0.033854
0 0.722285 0.647540 0.028681 0.033854
0 0.727100 0.621356 0.028681 0.033854
0 0.666211 0.656263 0.028681 0.033854
0 0.667813 0.579907 0.028681 0.033854
0 0.614932 0.616995 0.028681 0.033854
0 0.602119 0.562447 0.028681 0.033854
0 0.592500 0.614814 0.028681 0.033854
0 0.557256 0.538444 0.028681 0.033854
0 0.534824 0.540638 0.028681 0.033854
0 0.542832 0.571184 0.028681 0.033854
0 0.578086 0.636636 0.028681 0.033854
0 0.594111 0.686809 0.028681 0.033854
0 0.549238 0.682447 0.028681 0.033854
0 0.518799 0.678085 0.028681 0.033854
0 0.451504 0.562447 0.028681 0.033854
0 0.456309 0.525359 0.028681 0.033854
0 0.478740 0.752274 0.028681 0.033854
0 0.557256 0.743537 0.028681 0.033854
0 0.642178 0.734814 0.028681 0.033854
0 0.663008 0.730452 0.028681 0.033854
0 0.690244 0.706449 0.028681 0.033854
0 0.727100 0.776263 0.028681 0.033854
0 0.671016 0.771902 0.028681 0.033854
0 0.659795 0.815545 0.028681 0.033854
0 0.598916 0.824269 0.028681 0.033854
0 0.592500 0.839548 0.028681 0.033854
0 0.578086 0.846090 0.028681 0.033854
0 0.562061 0.785000 0.028681 0.033854
0 0.456309 0.800266 0.028681 0.033854
0 0.390615 0.785000 0.028681 0.033854
0 0.379404 0.745718 0.028681 0.033854
0 0.312109 0.743537 0.028681 0.033854
0 0.273652 0.760997 0.028681 0.033854
0 0.230391 0.800266 0.028681 0.033854
0 0.217568 0.780638 0.028681 0.033854
0 0.182324 0.774082 0.028681 0.033854
0 0.150273 0.774082 0.028681 0.033854
0 0.079775 0.774082 0.028681 0.033854
0 0.906553 0.894082 0.028681 0.033854
0 0.893730 0.944269 0.028681 0.033854
0 0.856875 0.931184 0.028681 0.033854
0 0.812012 0.950811 0.028681 0.033854
0 0.802402 0.987899 0.028681 0.033854
0 0.711074 0.959548 0.028681 0.033854
0 0.679023 0.891902 0.028681 0.033854
0 0.634160 0.913723 0.028681 0.033854
0 0.637363 0.976995 0.028681 0.033854
0 0.582891 0.992274 0.028681 0.033854
0 0.530020 0.902819 0.028681 0.033854
0 0.448301 0.876636 0.028681 0.033854
0 0.454707 0.902819 0.028681 0.033854
0 0.397031 0.876636 0.028681 0.033854
0 0.331338 0.861356 0.028681 0.033854
0 0.316914 0.874455 0.028681 0.033854
0 0.294482 0.887540 0.028681 0.033854
0 0.320117 0.944269 0.028681 0.033854
0 0.273652 0.987899 0.028681 0.033854
0 0.248018 0.920266 0.028681 0.033854
0 0.230391 0.952992 0.028681 0.033854
0 0.203154 0.861356 0.028681 0.033854
0 0.147070 0.848271 0.028681 0.033854
0 0.121436 0.876636 0.028681 0.033854
0 0.110225 0.896263 0.028681 0.033854
0 0.153486 0.994455 0.028681 0.033854
0 0.953018 0.080266 0.028681 0.033854
0 0.962627 0.008271 0.028681 0.033854
0 0.972246 0.254814 0.028681 0.033854
0 0.996279 0.335545 0.028681 0.033854
0 0.985059 0.472992 0.028681 0.033854
0 0.954619 0.503537 0.028681 0.033854
0 0.943398 0.540638 0.028681 0.033854
0 0.762344 0.490452 0.028681 0.033854
0 0.002871 0.898444 0.028681 0.033854