0 0.493080 0.917454 0.051215 0.051215
0 0.590308 0.918717 0.051215 0.051215
0 0.645862 0.883357 0.051215 0.051215
0 0.701417 0.832854 0.051215 0.051215
0 0.736766 0.786140 0.051215 0.051215
0 0.751920 0.726797 0.051215 0.051215
0 0.764548 0.676294 0.051215 0.051215
0 0.779702 0.614425 0.051215 0.051215
0 0.778439 0.558871 0.051215 0.051215
0 0.782228 0.509620 0.051215 0.051215
0 0.779702 0.454066 0.051215 0.051215
0 0.673645 0.673768 0.051215 0.051215
0 0.685000 0.639671 0.051215 0.051215
0 0.682474 0.606848 0.051215 0.051215
0 0.674897 0.568963 0.051215 0.051215
0 0.659754 0.529825 0.051215 0.051215
0 0.633234 0.500791 0.051215 0.051215
0 0.607988 0.467957 0.051215 0.051215
0 0.580205 0.432608 0.051215 0.051215
0 0.570103 0.393460 0.051215 0.051215
0 0.554949 0.359374 0.051215 0.051215
0 0.543593 0.326540 0.051215 0.051215
0 0.532228 0.277300 0.051215 0.051215
0 0.770862 0.407351 0.051215 0.051215
0 0.774651 0.360637 0.051215 0.051215
0 0.759497 0.315185 0.051215 0.051215
0 0.746869 0.269723 0.051215 0.051215
0 0.452680 0.277300 0.051215 0.051215
0 0.452680 0.320226 0.051215 0.051215
0 0.447628 0.356848 0.051215 0.051215
0 0.441314 0.394723 0.051215 0.051215
0 0.443840 0.428819 0.051215 0.051215
0 0.433737 0.474271 0.051215 0.051215
0 0.431211 0.509620 0.051215 0.051215
0 0.417331 0.551294 0.051215 0.051215
0 0.402177 0.584117 0.051215 0.051215
0 0.389548 0.618214 0.051215 0.051215
0 0.389548 0.654825 0.051215 0.051215
0 0.387023 0.687659 0.051215 0.051215
0 0.389548 0.728060 0.051215 0.051215
0 0.407228 0.752053 0.051215 0.051215
0 0.435000 0.898511 0.051215 0.051215
0 0.384497 0.864425 0.051215 0.051215
0 0.342834 0.835380 0.051215 0.051215
0 0.307474 0.786140 0.051215 0.051215
0 0.277177 0.733111 0.051215 0.051215
0 0.259497 0.685133 0.051215 0.051215
0 0.248131 0.628316 0.051215 0.051215
0 0.240554 0.580329 0.051215 0.051215
0 0.231725 0.534877 0.051215 0.051215
0 0.230462 0.483111 0.051215 0.051215
0 0.226674 0.443963 0.051215 0.051215
0 0.224148 0.394723 0.051215 0.051215
0 0.227936 0.346745 0.051215 0.051215
0 0.240554 0.298768 0.051215 0.051215
0 0.250154 0.256345 0.051215 0.051215
0 0.263789 0.213922 0.051215 0.051215
0 0.283491 0.166951 0.051215 0.051215
0 0.319856 0.141191 0.051215 0.051215
0 0.354322 0.117454 0.051215 0.051215
0 0.395739 0.124014 0.051215 0.051215
0 0.430585 0.156725 0.051215 0.051215
0 0.441571 0.191571 0.051215 0.051215
0 0.445862 0.235257 0.051215 0.051215
0 0.517957 0.239671 0.051215 0.051215
0 0.509117 0.202556 0.051215 0.051215
0 0.509117 0.154579 0.051215 0.051215
0 0.509117 0.121745 0.051215 0.051215
0 0.544097 0.086899 0.051215 0.051215
0 0.585257 0.077936 0.051215 0.051215
0 0.629199 0.082474 0.051215 0.051215
0 0.664045 0.114292 0.051215 0.051215
0 0.692834 0.144600 0.051215 0.051215
0 0.704949 0.183994 0.051215 0.051215
0 0.730708 0.232474 0.051215 0.051215