0 0.352977 0.433278 0.065972 0.071181
0 0.278729 0.486321 0.065972 0.071181
0 0.427224 0.377224 0.065972 0.071181
0 0.487826 0.302977 0.065972 0.071181
0 0.451472 0.210569 0.065972 0.071181
0 0.372676 0.177224 0.065972 0.071181
0 0.280268 0.195418 0.065972 0.071181
0 0.202977 0.262074 0.065972 0.071181
0 0.157525 0.336321 0.065972 0.071181
0 0.121171 0.425719 0.065972 0.071181
0 0.139331 0.537826 0.065972 0.071181
0 0.206020 0.549933 0.065972 0.071181
0 0.204482 0.609030 0.065972 0.071181
0 0.162074 0.649933 0.065972 0.071181
0 0.206020 0.727224 0.065972 0.071181
0 0.271171 0.792375 0.065972 0.071181
0 0.268127 0.677224 0.065972 0.071181
0 0.354482 0.734783 0.065972 0.071181
0 0.433278 0.759030 0.065972 0.071181
0 0.354482 0.821171 0.065972 0.071181
0 0.454482 0.834783 0.065972 0.071181
0 0.527224 0.748428 0.065972 0.071181
0 0.549933 0.822676 0.065972 0.071181
0 0.615117 0.716622 0.065972 0.071181
0 0.630268 0.784783 0.065972 0.071181
0 0.702977 0.675719 0.065972 0.071181
0 0.715117 0.749933 0.065972 0.071181
0 0.772676 0.681773 0.065972 0.071181
0 0.766622 0.619632 0.065972 0.071181
0 0.786321 0.574181 0.065972 0.071181
0 0.818127 0.545418 0.065972 0.071181
0 0.792375 0.475719 0.065972 0.071181
0 0.837826 0.442375 0.065972 0.071181
0 0.775719 0.395418 0.065972 0.071181
0 0.759030 0.307525 0.065972 0.071181
0 0.746923 0.189331 0.065972 0.071181
0 0.842375 0.256020 0.065972 0.071181
0 0.846923 0.345418 0.065972 0.071181