0 0.096125 0.462934 0.119281 0.076389
0 0.041725 0.519756 0.119281 0.076389
0 0.056425 0.576571 0.119281 0.076389
0 0.156417 0.611294 0.119281 0.076389
0 0.163767 0.542904 0.119281 0.076389
0 0.215233 0.466094 0.119281 0.076389
0 0.365217 0.440841 0.119281 0.076389
0 0.344633 0.475564 0.119281 0.076389
0 0.334333 0.528169 0.119281 0.076389
0 0.332867 0.601825 0.119281 0.076389
0 0.466675 0.600769 0.119281 0.076389
0 0.482850 0.536589 0.119281 0.076389
0 0.468150 0.466094 0.119281 0.076389
0 0.609308 0.461884 0.119281 0.076389
0 0.629892 0.519756 0.119281 0.076389
0 0.666067 0.582987 0.119281 0.076389
0 0.783117 0.520596 0.119281 0.076389
0 0.749733 0.452099 0.119281 0.076389
0 0.832667 0.598772 0.119281 0.076389
0 0.983825 0.589934 0.119281 0.076389
0 0.949567 0.530382 0.119281 0.076389
0 0.906633 0.460197 0.119281 0.076389