0 0.473171 0.112082 0.167484 0.162326
0 0.580774 0.168144 0.167484 0.162326
0 0.771320 0.218144 0.167484 0.162326
0 0.917026 0.283303 0.167484 0.162326
0 0.376783 0.293908 0.167484 0.162326
0 0.470926 0.369662 0.167484 0.162326
0 0.645781 0.392390 0.167484 0.162326
0 0.782519 0.446933 0.167484 0.162326
0 0.921502 0.469662 0.167484 0.162326
0 0.894613 0.628749 0.167484 0.162326
0 0.746662 0.616636 0.167484 0.162326
0 0.571806 0.534810 0.167484 0.162326
0 0.365569 0.543908 0.167484 0.162326
0 0.208649 0.484810 0.167484 0.162326
0 0.096571 0.649969 0.167484 0.162326
0 0.251244 0.693908 0.167484 0.162326
0 0.154856 0.796933 0.167484 0.162326
0 0.428331 0.859056 0.167484 0.162326
0 0.423854 0.690872 0.167484 0.162326
0 0.569560 0.674205 0.167484 0.162326
0 0.645781 0.768144 0.167484 0.162326
0 0.778042 0.787846 0.167484 0.162326
0 0.607663 0.906021 0.167484 0.162326