0 0.972667 0.964946 0.144608 0.126736
0 0.840987 0.970185 0.144608 0.126736
0 0.709307 0.967565 0.144608 0.126736
0 0.551947 0.957098 0.144608 0.126736
0 0.420267 0.962326 0.144608 0.126736
0 0.266107 0.978043 0.144608 0.126736
0 0.092680 0.959717 0.144608 0.126736
0 0.054133 0.834043 0.144608 0.126736
0 0.205080 0.841891 0.144608 0.126736
0 0.327133 0.847130 0.144608 0.126736
0 0.336760 0.695272 0.144608 0.126736
0 0.198667 0.713609 0.144608 0.126736
0 0.041293 0.703130 0.144608 0.126736
0 0.044507 0.580076 0.144608 0.126736
0 0.102307 0.446554 0.144608 0.126736
0 0.012387 0.451783 0.144608 0.126736
0 0.092680 0.305163 0.144608 0.126736
0 0.115160 0.153315 0.144608 0.126736
0 0.099107 0.030261 0.144608 0.126736
0 0.217933 0.072152 0.144608 0.126736
0 0.262893 0.184728 0.144608 0.126736
0 0.253253 0.326109 0.144608 0.126736
0 0.256467 0.451783 0.144608 0.126736
0 0.205080 0.566989 0.144608 0.126736
0 0.330333 0.574837 0.144608 0.126736
0 0.401000 0.457022 0.144608 0.126736
0 0.401000 0.313022 0.144608 0.126736
0 0.407413 0.174261 0.144608 0.126736
0 0.362453 0.053826 0.144608 0.126736
0 0.513400 0.048587 0.144608 0.126736
0 0.641867 0.059054 0.144608 0.126736
0 0.561573 0.171641 0.144608 0.126736
0 0.815293 0.053826 0.144608 0.126736
0 0.706107 0.184728 0.144608 0.126736
0 0.940547 0.056435 0.144608 0.126736
0 0.847413 0.208293 0.144608 0.126736
0 0.988720 0.182109 0.144608 0.126736
0 0.972667 0.305163 0.144608 0.126736
0 0.972667 0.422989 0.144608 0.126736
0 0.946973 0.559130 0.144608 0.126736
0 0.914853 0.700511 0.144608 0.126736
0 0.914853 0.823565 0.144608 0.126736
0 0.770333 0.852370 0.144608 0.126736
0 0.616173 0.841891 0.144608 0.126736
0 0.490920 0.831424 0.144608 0.126736
0 0.500560 0.710989 0.144608 0.126736
0 0.494133 0.569609 0.144608 0.126736
0 0.539093 0.443935 0.144608 0.126736
0 0.551947 0.328728 0.144608 0.126736
0 0.696467 0.315641 0.144608 0.126736
0 0.831360 0.328728 0.144608 0.126736
0 0.818507 0.457022 0.144608 0.126736
0 0.677200 0.454402 0.144608 0.126736
0 0.635440 0.587935 0.144608 0.126736
0 0.786387 0.574837 0.144608 0.126736
0 0.767120 0.726696 0.144608 0.126736
0 0.638653 0.726696 0.144608 0.126736