0 0.677818 0.602936 0.032680 0.019965
0 0.660164 0.588028 0.032680 0.019965
0 0.643964 0.596793 0.032680 0.019965
0 0.608655 0.613456 0.032680 0.019965
0 0.602764 0.638884 0.032680 0.019965
0 0.604236 0.660802 0.032680 0.019965
0 0.613073 0.686230 0.032680 0.019965
0 0.617491 0.706403 0.032680 0.019965
0 0.626309 0.727443 0.032680 0.019965
0 0.646909 0.779177 0.032680 0.019965
0 0.651327 0.802849 0.032680 0.019965
0 0.632200 0.626609 0.032680 0.019965
0 0.635145 0.648527 0.032680 0.019965
0 0.648382 0.668700 0.032680 0.019965
0 0.655745 0.694128 0.032680 0.019965
0 0.655745 0.717801 0.032680 0.019965
0 0.682218 0.724810 0.032680 0.019965
0 0.704291 0.710780 0.032680 0.019965
0 0.648382 0.740596 0.032680 0.019965
0 0.629255 0.759892 0.032680 0.019965
0 0.610127 0.780932 0.032680 0.019965
0 0.602764 0.806360 0.032680 0.019965
0 0.610127 0.823023 0.032680 0.019965
0 0.617491 0.844940 0.032680 0.019965
0 0.671927 0.763391 0.032680 0.019965
0 0.670455 0.742351 0.032680 0.019965
0 0.710182 0.618722 0.032680 0.019965
0 0.707236 0.639762 0.032680 0.019965
0 0.721964 0.658180 0.032680 0.019965
0 0.726364 0.680975 0.032680 0.019965
0 0.733727 0.702893 0.032680 0.019965
0 0.724891 0.726566 0.032680 0.019965
0 0.721964 0.751116 0.032680 0.019965
0 0.714600 0.768657 0.032680 0.019965
0 0.704291 0.787941 0.032680 0.019965
0 0.680764 0.808992 0.032680 0.019965
0 0.655745 0.830910 0.032680 0.019965
0 0.645436 0.854583 0.032680 0.019965
0 0.618945 0.873001 0.032680 0.019965
0 0.604236 0.889653 0.032680 0.019965
0 0.576273 0.910704 0.032680 0.019965
0 0.540964 0.921224 0.032680 0.019965
0 0.501236 0.925612 0.032680 0.019965
0 0.460036 0.920347 0.032680 0.019965
0 0.426182 0.900184 0.032680 0.019965
0 0.423255 0.877378 0.032680 0.019965
0 0.429127 0.855460 0.032680 0.019965
0 0.436491 0.836176 0.032680 0.019965
0 0.440909 0.814247 0.032680 0.019965
0 0.440909 0.789697 0.032680 0.019965
0 0.443855 0.763391 0.032680 0.019965
0 0.440909 0.742351 0.032680 0.019965
0 0.435018 0.721311 0.032680 0.019965
0 0.429127 0.696761 0.032680 0.019965
0 0.420309 0.671333 0.032680 0.019965
0 0.414418 0.651159 0.032680 0.019965
0 0.411473 0.629242 0.032680 0.019965
0 0.399709 0.594171 0.032680 0.019965
0 0.415891 0.575753 0.032680 0.019965
0 0.432073 0.552080 0.032680 0.019965
0 0.420309 0.538927 0.032680 0.019965
0 0.379109 0.535417 0.032680 0.019965
0 0.393818 0.526652 0.032680 0.019965
0 0.352618 0.527530 0.032680 0.019965
0 0.330545 0.545937 0.032680 0.019965
0 0.374691 0.556468 0.032680 0.019965
0 0.339382 0.567866 0.032680 0.019965
0 0.357036 0.579263 0.032680 0.019965
0 0.345255 0.602059 0.032680 0.019965
0 0.374691 0.615211 0.032680 0.019965
0 0.358509 0.634496 0.032680 0.019965
0 0.329073 0.650282 0.032680 0.019965
0 0.298182 0.669577 0.032680 0.019965
0 0.277564 0.688862 0.032680 0.019965
0 0.262855 0.714290 0.032680 0.019965
0 0.258436 0.737086 0.032680 0.019965
0 0.262855 0.759892 0.032680 0.019965
0 0.268745 0.784442 0.032680 0.019965
0 0.280509 0.808115 0.032680 0.019965
0 0.295236 0.829155 0.032680 0.019965
0 0.299636 0.851073 0.032680 0.019965
0 0.318782 0.873879 0.032680 0.019965
0 0.330545 0.896674 0.032680 0.019965
0 0.352618 0.917714 0.032680 0.019965
0 0.376164 0.936132 0.032680 0.019965
0 0.411473 0.954540 0.032680 0.019965
0 0.448255 0.961560 0.032680 0.019965
0 0.490927 0.965060 0.032680 0.019965
0 0.532145 0.964182 0.032680 0.019965
0 0.573345 0.960683 0.032680 0.019965
0 0.610127 0.951040 0.032680 0.019965
0 0.651327 0.937887 0.032680 0.019965
0 0.676345 0.920347 0.032680 0.019965
0 0.699891 0.900184 0.032680 0.019965
0 0.713127 0.879133 0.032680 0.019965
0 0.711655 0.855460 0.032680 0.019965
0 0.710182 0.833543 0.032680 0.019965
0 0.673400 0.847573 0.032680 0.019965
0 0.666036 0.871246 0.032680 0.019965
0 0.654273 0.894041 0.032680 0.019965
0 0.638091 0.910704 0.032680 0.019965
0 0.601291 0.927356 0.032680 0.019965
0 0.563036 0.937887 0.032680 0.019965
0 0.515945 0.943142 0.032680 0.019965
0 0.479164 0.945775 0.032680 0.019965
0 0.442382 0.938754 0.032680 0.019965
0 0.411473 0.923857 0.032680 0.019965
0 0.387927 0.906316 0.032680 0.019965
0 0.365855 0.880888 0.032680 0.019965
0 0.349673 0.855460 0.032680 0.019965
0 0.337909 0.834420 0.032680 0.019965
0 0.334964 0.812492 0.032680 0.019965
0 0.330545 0.787064 0.032680 0.019965
0 0.334964 0.763391 0.032680 0.019965
0 0.340855 0.741473 0.032680 0.019965
0 0.342309 0.718678 0.032680 0.019965
0 0.348200 0.696761 0.032680 0.019965
0 0.351145 0.671333 0.032680 0.019965
0 0.351145 0.650282 0.032680 0.019965
0 0.376164 0.638007 0.032680 0.019965
0 0.373218 0.659924 0.032680 0.019965
0 0.374691 0.682730 0.032680 0.019965
0 0.376164 0.707281 0.032680 0.019965
0 0.377636 0.730953 0.032680 0.019965
0 0.384982 0.755504 0.032680 0.019965
0 0.382055 0.779177 0.032680 0.019965
0 0.379109 0.801094 0.032680 0.019965
0 0.383527 0.826522 0.032680 0.019965
0 0.393818 0.849328 0.032680 0.019965
0 0.443855 0.886154 0.032680 0.019965
0 0.476218 0.902806 0.032680 0.019965
0 0.510073 0.910704 0.032680 0.019965
0 0.546855 0.909827 0.032680 0.019965
0 0.402655 0.868613 0.032680 0.019965
0 0.754327 0.631874 0.032680 0.019965
0 0.757273 0.654670 0.032680 0.019965
0 0.676345 0.784442 0.032680 0.019965
0 0.329073 0.621354 0.032680 0.019965