0 0.192033 0.246133 0.137153 0.140625
0 0.336033 0.145767 0.137153 0.140625
0 0.445100 0.257033 0.137153 0.140625
0 0.597833 0.263600 0.137153 0.140625
0 0.665467 0.161033 0.137153 0.140625
0 0.796400 0.261400 0.137153 0.140625
0 0.744033 0.363967 0.137153 0.140625
0 0.774567 0.514500 0.137153 0.140625
0 0.892400 0.555967 0.137153 0.140625
0 0.829100 0.721767 0.137153 0.140625
0 0.720033 0.673767 0.137153 0.140625
0 0.632767 0.551600 0.137153 0.140625
0 0.578200 0.409767 0.137153 0.140625
0 0.418933 0.418500 0.137153 0.140625
0 0.290200 0.370500 0.137153 0.140625
0 0.257467 0.507967 0.137153 0.140625
0 0.128767 0.547233 0.137153 0.140625
0 0.185467 0.710867 0.137153 0.140625
0 0.285833 0.669400 0.137153 0.140625
0 0.384033 0.562500 0.137153 0.140625
0 0.504033 0.651967 0.137153 0.140625
0 0.408033 0.767600 0.137153 0.140625
0 0.600033 0.769767 0.137153 0.140625
0 0.602200 0.894133 0.137153 0.140625
0 0.436400 0.891967 0.137153 0.140625