0 0.409028 0.130542 0.133681 0.159722
0 0.555999 0.121452 0.133681 0.159722
0 0.259028 0.221452 0.133681 0.159722
0 0.401452 0.253271 0.133681 0.159722
0 0.572665 0.251756 0.133681 0.159722
0 0.712060 0.186604 0.133681 0.159722
0 0.693876 0.321452 0.133681 0.159722
0 0.828727 0.309332 0.133681 0.159722
0 0.892361 0.445694 0.133681 0.159722
0 0.736300 0.453271 0.133681 0.159722
0 0.572665 0.398727 0.133681 0.159722
0 0.427209 0.388118 0.133681 0.159722
0 0.301452 0.391151 0.133681 0.159722
0 0.166604 0.377513 0.133681 0.159722
0 0.162060 0.521452 0.133681 0.159722
0 0.287817 0.544180 0.133681 0.159722
0 0.415089 0.539633 0.133681 0.159722
0 0.612060 0.536604 0.133681 0.159722
0 0.748423 0.603271 0.133681 0.159722
0 0.878727 0.621452 0.133681 0.159722
0 0.780241 0.760847 0.133681 0.159722
0 0.660542 0.688118 0.133681 0.159722
0 0.540847 0.619937 0.133681 0.159722
0 0.389332 0.682060 0.133681 0.159722
0 0.184785 0.653271 0.133681 0.159722
0 0.259028 0.744180 0.133681 0.159722
0 0.372665 0.830542 0.133681 0.159722
0 0.505999 0.872966 0.133681 0.159722
0 0.531756 0.748727 0.133681 0.159722
0 0.654484 0.824484 0.133681 0.159722