0 0.086837 0.348100 0.043145 0.046007
0 0.165875 0.454174 0.043145 0.046007
0 0.239838 0.416293 0.043145 0.046007
0 0.279350 0.418816 0.043145 0.046007
0 0.312787 0.398614 0.043145 0.046007
0 0.382713 0.396090 0.043145 0.046007
0 0.372575 0.407445 0.043145 0.046007
0 0.384738 0.345576 0.043145 0.046007
0 0.453638 0.343053 0.043145 0.046007
0 0.475925 0.416293 0.043145 0.046007
0 0.508350 0.367040 0.043145 0.046007
0 0.546850 0.351900 0.043145 0.046007
0 0.547875 0.377150 0.043145 0.046007
0 0.619813 0.348100 0.043145 0.046007
0 0.671488 0.364517 0.043145 0.046007
0 0.718100 0.330436 0.043145 0.046007
0 0.830563 0.312757 0.043145 0.046007