0 0.233588 0.315328 0.021991 0.020833
0 0.263975 0.320750 0.021991 0.020833
0 0.265050 0.287636 0.021991 0.020833
0 0.292538 0.284916 0.021991 0.020833
0 0.306650 0.283827 0.021991 0.020833
0 0.349325 0.311520 0.021991 0.020833
0 0.358000 0.281126 0.021991 0.020833
0 0.390187 0.283283 0.021991 0.020833
0 0.417675 0.288724 0.021991 0.020833
0 0.439375 0.301745 0.021991 0.020833
0 0.444075 0.284916 0.021991 0.020833
0 0.474100 0.276773 0.021991 0.020833
0 0.509175 0.280038 0.021991 0.020833
0 0.531238 0.281126 0.021991 0.020833
0 0.536662 0.305009 0.021991 0.020833
0 0.558000 0.269719 0.021991 0.020833
0 0.578250 0.284371 0.021991 0.020833
0 0.585125 0.284371 0.021991 0.020833
0 0.626350 0.289812 0.021991 0.020833
0 0.644437 0.270263 0.021991 0.020833
0 0.665412 0.282758 0.021991 0.020833
0 0.686750 0.269174 0.021991 0.020833
0 0.707000 0.281670 0.021991 0.020833
0 0.727975 0.271351 0.021991 0.020833
0 0.748600 0.272439 0.021991 0.020833