0 0.466250 0.762179 0.080065 0.046875
0 0.544575 0.762179 0.080065 0.046875
0 0.603992 0.718237 0.080065 0.046875
0 0.617500 0.677331 0.080065 0.046875
0 0.617500 0.630360 0.080065 0.046875
0 0.609392 0.589453 0.080065 0.046875
0 0.609392 0.551571 0.080065 0.046875
0 0.447350 0.534904 0.080065 0.046875
0 0.439250 0.587938 0.080065 0.046875
0 0.425742 0.624301 0.080065 0.046875
0 0.425742 0.671272 0.080065 0.046875
0 0.420342 0.718237 0.080065 0.046875
0 0.603992 0.503090 0.080065 0.046875
0 0.603992 0.463693 0.080065 0.046875
0 0.603992 0.430360 0.080065 0.046875
0 0.452750 0.495512 0.080065 0.046875
0 0.452750 0.453090 0.080065 0.046875
0 0.460850 0.413693 0.080065 0.046875
0 0.471658 0.383389 0.080065 0.046875
0 0.471658 0.356120 0.080065 0.046875
0 0.482458 0.313693 0.080065 0.046875
0 0.479758 0.271272 0.080065 0.046875
0 0.468958 0.237938 0.080065 0.046875
0 0.439250 0.190968 0.080065 0.046875
0 0.366325 0.166723 0.080065 0.046875
0 0.304208 0.157634 0.080065 0.046875
0 0.242092 0.166723 0.080065 0.046875
0 0.198875 0.200056 0.080065 0.046875
0 0.161067 0.231875 0.080065 0.046875
0 0.150267 0.266723 0.080065 0.046875
0 0.139458 0.343997 0.080065 0.046875
0 0.174575 0.372786 0.080065 0.046875
0 0.188075 0.407634 0.080065 0.046875
0 0.217783 0.437938 0.080065 0.046875
0 0.258292 0.463693 0.080065 0.046875
0 0.331217 0.490968 0.080065 0.046875
0 0.390633 0.507634 0.080065 0.046875
0 0.498667 0.512179 0.080065 0.046875
0 0.560783 0.516723 0.080065 0.046875
0 0.660708 0.507634 0.080065 0.046875
0 0.712025 0.497027 0.080065 0.046875
0 0.774142 0.475816 0.080065 0.046875
0 0.820050 0.447027 0.080065 0.046875
0 0.838958 0.407634 0.080065 0.046875
0 0.857867 0.375816 0.080065 0.046875
0 0.857867 0.333389 0.080065 0.046875
0 0.865967 0.295512 0.080065 0.046875
0 0.865967 0.268237 0.080065 0.046875
0 0.836258 0.234904 0.080065 0.046875
0 0.790342 0.195512 0.080065 0.046875
0 0.739033 0.184904 0.080065 0.046875
0 0.733625 0.225816 0.080065 0.046875
0 0.698517 0.262179 0.080065 0.046875
0 0.679617 0.306120 0.080065 0.046875
0 0.647208 0.337938 0.080065 0.046875
0 0.639100 0.371272 0.080065 0.046875
0 0.620200 0.393997 0.080065 0.046875
0 0.525667 0.422786 0.080065 0.046875
0 0.504067 0.475816 0.080065 0.046875
0 0.563483 0.462179 0.080065 0.046875
0 0.563483 0.389453 0.080065 0.046875
0 0.582383 0.360664 0.080065 0.046875
0 0.579683 0.328845 0.080065 0.046875
0 0.544575 0.292482 0.080065 0.046875
0 0.520267 0.256120 0.080065 0.046875
0 0.517567 0.224301 0.080065 0.046875
0 0.547275 0.193997 0.080065 0.046875
0 0.622900 0.184904 0.080065 0.046875
0 0.687717 0.198541 0.080065 0.046875
0 0.768742 0.263693 0.080065 0.046875
0 0.755233 0.304605 0.080065 0.046875
0 0.755233 0.336424 0.080065 0.046875
0 0.733625 0.372786 0.080065 0.046875
0 0.712025 0.404605 0.080065 0.046875
0 0.668808 0.443997 0.080065 0.046875
0 0.401433 0.469757 0.080065 0.046875
0 0.401433 0.431875 0.080065 0.046875
0 0.358225 0.443997 0.080065 0.046875
0 0.374425 0.400056 0.080065 0.046875
0 0.279900 0.416723 0.080065 0.046875
0 0.352825 0.369757 0.080065 0.046875
0 0.266400 0.386424 0.080065 0.046875
0 0.250192 0.357634 0.080065 0.046875
0 0.333917 0.327331 0.080065 0.046875
0 0.231292 0.321272 0.080065 0.046875
0 0.231292 0.286424 0.080065 0.046875
0 0.242092 0.260664 0.080065 0.046875
0 0.277200 0.212179 0.080065 0.046875
0 0.309608 0.190968 0.080065 0.046875
0 0.390633 0.218237 0.080065 0.046875
0 0.363625 0.266723 0.080065 0.046875
0 0.352825 0.297027 0.080065 0.046875
0 0.398733 0.140968 0.080065 0.046875
0 0.447350 0.116723 0.080065 0.046875
0 0.587792 0.093997 0.080065 0.046875
0 0.644500 0.093997 0.080065 0.046875
0 0.668808 0.112179 0.080065 0.046875
0 0.720125 0.127331 0.080065 0.046875
0 0.733625 0.153090 0.080065 0.046875
0 0.660708 0.153090 0.080065 0.046875
0 0.606692 0.150056 0.080065 0.046875
0 0.522967 0.150056 0.080065 0.046875
0 0.474358 0.166723 0.080065 0.046875