0 0.010239 0.485629 0.091797 0.126736
0 0.061541 0.555396 0.091797 0.126736
0 0.030760 0.662108 0.091797 0.126736
0 0.123104 0.685364 0.091797 0.126736
0 0.162093 0.559502 0.091797 0.126736
0 0.227757 0.673051 0.091797 0.126736
0 0.260591 0.555396 0.091797 0.126736
0 0.332414 0.663472 0.091797 0.126736
0 0.351909 0.504779 0.091797 0.126736
0 0.428860 0.615592 0.091797 0.126736
0 0.437068 0.474685 0.091797 0.126736
0 0.527359 0.559502 0.091797 0.126736
0 0.535570 0.389865 0.091797 0.126736
0 0.613548 0.476050 0.091797 0.126736
0 0.602261 0.292733 0.091797 0.126736
0 0.675110 0.192868 0.091797 0.126736
0 0.693578 0.391234 0.091797 0.126736
0 0.770530 0.279052 0.091797 0.126736
0 0.842353 0.180551 0.091797 0.126736
0 0.756167 0.110784 0.091797 0.126736
0 0.812598 0.019122 0.091797 0.126736
0 0.897760 0.053325 0.091797 0.126736