0 0.237520 0.099954 0.221405 0.144965
0 0.511414 0.096923 0.221405 0.144965
0 0.796709 0.107531 0.221405 0.144965
0 0.216987 0.283285 0.221405 0.144965
0 0.518262 0.292377 0.221405 0.144965
0 0.787578 0.286315 0.221405 0.144965
0 0.798992 0.456015 0.221405 0.144965
0 0.506848 0.465108 0.221405 0.144965
0 0.216987 0.459046 0.221405 0.144965
0 0.207856 0.668138 0.221405 0.144965
0 0.495435 0.665108 0.221405 0.144965
0 0.785295 0.662077 0.221405 0.144965
0 0.201692 0.864954 0.221405 0.144965
0 0.472607 0.869192 0.221405 0.144965
0 0.773882 0.857531 0.221405 0.144965