0 0.250705 0.774189 0.117188 0.119792
0 0.140105 0.637832 0.117188 0.119792
0 0.238589 0.565105 0.117188 0.119792
0 0.123442 0.448442 0.117188 0.119792
0 0.403737 0.619653 0.117188 0.119792
0 0.432526 0.759042 0.117188 0.119792
0 0.552221 0.809042 0.117188 0.119792
0 0.647684 0.719653 0.117188 0.119792
0 0.534042 0.680253 0.117188 0.119792
0 0.677979 0.612074 0.117188 0.119792
0 0.561316 0.557526 0.117188 0.119792
0 0.424947 0.486316 0.117188 0.119792
0 0.308284 0.424189 0.117188 0.119792
0 0.300705 0.277221 0.117188 0.119792
0 0.394653 0.339347 0.117188 0.119792
0 0.440105 0.204495 0.117188 0.119792
0 0.520411 0.318137 0.117188 0.119792
0 0.647684 0.246926 0.117188 0.119792
0 0.634042 0.401463 0.117188 0.119792
0 0.685558 0.502979 0.117188 0.119792
0 0.823442 0.380253 0.117188 0.119792
0 0.905253 0.549947 0.117188 0.119792