0 0.431382 0.201407 0.086777 0.102431
0 0.346206 0.206852 0.086777 0.102431
0 0.259559 0.206852 0.086777 0.102431
0 0.184500 0.254148 0.086777 0.102431
0 0.131059 0.301407 0.086777 0.102431
0 0.068971 0.346852 0.086777 0.102431
0 0.034324 0.412333 0.086777 0.102431
0 0.034324 0.477778 0.086777 0.102431
0 0.058882 0.561407 0.086777 0.102431
0 0.129618 0.630519 0.086777 0.102431
0 0.209029 0.679593 0.086777 0.102431
0 0.314441 0.685037 0.086777 0.102431
0 0.416941 0.646852 0.086777 0.102431
0 0.499265 0.603222 0.086777 0.102431
0 0.558441 0.534148 0.086777 0.102431
0 0.510794 0.466852 0.086777 0.102431
0 0.471824 0.401407 0.086777 0.102431
0 0.467500 0.330519 0.086777 0.102431
0 0.467500 0.286852 0.086777 0.102431
0 0.499265 0.226852 0.086777 0.102431
0 0.518029 0.186852 0.086777 0.102431
0 0.570000 0.141407 0.086777 0.102431
0 0.640735 0.154148 0.086777 0.102431
0 0.705735 0.148704 0.086777 0.102431
0 0.760588 0.161407 0.086777 0.102431
0 0.822676 0.186852 0.086777 0.102431
0 0.870324 0.208704 0.086777 0.102431
0 0.917971 0.226852 0.086777 0.102431
0 0.964176 0.252333 0.086777 0.102431
0 0.974265 0.303222 0.086777 0.102431
0 0.988706 0.363222 0.086777 0.102431
0 0.988706 0.410519 0.086777 0.102431
0 0.990147 0.465037 0.086777 0.102431
0 0.969941 0.537778 0.086777 0.102431
0 0.917971 0.592333 0.086777 0.102431
0 0.860206 0.628704 0.086777 0.102431
0 0.782235 0.623222 0.086777 0.102431
0 0.730265 0.603222 0.086777 0.102431
0 0.640735 0.588704 0.086777 0.102431
0 0.620529 0.466852 0.086777 0.102431
0 0.624853 0.374148 0.086777 0.102431
0 0.607529 0.312333 0.086777 0.102431
0 0.562794 0.275963 0.086777 0.102431