0 0.127428 0.144940 0.132523 0.190972
0 0.239744 0.187074 0.132523 0.190972
0 0.305623 0.300576 0.132523 0.190972
0 0.396326 0.439976 0.132523 0.190972
0 0.187907 0.559952 0.132523 0.190972
0 0.187907 0.751247 0.132523 0.190972
0 0.500000 0.522662 0.132523 0.190972
0 0.629585 0.433501 0.132523 0.190972
0 0.660911 0.631271 0.132523 0.190972
0 0.701949 0.851751 0.132523 0.190972
0 0.798051 0.598849 0.132523 0.190972
0 0.944377 0.790312 0.132523 0.190972
0 0.875911 0.966859 0.132523 0.190972
0 0.763387 0.424269 0.132523 0.190972
0 0.746214 0.262134 0.132523 0.190972
0 0.669760 0.175731 0.132523 0.190972
0 0.492332 0.102614 0.132523 0.190972
0 0.360911 0.077002 0.132523 0.190972
0 0.536390 0.008106 0.132523 0.190972
0 0.908962 0.101319 0.132523 0.190972
0 0.988019 0.153357 0.132523 0.190972
0 0.974521 0.266043 0.132523 0.190972
0 0.977540 0.412254 0.132523 0.190972