0 0.471883 0.407950 0.091146 0.102431
0 0.532167 0.411600 0.091146 0.102431
0 0.558967 0.485283 0.091146 0.102431
0 0.616200 0.426217 0.091146 0.102431
0 0.619233 0.365333 0.091146 0.102431
0 0.700833 0.411000 0.091146 0.102431
0 0.772083 0.391517 0.091146 0.102431
0 0.412217 0.440217 0.091146 0.102431
0 0.373250 0.420733 0.091146 0.102431
0 0.262417 0.295300 0.091146 0.102431
0 0.236233 0.257550 0.091146 0.102431
0 0.310533 0.305650 0.091146 0.102431
0 0.337317 0.256933 0.091146 0.102431
0 0.377500 0.289217 0.091146 0.102431
0 0.387250 0.334883 0.091146 0.102431
0 0.422567 0.226500 0.091146 0.102431
0 0.345233 0.160733 0.091146 0.102431
0 0.469450 0.152817 0.091146 0.102431
0 0.176567 0.445100 0.091146 0.102431
0 0.239900 0.423783 0.091146 0.102431
0 0.215533 0.485283 0.091146 0.102431
0 0.227717 0.349500 0.091146 0.102431
0 0.189967 0.328183 0.091146 0.102431
0 0.227717 0.593050 0.091146 0.102431
0 0.396983 0.574183 0.091146 0.102431
0 0.317833 0.519983 0.091146 0.102431
0 0.272767 0.521817 0.091146 0.102431
0 0.323917 0.413433 0.091146 0.102431
0 0.280083 0.389683 0.091146 0.102431
0 0.476150 0.528517 0.091146 0.102431
0 0.312350 0.618633 0.091146 0.102431
0 0.282517 0.594883 0.091146 0.102431
0 0.309917 0.689867 0.091146 0.102431
0 0.376900 0.623500 0.091146 0.102431
0 0.233800 0.545567 0.091146 0.102431
0 0.423167 0.655167 0.091146 0.102431
0 0.372633 0.731283 0.091146 0.102431
0 0.471883 0.692317 0.091146 0.102431
0 0.541917 0.669167 0.091146 0.102431
0 0.562000 0.744667 0.091146 0.102431
0 0.548000 0.705700 0.091146 0.102431
0 0.477967 0.731283 0.091146 0.102431
0 0.529733 0.583917 0.091146 0.102431
0 0.397600 0.490767 0.091146 0.102431
0 0.358017 0.499283 0.091146 0.102431
0 0.613150 0.558350 0.091146 0.102431
0 0.633250 0.627767 0.091146 0.102431
0 0.690483 0.516950 0.091146 0.102431
0 0.763550 0.498067 0.091146 0.102431
0 0.802517 0.526083 0.091146 0.102431
0 0.717267 0.607067 0.091146 0.102431
0 0.705700 0.677700 0.091146 0.102431
0 0.635067 0.694750 0.091146 0.102431
0 0.766600 0.600967 0.091146 0.102431
0 0.625333 0.471283 0.091146 0.102431
0 0.624717 0.266683 0.091146 0.102431
0 0.586967 0.312967 0.091146 0.102431
0 0.563833 0.253283 0.091146 0.102431
0 0.568700 0.185700 0.091146 0.102431
0 0.509633 0.112633 0.091146 0.102431
0 0.549217 0.151600 0.091146 0.102431
0 0.507200 0.237450 0.091146 0.102431
0 0.717883 0.305050 0.091146 0.102431
0 0.670383 0.275817 0.091146 0.102431
0 0.686217 0.242933 0.091146 0.102431
0 0.728233 0.247800 0.091146 0.102431
0 0.815917 0.402467 0.091146 0.102431
0 0.745900 0.337317 0.091146 0.102431
0 0.683783 0.339750 0.091146 0.102431
0 0.518767 0.306267 0.091146 0.102431
0 0.456667 0.323917 0.091146 0.102431
0 0.438400 0.194217 0.091146 0.102431