0 0.637925 0.838562 0.180285 0.207465
0 0.440575 0.832007 0.180285 0.207465
0 0.243225 0.808027 0.180285 0.207465
0 0.398175 0.605117 0.180285 0.207465
0 0.161700 0.616020 0.180285 0.207465
0 0.140500 0.476388 0.180285 0.207465
0 0.155175 0.299666 0.180285 0.207465
0 0.357400 0.229833 0.180285 0.207465
0 0.308475 0.434916 0.180285 0.207465
0 0.427525 0.369465 0.180285 0.207465
0 0.528650 0.578930 0.180285 0.207465
0 0.621600 0.428395 0.180285 0.207465
0 0.548225 0.290936 0.180285 0.207465
0 0.515600 0.140368 0.180285 0.207465
0 0.670525 0.170936 0.180285 0.207465
0 0.846675 0.201472 0.180285 0.207465
0 0.729250 0.347659 0.180285 0.207465
0 0.874400 0.415284 0.180285 0.207465
0 0.884175 0.607291 0.180285 0.207465
0 0.706425 0.613846 0.180285 0.207465
0 0.805900 0.810201 0.180285 0.207465