0 0.643535 0.645494 0.099673 0.046007
0 0.698092 0.610421 0.099673 0.046007
0 0.716280 0.560005 0.099673 0.046007
0 0.716280 0.515435 0.099673 0.046007
0 0.695499 0.465747 0.099673 0.046007
0 0.668221 0.422636 0.099673 0.046007
0 0.544815 0.302074 0.099673 0.046007
0 0.608462 0.337876 0.099673 0.046007
0 0.647432 0.378066 0.099673 0.046007
0 0.405821 0.310113 0.099673 0.046007
0 0.356457 0.347378 0.099673 0.046007
0 0.348663 0.393410 0.099673 0.046007
0 0.338269 0.438714 0.099673 0.046007
0 0.314887 0.482554 0.099673 0.046007
0 0.314887 0.530779 0.099673 0.046007
0 0.340870 0.576082 0.099673 0.046007