0 0.318950 0.520216 0.055556 0.078125
0 0.337403 0.470617 0.055556 0.078125
0 0.328636 0.423452 0.055556 0.078125
0 0.365314 0.355974 0.055556 0.078125
0 0.363355 0.407413 0.055556 0.078125
0 0.422760 0.400725 0.055556 0.078125
0 0.389426 0.451472 0.055556 0.078125
0 0.428063 0.475465 0.055556 0.078125
0 0.440747 0.508799 0.055556 0.078125
0 0.427370 0.538214 0.055556 0.078125
0 0.366699 0.511569 0.055556 0.078125
0 0.400725 0.588961 0.055556 0.078125
0 0.350671 0.571548 0.055556 0.078125
0 0.369351 0.614340 0.055556 0.078125
0 0.387348 0.636364 0.055556 0.078125
0 0.451472 0.643052 0.055556 0.078125
0 0.484805 0.678344 0.055556 0.078125
0 0.497500 0.653669 0.055556 0.078125
0 0.560931 0.670390 0.055556 0.078125
0 0.500844 0.623680 0.055556 0.078125
0 0.454816 0.595649 0.055556 0.078125
0 0.510877 0.569578 0.055556 0.078125
0 0.568203 0.563582 0.055556 0.078125
0 0.600952 0.610996 0.055556 0.078125
0 0.618950 0.634286 0.055556 0.078125
0 0.660357 0.587002 0.055556 0.078125
0 0.678344 0.542944 0.055556 0.078125
0 0.651017 0.513528 0.055556 0.078125
0 0.673041 0.453431 0.055556 0.078125
0 0.703030 0.474773 0.055556 0.078125
0 0.640281 0.474199 0.055556 0.078125
0 0.594264 0.483539 0.055556 0.078125
0 0.615032 0.446742 0.055556 0.078125
0 0.562197 0.458160 0.055556 0.078125
0 0.541558 0.436710 0.055556 0.078125
0 0.522868 0.482154 0.055556 0.078125
0 0.490119 0.510877 0.055556 0.078125
0 0.483420 0.426104 0.055556 0.078125
0 0.454123 0.386656 0.055556 0.078125
0 0.453431 0.346634 0.055556 0.078125
0 0.402684 0.333939 0.055556 0.078125
0 0.442706 0.312608 0.055556 0.078125
0 0.512835 0.333247 0.055556 0.078125
0 0.471429 0.344665 0.055556 0.078125
0 0.540173 0.330022 0.055556 0.078125
0 0.572240 0.345357 0.055556 0.078125
0 0.616991 0.349286 0.055556 0.078125
0 0.650325 0.366699 0.055556 0.078125
0 0.636364 0.394729 0.055556 0.078125
0 0.604297 0.414794 0.055556 0.078125
0 0.550206 0.390000 0.055556 0.078125
0 0.498193 0.376732 0.055556 0.078125