0 0.844549 0.450534 0.070278 0.117188
0 0.082747 0.086107 0.070278 0.117188
0 0.029142 0.246985 0.070278 0.117188
0 0.019936 0.376565 0.070278 0.117188
0 0.076888 0.299122 0.070278 0.117188
0 0.064313 0.351260 0.070278 0.117188
0 0.085258 0.397443 0.070278 0.117188
0 0.066824 0.541908 0.070278 0.117188
0 0.027468 0.602977 0.070278 0.117188
0 0.054270 0.673015 0.070278 0.117188
0 0.122940 0.677481 0.070278 0.117188
0 0.115408 0.738550 0.070278 0.117188
0 0.254442 0.878588 0.070278 0.117188
0 0.043369 0.991794 0.070278 0.117188
0 0.244378 0.987328 0.070278 0.117188
0 0.198326 0.719198 0.070278 0.117188
0 0.169013 0.661107 0.070278 0.117188
0 0.177382 0.598511 0.070278 0.117188
0 0.147232 0.540420 0.070278 0.117188
0 0.110386 0.532977 0.070278 0.117188
0 0.147232 0.446603 0.070278 0.117188
0 0.113734 0.443588 0.070278 0.117188
0 0.219249 0.431679 0.070278 0.117188
0 0.234335 0.507672 0.070278 0.117188
0 0.290451 0.561298 0.070278 0.117188
0 0.240193 0.614924 0.070278 0.117188
0 0.266996 0.710267 0.070278 0.117188
0 0.110386 0.238053 0.070278 0.117188
0 0.165665 0.169504 0.070278 0.117188
0 0.156438 0.299122 0.070278 0.117188
0 0.198326 0.305076 0.070278 0.117188
0 0.220086 0.236527 0.070278 0.117188
0 0.210043 0.010115 0.070278 0.117188
0 0.225966 0.100992 0.070278 0.117188
0 0.262811 0.160573 0.070278 0.117188
0 0.325622 0.109924 0.070278 0.117188
0 0.306352 0.029504 0.070278 0.117188
0 0.366652 0.066718 0.070278 0.117188
0 0.367489 0.145687 0.070278 0.117188
0 0.297983 0.261870 0.070278 0.117188
0 0.304678 0.197824 0.070278 0.117188
0 0.252768 0.309542 0.070278 0.117188
0 0.303004 0.425725 0.070278 0.117188
0 0.335665 0.321450 0.070278 0.117188
0 0.397639 0.363168 0.070278 0.117188
0 0.388433 0.236527 0.070278 0.117188
0 0.318927 0.485305 0.070278 0.117188
0 0.380901 0.442099 0.070278 0.117188
0 0.309700 0.647672 0.070278 0.117188
0 0.327296 0.710267 0.070278 0.117188
0 0.313069 0.775802 0.070278 0.117188
0 0.352425 0.778779 0.070278 0.117188
0 0.390944 0.735573 0.070278 0.117188
0 0.385086 0.647672 0.070278 0.117188
0 0.396803 0.555344 0.070278 0.117188
0 0.452082 0.449580 0.070278 0.117188
0 0.454592 0.573206 0.070278 0.117188
0 0.482232 0.501718 0.070278 0.117188
0 0.479721 0.287176 0.070278 0.117188
0 0.464657 0.212710 0.070278 0.117188
0 0.438691 0.123321 0.070278 0.117188
0 0.412725 0.066718 0.070278 0.117188
0 0.406030 0.838359 0.070278 0.117188
0 0.331481 0.896450 0.070278 0.117188
0 0.461309 0.842824 0.070278 0.117188
0 0.473863 0.984351 0.070278 0.117188
0 0.583584 0.984351 0.070278 0.117188
0 0.656438 0.975420 0.070278 0.117188
0 0.643884 0.816031 0.070278 0.117188
0 0.596137 0.726641 0.070278 0.117188
0 0.519099 0.740038 0.070278 0.117188
0 0.453755 0.735573 0.070278 0.117188
0 0.483906 0.655115 0.070278 0.117188
0 0.519099 0.535954 0.070278 0.117188
0 0.573519 0.598511 0.070278 0.117188
0 0.636352 0.558321 0.070278 0.117188
0 0.576052 0.518092 0.070278 0.117188
0 0.554270 0.433168 0.070278 0.117188
0 0.506524 0.392939 0.070278 0.117188
0 0.739356 0.905382 0.070278 0.117188
0 0.789614 0.757901 0.070278 0.117188
0 0.920258 0.784733 0.070278 0.117188
0 0.813069 0.692366 0.070278 0.117188
0 0.723455 0.714733 0.070278 0.117188
0 0.684077 0.611947 0.070278 0.117188
0 0.643884 0.707252 0.070278 0.117188
0 0.866652 0.524046 0.070278 0.117188
0 0.785429 0.527023 0.070278 0.117188
0 0.761974 0.452557 0.070278 0.117188
0 0.755279 0.375076 0.070278 0.117188
0 0.685751 0.513626 0.070278 0.117188
0 0.634678 0.474885 0.070278 0.117188
0 0.586094 0.370611 0.070278 0.117188
0 0.665665 0.418282 0.070278 0.117188
0 0.701674 0.375076 0.070278 0.117188
0 0.626288 0.322939 0.070278 0.117188
0 0.662296 0.276756 0.070278 0.117188
0 0.740129 0.205725 0.070278 0.117188
0 0.821438 0.181412 0.070278 0.117188
0 0.826459 0.255916 0.070278 0.117188
0 0.863305 0.322939 0.070278 0.117188
0 0.792961 0.325916 0.070278 0.117188
0 0.591953 0.257405 0.070278 0.117188
0 0.535837 0.241031 0.070278 0.117188
0 0.599485 0.182901 0.070278 0.117188
0 0.688262 0.200802 0.070278 0.117188
0 0.669013 0.154618 0.070278 0.117188
0 0.661459 0.108435 0.070278 0.117188
0 0.506524 0.108435 0.070278 0.117188
0 0.564313 0.078626 0.070278 0.117188
0 0.466330 0.041412 0.070278 0.117188
0 0.619592 0.032481 0.070278 0.117188
0 0.570172 0.017557 0.070278 0.117188
0 0.579399 0.120344 0.070278 0.117188
0 0.768670 0.078626 0.070278 0.117188
0 0.807189 0.114389 0.070278 0.117188
0 0.732661 0.016069 0.070278 0.117188
0 0.882575 0.020534 0.070278 0.117188