0 0.507546 0.301455 0.050347 0.244792
0 0.229985 0.346905 0.050347 0.244792
0 0.288523 0.404480 0.050347 0.244792
0 0.356146 0.436305 0.050347 0.244792
0 0.458092 0.443880 0.050347 0.244792
0 0.572146 0.442367 0.050347 0.244792
0 0.642800 0.401455 0.050347 0.244792
0 0.714462 0.359030 0.050347 0.244792
0 0.760885 0.284792 0.050347 0.244792
0 0.638762 0.215092 0.050347 0.244792
0 0.553977 0.168118 0.050347 0.244792
0 0.451023 0.187818 0.050347 0.244792
0 0.379362 0.224180 0.050347 0.244792
0 0.298615 0.224180 0.050347 0.244792