0 0.730760 0.756743 0.063175 0.068576
0 0.643680 0.753716 0.063175 0.068576
0 0.574000 0.749165 0.063175 0.068576
0 0.531900 0.634008 0.063175 0.068576
0 0.401280 0.621900 0.063175 0.068576
0 0.460780 0.477954 0.063175 0.068576
0 0.530460 0.443111 0.063175 0.068576
0 0.453520 0.417349 0.063175 0.068576
0 0.389660 0.414322 0.063175 0.068576
0 0.408540 0.352192 0.063175 0.068576
0 0.312740 0.421900 0.063175 0.068576
0 0.350460 0.494614 0.063175 0.068576
0 0.231440 0.427954 0.063175 0.068576
0 0.148700 0.458267 0.063175 0.068576
0 0.160320 0.373403 0.063175 0.068576
0 0.182100 0.311294 0.063175 0.068576
0 0.241600 0.274927 0.063175 0.068576
0 0.225640 0.214322 0.063175 0.068576
0 0.174840 0.176451 0.063175 0.068576
0 0.285160 0.217349 0.063175 0.068576
0 0.607380 0.420376 0.063175 0.068576
0 0.585620 0.349165 0.063175 0.068576
0 0.764160 0.511294 0.063175 0.068576
0 0.842540 0.485532 0.063175 0.068576
0 0.711900 0.415825 0.063175 0.068576
0 0.672700 0.470376 0.063175 0.068576
0 0.774320 0.396138 0.063175 0.068576
0 0.730760 0.341587 0.063175 0.068576
0 0.665440 0.303716 0.063175 0.068576
0 0.778660 0.268873 0.063175 0.068576
0 0.830920 0.262797 0.063175 0.068576
0 0.888980 0.234008 0.063175 0.068576
0 0.922360 0.296138 0.063175 0.068576
0 0.859960 0.384008 0.063175 0.068576
0 0.826560 0.330981 0.063175 0.068576
0 0.742380 0.187056 0.063175 0.068576
0 0.684320 0.217349 0.063175 0.068576
0 0.600140 0.291587 0.063175 0.068576
0 0.595780 0.227954 0.063175 0.068576
0 0.633520 0.159770 0.063175 0.068576
0 0.691580 0.109770 0.063175 0.068576
0 0.559480 0.159770 0.063175 0.068576
0 0.499980 0.243111 0.063175 0.068576
0 0.542060 0.306743 0.063175 0.068576
0 0.475300 0.306743 0.063175 0.068576
0 0.360640 0.306743 0.063175 0.068576
0 0.301120 0.326451 0.063175 0.068576
0 0.351920 0.218873 0.063175 0.068576
0 0.325800 0.168873 0.063175 0.068576
0 0.238700 0.146138 0.063175 0.068576
0 0.379500 0.114322 0.063175 0.068576
0 0.396920 0.171900 0.063175 0.068576
0 0.414340 0.235532 0.063175 0.068576
0 0.498520 0.179478 0.063175 0.068576
0 0.470940 0.127954 0.063175 0.068576
0 0.523200 0.097662 0.063175 0.068576
0 0.624800 0.058267 0.063175 0.068576
0 0.539160 0.030981 0.063175 0.068576
0 0.449180 0.049165 0.063175 0.068576