0 0.441032 0.831389 0.040799 0.043403
0 0.398929 0.856627 0.040799 0.043403
0 0.349484 0.856627 0.040799 0.043403
0 0.297937 0.846111 0.040799 0.043403
0 0.262143 0.817698 0.040799 0.043403
0 0.242143 0.770357 0.040799 0.043403
0 0.232698 0.730357 0.040799 0.043403
0 0.231627 0.683016 0.040799 0.043403
0 0.241111 0.635675 0.040799 0.043403
0 0.256865 0.599881 0.040799 0.043403
0 0.282143 0.563056 0.040799 0.043403
0 0.313690 0.529405 0.040799 0.043403
0 0.352619 0.510476 0.040799 0.043403
0 0.397897 0.503095 0.040799 0.043403
0 0.438929 0.509405 0.040799 0.043403
0 0.429444 0.551508 0.040799 0.043403
0 0.371587 0.546230 0.040799 0.043403
0 0.336865 0.568333 0.040799 0.043403
0 0.330556 0.614643 0.040799 0.043403
0 0.365278 0.639881 0.040799 0.043403
0 0.404206 0.658810 0.040799 0.043403
0 0.445238 0.687222 0.040799 0.043403
0 0.466270 0.729325 0.040799 0.043403
0 0.463095 0.570437 0.040799 0.043403
0 0.480992 0.526230 0.040799 0.043403
0 0.515714 0.555714 0.040799 0.043403
0 0.493611 0.601984 0.040799 0.043403
0 0.542024 0.589365 0.040799 0.043403
0 0.528333 0.630397 0.040799 0.043403
0 0.582024 0.607262 0.040799 0.043403
0 0.565159 0.658810 0.040799 0.043403
0 0.620952 0.633571 0.040799 0.043403
0 0.611468 0.680913 0.040799 0.043403
0 0.665119 0.654603 0.040799 0.043403
0 0.715635 0.668294 0.040799 0.043403
0 0.641984 0.715635 0.040799 0.043403
0 0.652500 0.765079 0.040799 0.043403
0 0.683016 0.802976 0.040799 0.043403
0 0.709325 0.840833 0.040799 0.043403
0 0.756667 0.657778 0.040799 0.043403
0 0.778770 0.623056 0.040799 0.043403
0 0.766151 0.575714 0.040799 0.043403
0 0.754563 0.540992 0.040799 0.043403
0 0.709325 0.562024 0.040799 0.043403
0 0.660913 0.560952 0.040799 0.043403
0 0.623056 0.550437 0.040799 0.043403
0 0.586230 0.530437 0.040799 0.043403
0 0.549405 0.499921 0.040799 0.043403
0 0.526230 0.480992 0.040799 0.043403
0 0.493611 0.445238 0.040799 0.043403
0 0.471548 0.413651 0.040799 0.043403
0 0.754563 0.868214 0.040799 0.043403
0 0.804008 0.866111 0.040799 0.043403
0 0.833492 0.827183 0.040799 0.043403
0 0.854524 0.789286 0.040799 0.043403
0 0.880833 0.751429 0.040799 0.043403
0 0.908175 0.711429 0.040799 0.043403
0 0.928175 0.676706 0.040799 0.043403
0 0.943968 0.637778 0.040799 0.043403
0 0.950278 0.599881 0.040799 0.043403
0 0.956587 0.562024 0.040799 0.043403
0 0.781825 0.524127 0.040799 0.043403
0 0.792063 0.494167 0.040799 0.043403
0 0.784048 0.459087 0.040799 0.043403
0 0.763651 0.421825 0.040799 0.043403
0 0.739444 0.393333 0.040799 0.043403
0 0.714683 0.361190 0.040799 0.043403
0 0.689048 0.334167 0.040799 0.043403
0 0.665000 0.310040 0.040799 0.043403
0 0.636508 0.279365 0.040799 0.043403
0 0.593413 0.266905 0.040799 0.043403
0 0.551032 0.261825 0.040799 0.043403
0 0.514405 0.285913 0.040799 0.043403
0 0.505714 0.313690 0.040799 0.043403
0 0.506389 0.353889 0.040799 0.043403
0 0.518056 0.387500 0.040799 0.043403
0 0.537063 0.422579 0.040799 0.043403
0 0.569286 0.447421 0.040799 0.043403
0 0.607222 0.475913 0.040799 0.043403
0 0.691310 0.524841 0.040799 0.043403
0 0.941190 0.470794 0.040799 0.043403
0 0.920675 0.438651 0.040799 0.043403
0 0.898016 0.402103 0.040799 0.043403
0 0.871706 0.371429 0.040799 0.043403
0 0.834444 0.346587 0.040799 0.043403
0 0.806032 0.323175 0.040799 0.043403
0 0.770238 0.296151 0.040799 0.043403
0 0.742460 0.267659 0.040799 0.043403
0 0.714683 0.249405 0.040799 0.043403
0 0.686905 0.227460 0.040799 0.043403
0 0.653254 0.208452 0.040799 0.043403
0 0.618254 0.188730 0.040799 0.043403
0 0.588294 0.171190 0.040799 0.043403
0 0.555397 0.160238 0.040799 0.043403
0 0.524722 0.145635 0.040799 0.043403
0 0.486706 0.131746 0.040799 0.043403
0 0.447262 0.120794 0.040799 0.043403
0 0.410000 0.120040 0.040799 0.043403
0 0.374206 0.128810 0.040799 0.043403
0 0.337659 0.137579 0.040799 0.043403
0 0.308413 0.160238 0.040799 0.043403
0 0.305516 0.193849 0.040799 0.043403
0 0.320833 0.224563 0.040799 0.043403
0 0.342778 0.247937 0.040799 0.043403
0 0.365437 0.272778 0.040799 0.043403
0 0.397579 0.299087 0.040799 0.043403
0 0.424603 0.321706 0.040799 0.043403