0 0.557637 0.183344 0.066993 0.060764
0 0.609095 0.178981 0.066993 0.060764
0 0.660553 0.176803 0.066993 0.060764
0 0.712928 0.173169 0.066993 0.060764
0 0.763469 0.184069 0.066993 0.060764
0 0.812169 0.194972 0.066993 0.060764
0 0.846168 0.205147 0.066993 0.060764
0 0.868218 0.217503 0.066993 0.060764
0 0.885678 0.236397 0.066993 0.060764
0 0.899463 0.256747 0.066993 0.060764
0 0.915081 0.274916 0.066993 0.060764
0 0.907732 0.295994 0.066993 0.060764
0 0.904974 0.318522 0.066993 0.060764
0 0.894868 0.342506 0.066993 0.060764
0 0.880166 0.366491 0.066993 0.060764
0 0.861786 0.392653 0.066993 0.060764
0 0.848005 0.420272 0.066993 0.060764
0 0.839735 0.458066 0.066993 0.060764
0 0.775413 0.361403 0.066993 0.060764
0 0.704658 0.357769 0.066993 0.060764
0 0.621043 0.341781 0.066993 0.060764
0 0.554883 0.319978 0.066993 0.060764
0 0.502505 0.301806 0.066993 0.060764
0 0.462995 0.297447 0.066993 0.060764
0 0.433591 0.288000 0.066993 0.060764
0 0.411537 0.277825 0.066993 0.060764
0 0.420727 0.256022 0.066993 0.060764
0 0.426239 0.234219 0.066993 0.060764
0 0.451968 0.223316 0.066993 0.060764
0 0.475859 0.208053 0.066993 0.060764
0 0.514453 0.194244 0.066993 0.060764
0 0.542936 0.285091 0.066993 0.060764
0 0.554883 0.263287 0.066993 0.060764
0 0.574180 0.245119 0.066993 0.060764
0 0.610016 0.234219 0.066993 0.060764
0 0.661474 0.221862 0.066993 0.060764
0 0.722118 0.224044 0.066993 0.060764
0 0.786440 0.231309 0.066993 0.060764
0 0.826871 0.241484 0.066993 0.060764
0 0.845247 0.256747 0.066993 0.060764
0 0.856274 0.280731 0.066993 0.060764
0 0.848925 0.308350 0.066993 0.060764
0 0.821355 0.333059 0.066993 0.060764
0 0.542019 0.367944 0.066993 0.060764
0 0.536503 0.403556 0.066993 0.060764
0 0.505263 0.430447 0.066993 0.060764
0 0.453805 0.462425 0.066993 0.060764
0 0.385808 0.489316 0.066993 0.060764
0 0.317811 0.517659 0.066993 0.060764
0 0.253489 0.543825 0.066993 0.060764
0 0.855725 0.549128 0.066993 0.060764
0 0.201391 0.573113 0.066993 0.060764
0 0.152872 0.607997 0.066993 0.060764
0 0.127511 0.648116 0.066993 0.060764
0 0.135231 0.691722 0.066993 0.060764
0 0.172722 0.737072 0.066993 0.060764
0 0.245496 0.771088 0.066993 0.060764
0 0.332608 0.796378 0.066993 0.060764
0 0.437357 0.810331 0.066993 0.060764
0 0.543212 0.805100 0.066993 0.060764
0 0.644658 0.784169 0.066993 0.060764
0 0.716606 0.754953 0.066993 0.060764
0 0.775322 0.717597 0.066993 0.060764
0 0.811067 0.670138 0.066993 0.060764
0 0.852047 0.593753 0.066993 0.060764
0 0.831833 0.633725 0.066993 0.060764
0 0.841296 0.504141 0.066993 0.060764