0 0.090935 0.374806 0.124118 0.293403
0 0.105515 0.579211 0.124118 0.293403
0 0.187848 0.347903 0.124118 0.293403
0 0.274468 0.369423 0.124118 0.293403
0 0.217008 0.550518 0.124118 0.293403
0 0.537763 0.396313 0.124118 0.293403
0 0.605515 0.184735 0.124118 0.293403
0 0.656113 0.405277 0.124118 0.293403
0 0.747025 0.136325 0.124118 0.293403
0 0.749577 0.337102 0.124118 0.293403
0 0.864518 0.208045 0.124118 0.293403
0 0.859375 0.457279 0.124118 0.293403
0 0.753025 0.631201 0.124118 0.293403
0 0.610659 0.616867 0.124118 0.293403