0 0.248154 0.184893 0.070405 0.094618
0 0.244897 0.260643 0.070405 0.094618
0 0.177462 0.283393 0.070405 0.094618
0 0.224231 0.350036 0.070405 0.094618
0 0.166564 0.383393 0.070405 0.094618
0 0.282974 0.340964 0.070405 0.094618
0 0.334103 0.315179 0.070405 0.094618
0 0.305821 0.227321 0.070405 0.094618
0 0.368897 0.227321 0.070405 0.094618
0 0.426564 0.277321 0.070405 0.094618
0 0.467897 0.216714 0.070405 0.094618
0 0.499436 0.289429 0.070405 0.094618
0 0.449410 0.371250 0.070405 0.094618
0 0.395000 0.360643 0.070405 0.094618
0 0.322128 0.389429 0.070405 0.094618
0 0.272103 0.416714 0.070405 0.094618
0 0.219872 0.478821 0.070405 0.094618
0 0.247077 0.554571 0.070405 0.094618
0 0.282974 0.483393 0.070405 0.094618
0 0.354769 0.463679 0.070405 0.094618
0 0.348231 0.540964 0.070405 0.094618
0 0.311256 0.618214 0.070405 0.094618
0 0.352590 0.677321 0.070405 0.094618
0 0.391744 0.598536 0.070405 0.094618
0 0.422205 0.662179 0.070405 0.094618
0 0.442872 0.587929 0.070405 0.094618
0 0.410231 0.516714 0.070405 0.094618
0 0.430897 0.434893 0.070405 0.094618
0 0.490744 0.459143 0.070405 0.094618
0 0.508154 0.368214 0.070405 0.094618
0 0.548385 0.436393 0.070405 0.094618
0 0.620179 0.424286 0.070405 0.094618
0 0.591897 0.359143 0.070405 0.094618
0 0.570154 0.272786 0.070405 0.094618
0 0.548385 0.204571 0.070405 0.094618
0 0.508154 0.148536 0.070405 0.094618
0 0.569051 0.134893 0.070405 0.094618
0 0.627795 0.134893 0.070405 0.094618
0 0.620179 0.225786 0.070405 0.094618
0 0.635410 0.316714 0.070405 0.094618
0 0.684359 0.277321 0.070405 0.094618
0 0.690897 0.198536 0.070405 0.094618
0 0.748538 0.234893 0.070405 0.094618
0 0.732231 0.330357 0.070405 0.094618
0 0.721359 0.424286 0.070405 0.094618
0 0.664795 0.381857 0.070405 0.094618
0 0.676744 0.477321 0.070405 0.094618
0 0.621282 0.498536 0.070405 0.094618
0 0.534256 0.510643 0.070405 0.094618
0 0.477692 0.539429 0.070405 0.094618
0 0.487487 0.628821 0.070405 0.094618
0 0.404795 0.754571 0.070405 0.094618
0 0.464846 0.807179 0.070405 0.094618
0 0.482026 0.726393 0.070405 0.094618
0 0.529026 0.693679 0.070405 0.094618
0 0.540026 0.608536 0.070405 0.094618
0 0.590154 0.578071 0.070405 0.094618
0 0.646513 0.597607 0.070405 0.094618
0 0.594846 0.678393 0.070405 0.094618
0 0.560359 0.739429 0.070405 0.094618
0 0.529026 0.796250 0.070405 0.094618