0 0.214547 0.561441 0.136305 0.205729
0 0.052073 0.585685 0.136305 0.205729
0 0.342040 0.464476 0.136305 0.205729
0 0.454867 0.479624 0.136305 0.205729
0 0.559800 0.538720 0.136305 0.205729
0 0.696320 0.479624 0.136305 0.205729
0 0.946800 0.438720 0.136305 0.205729
0 0.820433 0.520537 0.136305 0.205729
0 0.685040 0.628111 0.136305 0.205729
0 0.495487 0.720537 0.136305 0.205729
0 0.355580 0.622050 0.136305 0.205729
0 0.114127 0.770537 0.136305 0.205729
0 0.255167 0.834172 0.136305 0.205729
0 0.269833 0.688720 0.136305 0.205729
0 0.334147 0.728111 0.136305 0.205729
0 0.343167 0.826598 0.136305 0.205729
0 0.419893 0.811441 0.136305 0.205729
0 0.603800 0.715989 0.136305 0.205729
0 0.602673 0.829624 0.136305 0.205729
0 0.712120 0.779624 0.136305 0.205729
0 0.811407 0.708415 0.136305 0.205729
0 0.937773 0.588720 0.136305 0.205729
0 0.915207 0.700833 0.136305 0.205729
0 0.960340 0.826598 0.136305 0.205729
0 0.856540 0.876598 0.136305 0.205729
0 0.126540 0.459928 0.136305 0.205729
0 0.036280 0.338720 0.136305 0.205729
0 0.014840 0.170537 0.136305 0.205729
0 0.069000 0.156893 0.136305 0.205729
0 0.108487 0.081137 0.136305 0.205729
0 0.166027 0.290233 0.136305 0.205729
0 0.252907 0.372050 0.136305 0.205729
0 0.250653 0.199320 0.136305 0.205729
0 0.298040 0.041746 0.136305 0.205729
0 0.397327 0.256893 0.136305 0.205729
0 0.428920 0.094781 0.136305 0.205729
0 0.528207 0.041746 0.136305 0.205729
0 0.637653 0.079624 0.136305 0.205729
0 0.520313 0.182659 0.136305 0.205729
0 0.593647 0.323563 0.136305 0.205729
0 0.800127 0.187198 0.136305 0.205729
0 0.668113 0.223563 0.136305 0.205729
0 0.870080 0.379624 0.136305 0.205729
0 0.928747 0.170537 0.136305 0.205729