0 0.238641 0.237375 0.145833 0.213542
0 0.213063 0.455813 0.145833 0.213542
0 0.353219 0.314396 0.145833 0.213542
0 0.394891 0.496208 0.145833 0.213542
0 0.316281 0.559333 0.145833 0.213542
0 0.211172 0.660354 0.145833 0.213542
0 0.307766 0.719688 0.145833 0.213542
0 0.424250 0.703292 0.145833 0.213542
0 0.516094 0.761354 0.145833 0.213542
0 0.559656 0.556813 0.145833 0.213542
0 0.480109 0.407833 0.145833 0.213542
0 0.578594 0.294188 0.145833 0.213542
0 0.481063 0.244958 0.145833 0.213542
0 0.672344 0.246208 0.145833 0.213542
0 0.780297 0.208333 0.145833 0.213542
0 0.645828 0.430563 0.145833 0.213542
0 0.702656 0.578292 0.145833 0.213542
0 0.622156 0.715917 0.145833 0.213542
0 0.799250 0.700750 0.145833 0.213542
0 0.802078 0.487375 0.145833 0.213542
0 0.777469 0.349750 0.145833 0.213542