0 0.859633 0.777600 0.140046 0.212674
0 0.703367 0.804850 0.140046 0.212674
0 0.578000 0.796675 0.140046 0.212674
0 0.425367 0.785775 0.140046 0.212674
0 0.283633 0.785775 0.140046 0.212674
0 0.132817 0.777600 0.140046 0.212674
0 0.145533 0.543200 0.140046 0.212674
0 0.265467 0.562275 0.140046 0.212674
0 0.410833 0.548650 0.140046 0.212674
0 0.559817 0.543200 0.140046 0.212674
0 0.717900 0.562275 0.140046 0.212674
0 0.881433 0.565000 0.140046 0.212674
0 0.881433 0.355125 0.140046 0.212674
0 0.701550 0.341500 0.140046 0.212674
0 0.857817 0.164350 0.140046 0.212674
0 0.708817 0.161625 0.140046 0.212674
0 0.585267 0.134350 0.140046 0.212674
0 0.572533 0.333325 0.140046 0.212674
0 0.450800 0.145250 0.140046 0.212674
0 0.419917 0.349675 0.140046 0.212674
0 0.321783 0.131625 0.140046 0.212674
0 0.274550 0.341500 0.140046 0.212674
0 0.189150 0.148000 0.140046 0.212674
0 0.145533 0.341500 0.140046 0.212674