0 0.379238 0.382620 0.037582 0.029514
0 0.401162 0.351409 0.037582 0.029514
0 0.430410 0.338599 0.037582 0.029514
0 0.448162 0.392226 0.037582 0.029514
0 0.427276 0.418642 0.037582 0.029514
0 0.396990 0.437854 0.037582 0.029514
0 0.446076 0.449854 0.037582 0.029514
0 0.359390 0.326591 0.037582 0.029514
0 0.391762 0.293774 0.037582 0.029514
0 0.410562 0.244949 0.037582 0.029514
0 0.358343 0.229745 0.037582 0.029514
0 0.371924 0.168109 0.037582 0.029514
0 0.404295 0.197723 0.037582 0.029514
0 0.446076 0.188117 0.037582 0.029514
0 0.431448 0.147299 0.037582 0.029514
0 0.472181 0.161708 0.037582 0.029514
0 0.506648 0.132891 0.037582 0.029514
0 0.526486 0.156102 0.037582 0.029514
0 0.546333 0.174511 0.037582 0.029514
0 0.521267 0.192124 0.037582 0.029514
0 0.513952 0.236949 0.037582 0.029514
0 0.466962 0.280971 0.037582 0.029514
0 0.438762 0.240146 0.037582 0.029514
0 0.502467 0.305781 0.037582 0.029514
0 0.456514 0.321788 0.037582 0.029514
0 0.550505 0.329796 0.037582 0.029514
0 0.506648 0.355409 0.037582 0.029514
0 0.543200 0.223336 0.037582 0.029514
0 0.565133 0.207328 0.037582 0.029514
0 0.565133 0.162504 0.037582 0.029514
0 0.581838 0.181715 0.037582 0.029514
0 0.604819 0.165708 0.037582 0.029514
0 0.590190 0.147299 0.037582 0.029514
0 0.635105 0.168109 0.037582 0.029514
0 0.604819 0.219336 0.037582 0.029514
0 0.589152 0.260956 0.037582 0.029514
0 0.601686 0.319387 0.037582 0.029514
0 0.647638 0.318591 0.037582 0.029514
0 0.643457 0.276964 0.037582 0.029514
0 0.643457 0.258555 0.037582 0.029514
0 0.685229 0.300978 0.037582 0.029514
0 0.671657 0.341803 0.037582 0.029514
0 0.551552 0.281766 0.037582 0.029514