0 0.236110 0.578562 0.040850 0.033854
0 0.260050 0.589085 0.040850 0.033854
0 0.239530 0.613638 0.040850 0.033854
0 0.242950 0.649585 0.040850 0.033854
0 0.266890 0.624162 0.040850 0.033854
0 0.303370 0.594346 0.040850 0.033854
0 0.390000 0.598731 0.040850 0.033854
0 0.497150 0.580315 0.040850 0.033854
0 0.549580 0.623285 0.040850 0.033854
0 0.595170 0.594346 0.040850 0.033854
0 0.679520 0.597854 0.040850 0.033854
0 0.729680 0.602238 0.040850 0.033854
0 0.753620 0.660108 0.040850 0.033854
0 0.749060 0.629423 0.040850 0.033854
0 0.718280 0.629423 0.040850 0.033854
0 0.637350 0.625038 0.040850 0.033854
0 0.594030 0.653092 0.040850 0.033854
0 0.677240 0.656600 0.040850 0.033854
0 0.716000 0.687292 0.040850 0.033854
0 0.758180 0.716223 0.040850 0.033854
0 0.774130 0.777600 0.040850 0.033854
0 0.727400 0.745162 0.040850 0.033854
0 0.686360 0.717100 0.040850 0.033854
0 0.645330 0.685538 0.040850 0.033854
0 0.543880 0.683785 0.040850 0.033854
0 0.493730 0.640823 0.040850 0.033854
0 0.435590 0.635562 0.040850 0.033854
0 0.331860 0.622408 0.040850 0.033854
0 0.281710 0.650462 0.040850 0.033854
0 0.238390 0.710962 0.040850 0.033854
0 0.277150 0.713592 0.040850 0.033854
0 0.325020 0.679400 0.040850 0.033854
0 0.377460 0.653092 0.040850 0.033854
0 0.420770 0.688169 0.040850 0.033854
0 0.491450 0.707462 0.040850 0.033854
0 0.550720 0.751300 0.040850 0.033854
0 0.595170 0.718854 0.040850 0.033854
0 0.646470 0.749546 0.040850 0.033854
0 0.696620 0.780231 0.040850 0.033854
0 0.745640 0.807415 0.040850 0.033854
0 0.783250 0.838108 0.040850 0.033854
0 0.758180 0.869669 0.040850 0.033854
0 0.704600 0.841615 0.040850 0.033854
0 0.653310 0.814431 0.040850 0.033854
0 0.603150 0.784615 0.040850 0.033854
0 0.371760 0.717977 0.040850 0.033854
0 0.417350 0.760069 0.040850 0.033854
0 0.489170 0.777600 0.040850 0.033854
0 0.550720 0.820569 0.040850 0.033854
0 0.606570 0.849500 0.040850 0.033854
0 0.663570 0.878438 0.040850 0.033854
0 0.717140 0.904746 0.040850 0.033854
0 0.767290 0.932800 0.040850 0.033854
0 0.723980 0.959108 0.040850 0.033854
0 0.668130 0.944200 0.040850 0.033854
0 0.614550 0.917892 0.040850 0.033854
0 0.562120 0.886331 0.040850 0.033854
0 0.497150 0.845115 0.040850 0.033854
0 0.461810 0.807415 0.040850 0.033854
0 0.410510 0.826708 0.040850 0.033854
0 0.362640 0.785492 0.040850 0.033854
0 0.320470 0.748669 0.040850 0.033854
0 0.239530 0.745162 0.040850 0.033854
0 0.223580 0.776731 0.040850 0.033854
0 0.229280 0.810923 0.040850 0.033854
0 0.271450 0.776731 0.040850 0.033854
0 0.311350 0.815308 0.040850 0.033854
0 0.358080 0.853008 0.040850 0.033854
0 0.407100 0.895977 0.040850 0.033854
0 0.458390 0.874931 0.040850 0.033854
0 0.501700 0.910008 0.040850 0.033854
0 0.565540 0.948585 0.040850 0.033854
0 0.620250 0.975769 0.040850 0.033854
0 0.492590 0.971385 0.040850 0.033854
0 0.461810 0.933677 0.040850 0.033854
0 0.269170 0.843369 0.040850 0.033854
0 0.310210 0.881946 0.040850 0.033854
0 0.355800 0.918769 0.040850 0.033854
0 0.410510 0.965246 0.040850 0.033854
0 0.307930 0.958231 0.040850 0.033854
0 0.264610 0.908254 0.040850 0.033854
0 0.234970 0.870546 0.040850 0.033854
0 0.425330 0.019154 0.040850 0.033854
0 0.424190 0.055977 0.040850 0.033854
0 0.457250 0.040192 0.040850 0.033854
0 0.492590 0.013892 0.040850 0.033854
0 0.566680 0.018277 0.040850 0.033854
0 0.599730 0.040192 0.040850 0.033854
0 0.532480 0.039315 0.040850 0.033854
0 0.489170 0.058608 0.040850 0.033854
0 0.473210 0.091931 0.040850 0.033854
0 0.527920 0.086669 0.040850 0.033854
0 0.560980 0.061238 0.040850 0.033854
0 0.608850 0.073515 0.040850 0.033854
0 0.637350 0.079654 0.040850 0.033854
0 0.609990 0.115600 0.040850 0.033854
0 0.563260 0.114723 0.040850 0.033854
0 0.572380 0.157692 0.040850 0.033854
0 0.541600 0.150677 0.040850 0.033854
0 0.635070 0.107708 0.040850 0.033854
0 0.672690 0.095438 0.040850 0.033854
0 0.693200 0.084915 0.040850 0.033854
0 0.757040 0.108585 0.040850 0.033854
0 0.716000 0.118231 0.040850 0.033854
0 0.672690 0.134015 0.040850 0.033854
0 0.630510 0.154185 0.040850 0.033854
0 0.591750 0.177854 0.040850 0.033854
0 0.542740 0.204162 0.040850 0.033854
0 0.491450 0.170838 0.040850 0.033854
0 0.437870 0.163831 0.040850 0.033854
0 0.388860 0.134015 0.040850 0.033854
0 0.344400 0.113846 0.040850 0.033854
0 0.415070 0.093685 0.040850 0.033854
0 0.465230 0.128754 0.040850 0.033854
0 0.413930 0.131385 0.040850 0.033854
0 0.377460 0.093685 0.040850 0.033854
0 0.377460 0.058608 0.040850 0.033854
0 0.354660 0.064746 0.040850 0.033854
0 0.287410 0.091931 0.040850 0.033854
0 0.303370 0.096315 0.040850 0.033854
0 0.258910 0.112092 0.040850 0.033854
0 0.217880 0.112969 0.040850 0.033854
0 0.205340 0.139277 0.040850 0.033854
0 0.296530 0.137523 0.040850 0.033854
0 0.160880 0.160323 0.040850 0.033854
0 0.099330 0.179608 0.040850 0.033854
0 0.248650 0.162954 0.040850 0.033854
0 0.342120 0.162077 0.040850 0.033854
0 0.390000 0.186623 0.040850 0.033854
0 0.436730 0.212931 0.040850 0.033854
0 0.387720 0.238354 0.040850 0.033854
0 0.338700 0.212054 0.040850 0.033854
0 0.299950 0.186623 0.040850 0.033854
0 0.254350 0.212931 0.040850 0.033854
0 0.204200 0.188377 0.040850 0.033854
0 0.160880 0.212054 0.040850 0.033854
0 0.106170 0.221700 0.040850 0.033854
0 0.060570 0.236600 0.040850 0.033854
0 0.068550 0.280446 0.040850 0.033854
0 0.117570 0.269046 0.040850 0.033854
0 0.176840 0.270800 0.040850 0.033854
0 0.207620 0.240985 0.040850 0.033854
0 0.248650 0.263785 0.040850 0.033854
0 0.296530 0.240108 0.040850 0.033854
0 0.336420 0.262908 0.040850 0.033854
0 0.433310 0.267292 0.040850 0.033854
0 0.474350 0.241862 0.040850 0.033854
0 0.493730 0.219069 0.040850 0.033854
0 0.494870 0.269046 0.040850 0.033854
0 0.473210 0.298862 0.040850 0.033854
0 0.428750 0.325162 0.040850 0.033854
0 0.383160 0.290969 0.040850 0.033854
0 0.291970 0.293600 0.040850 0.033854
0 0.333000 0.319900 0.040850 0.033854
0 0.380880 0.349715 0.040850 0.033854
0 0.433310 0.383908 0.040850 0.033854
0 0.493730 0.332177 0.040850 0.033854
0 0.551860 0.313762 0.040850 0.033854
0 0.547300 0.255015 0.040850 0.033854
0 0.595170 0.229592 0.040850 0.033854
0 0.636210 0.205915 0.040850 0.033854
0 0.679520 0.183992 0.040850 0.033854
0 0.723980 0.157692 0.040850 0.033854
0 0.765010 0.140154 0.040850 0.033854
0 0.816310 0.162954 0.040850 0.033854
0 0.779830 0.182238 0.040850 0.033854
0 0.823150 0.213808 0.040850 0.033854
0 0.777550 0.240985 0.040850 0.033854
0 0.729680 0.206792 0.040850 0.033854
0 0.687500 0.231346 0.040850 0.033854
0 0.736520 0.263785 0.040850 0.033854
0 0.692060 0.280446 0.040850 0.033854
0 0.643050 0.257646 0.040850 0.033854
0 0.597450 0.283077 0.040850 0.033854
0 0.598590 0.342700 0.040850 0.033854
0 0.651030 0.305869 0.040850 0.033854
0 0.698900 0.340069 0.040850 0.033854
0 0.741080 0.312885 0.040850 0.033854
0 0.775270 0.291846 0.040850 0.033854
0 0.820870 0.271677 0.040850 0.033854
0 0.893820 0.230469 0.040850 0.033854
0 0.899520 0.188377 0.040850 0.033854
0 0.939410 0.242738 0.040850 0.033854
0 0.932580 0.290092 0.040850 0.033854
0 0.879000 0.280446 0.040850 0.033854
0 0.859620 0.325162 0.040850 0.033854
0 0.822010 0.363746 0.040850 0.033854
0 0.844810 0.432138 0.040850 0.033854
0 0.876720 0.376015 0.040850 0.033854
0 0.906360 0.334808 0.040850 0.033854
0 0.954230 0.353223 0.040850 0.033854
0 0.931440 0.405831 0.040850 0.033854
0 0.910920 0.449669 0.040850 0.033854
0 0.987290 0.428631 0.040850 0.033854
0 0.961070 0.306746 0.040850 0.033854
0 0.770710 0.347085 0.040850 0.033854
0 0.804910 0.334808 0.040850 0.033854
0 0.785530 0.384785 0.040850 0.033854
0 0.784390 0.420738 0.040850 0.033854
0 0.768430 0.444408 0.040850 0.033854
0 0.727400 0.447915 0.040850 0.033854
0 0.760460 0.407585 0.040850 0.033854
0 0.730820 0.432138 0.040850 0.033854
0 0.654450 0.424246 0.040850 0.033854
0 0.647610 0.440023 0.040850 0.033854
0 0.612270 0.397062 0.040850 0.033854
0 0.652170 0.369877 0.040850 0.033854
0 0.698900 0.404077 0.040850 0.033854
0 0.739940 0.375138 0.040850 0.033854
0 0.612270 0.331300 0.040850 0.033854
0 0.550720 0.371631 0.040850 0.033854
0 0.597450 0.402323 0.040850 0.033854
0 0.548440 0.434769 0.040850 0.033854
0 0.493730 0.454931 0.040850 0.033854
0 0.494870 0.517185 0.040850 0.033854
0 0.550720 0.498777 0.040850 0.033854
0 0.598590 0.468085 0.040850 0.033854
0 0.643050 0.504038 0.040850 0.033854
0 0.687500 0.473346 0.040850 0.033854
0 0.746780 0.477731 0.040850 0.033854
0 0.716000 0.508415 0.040850 0.033854
0 0.678380 0.538231 0.040850 0.033854
0 0.736520 0.539985 0.040850 0.033854
0 0.758180 0.509292 0.040850 0.033854
0 0.760460 0.538231 0.040850 0.033854
0 0.596310 0.530338 0.040850 0.033854
0 0.643050 0.561908 0.040850 0.033854
0 0.702320 0.564538 0.040850 0.033854
0 0.549580 0.558400 0.040850 0.033854
0 0.474350 0.545246 0.040850 0.033854
0 0.350100 0.564538 0.040850 0.033854
0 0.280570 0.561908 0.040850 0.033854
0 0.436730 0.568046 0.040850 0.033854
0 0.393420 0.538231 0.040850 0.033854
0 0.436730 0.511923 0.040850 0.033854
0 0.433310 0.448792 0.040850 0.033854
0 0.470930 0.356731 0.040850 0.033854
0 0.472070 0.419862 0.040850 0.033854
0 0.382020 0.413723 0.040850 0.033854
0 0.386580 0.474223 0.040850 0.033854
0 0.346680 0.503162 0.040850 0.033854
0 0.305650 0.534723 0.040850 0.033854
0 0.253210 0.527708 0.040850 0.033854
0 0.245230 0.549631 0.040850 0.033854
0 0.273730 0.500531 0.040850 0.033854
0 0.301090 0.472469 0.040850 0.033854
0 0.338700 0.444408 0.040850 0.033854
0 0.040060 0.300615 0.040850 0.033854
0 0.049180 0.348838 0.040850 0.033854
0 0.022960 0.440023 0.040850 0.033854
0 0.103890 0.452300 0.040850 0.033854
0 0.075390 0.401446 0.040850 0.033854
0 0.131250 0.365500 0.040850 0.033854
0 0.095910 0.325162 0.040850 0.033854
0 0.143790 0.310254 0.040850 0.033854
0 0.166580 0.407585 0.040850 0.033854
0 0.216740 0.380400 0.040850 0.033854
0 0.211040 0.297108 0.040850 0.033854
0 0.221300 0.352346 0.040850 0.033854
0 0.250930 0.321654 0.040850 0.033854
0 0.288550 0.349715 0.040850 0.033854
0 0.333000 0.379523 0.040850 0.033854
0 0.255490 0.381277 0.040850 0.033854
0 0.293110 0.411092 0.040850 0.033854
0 0.260050 0.443531 0.040850 0.033854
0 0.247510 0.414600 0.040850 0.033854
0 0.236110 0.436523 0.040850 0.033854
0 0.231560 0.464577 0.040850 0.033854
0 0.217880 0.407585 0.040850 0.033854
0 0.242950 0.470715 0.040850 0.033854