0 0.651055 0.683276 0.059641 0.056424
0 0.697382 0.668138 0.059641 0.056424
0 0.746909 0.636310 0.059641 0.056424
0 0.780473 0.599966 0.059641 0.056424
0 0.809236 0.559034 0.059641 0.056424
0 0.834800 0.513586 0.059641 0.056424
0 0.846000 0.466621 0.059641 0.056424
0 0.860364 0.416621 0.059641 0.056424
0 0.853964 0.369655 0.059641 0.056424
0 0.850800 0.318138 0.059641 0.056424
0 0.831600 0.275724 0.059641 0.056424
0 0.806036 0.234793 0.059641 0.056424
0 0.772473 0.190862 0.059641 0.056424
0 0.743745 0.156034 0.059641 0.056424
0 0.710182 0.115103 0.059641 0.056424
0 0.667018 0.092379 0.059641 0.056424
0 0.625491 0.066621 0.059641 0.056424
0 0.575964 0.054517 0.059641 0.056424
0 0.521636 0.040862 0.059641 0.056424
0 0.473709 0.040862 0.059641 0.056424
0 0.419382 0.039345 0.059641 0.056424
0 0.374655 0.040862 0.059641 0.056424
0 0.325091 0.059034 0.059641 0.056424
0 0.280364 0.077241 0.059641 0.056424
0 0.238836 0.106034 0.059641 0.056424
0 0.198873 0.125724 0.059641 0.056424
0 0.174909 0.162069 0.059641 0.056424
0 0.150945 0.206034 0.059641 0.056424
0 0.121709 0.280862 0.059641 0.056424
0 0.151091 0.305414 0.059641 0.056424
0 0.105564 0.317517 0.059641 0.056424
0 0.112291 0.370862 0.059641 0.056424
0 0.109091 0.409793 0.059641 0.056424
0 0.110036 0.463448 0.059641 0.056424
0 0.115636 0.519207 0.059641 0.056424
0 0.153345 0.571793 0.059641 0.056424
0 0.185636 0.603448 0.059641 0.056424
0 0.223345 0.628586 0.059641 0.056424
0 0.262945 0.666793 0.059641 0.056424
0 0.314727 0.688586 0.059641 0.056424
0 0.368400 0.699517 0.059641 0.056424
0 0.418255 0.715862 0.059641 0.056424
0 0.473855 0.717690 0.059641 0.056424
0 0.537127 0.719517 0.059641 0.056424
0 0.586982 0.708586 0.059641 0.056424
0 0.156364 0.355862 0.059641 0.056424
0 0.177782 0.402517 0.059641 0.056424
0 0.196327 0.346931 0.059641 0.056424
0 0.153818 0.450552 0.059641 0.056424
0 0.169818 0.493448 0.059641 0.056424
0 0.199055 0.538897 0.059641 0.056424
0 0.232291 0.575552 0.059641 0.056424
0 0.282909 0.604517 0.059641 0.056424
0 0.330218 0.626034 0.059641 0.056424
0 0.379745 0.636621 0.059641 0.056424
0 0.432473 0.645724 0.059641 0.056424
0 0.491600 0.648759 0.059641 0.056424
0 0.545927 0.653276 0.059641 0.056424
0 0.600255 0.650276 0.059641 0.056424
0 0.651382 0.627517 0.059641 0.056424
0 0.696109 0.597241 0.059641 0.056424
0 0.737673 0.563897 0.059641 0.056424
0 0.763236 0.515414 0.059641 0.056424
0 0.784000 0.473000 0.059641 0.056424
0 0.790400 0.423000 0.059641 0.056424
0 0.790400 0.371483 0.059641 0.056424
0 0.782400 0.327517 0.059641 0.056424
0 0.763236 0.282069 0.059641 0.056424
0 0.739273 0.239655 0.059641 0.056424
0 0.705709 0.207828 0.059641 0.056424
0 0.629018 0.129034 0.059641 0.056424
0 0.585855 0.109345 0.059641 0.056424
0 0.534727 0.092690 0.059641 0.056424
0 0.482000 0.089655 0.059641 0.056424
0 0.429273 0.091172 0.059641 0.056424
0 0.382945 0.092690 0.059641 0.056424
0 0.339818 0.107828 0.059641 0.056424
0 0.295055 0.132069 0.059641 0.056424
0 0.253527 0.165414 0.059641 0.056424
0 0.216764 0.197241 0.059641 0.056424
0 0.198727 0.232379 0.059641 0.056424
0 0.204473 0.303897 0.059641 0.056424
0 0.223345 0.264966 0.059641 0.056424
0 0.266618 0.227069 0.059641 0.056424
0 0.354182 0.163897 0.059641 0.056424
0 0.407564 0.140862 0.059641 0.056424
0 0.453091 0.137690 0.059641 0.056424
0 0.507418 0.136621 0.059641 0.056424
0 0.556145 0.148138 0.059641 0.056424
0 0.600582 0.180862 0.059641 0.056424
0 0.628364 0.213448 0.059641 0.056424
0 0.673745 0.251310 0.059641 0.056424
0 0.706036 0.286034 0.059641 0.056424
0 0.731600 0.330276 0.059641 0.056424
0 0.728218 0.381793 0.059641 0.056424
0 0.728218 0.423897 0.059641 0.056424
0 0.709382 0.476483 0.059641 0.056424
0 0.687164 0.521621 0.059641 0.056424
0 0.646255 0.559966 0.059641 0.056424
0 0.603127 0.585276 0.059641 0.056424
0 0.550873 0.601034 0.059641 0.056424
0 0.493200 0.597828 0.059641 0.056424
0 0.436618 0.595724 0.059641 0.056424
0 0.383418 0.573586 0.059641 0.056424
0 0.332291 0.559966 0.059641 0.056424
0 0.292364 0.531621 0.059641 0.056424
0 0.246800 0.495724 0.059641 0.056424
0 0.216945 0.450552 0.059641 0.056424