0 0.125182 0.266655 0.101307 0.067708
0 0.168591 0.223515 0.101307 0.067708
0 0.200864 0.195085 0.101307 0.067708
0 0.251273 0.176177 0.101307 0.067708
0 0.308727 0.141433 0.101307 0.067708
0 0.357773 0.110922 0.101307 0.067708
0 0.436273 0.101468 0.101307 0.067708
0 0.392818 0.139352 0.101307 0.067708
0 0.367591 0.191945 0.101307 0.067708
0 0.353591 0.235085 0.101307 0.067708
0 0.324182 0.284539 0.101307 0.067708
0 0.297545 0.340307 0.101307 0.067708
0 0.270909 0.380273 0.101307 0.067708
0 0.359182 0.895870 0.101307 0.067708
0 0.432045 0.862184 0.101307 0.067708
0 0.453091 0.785392 0.101307 0.067708
0 0.419455 0.720137 0.101307 0.067708
0 0.395636 0.670683 0.101307 0.067708
0 0.377409 0.618089 0.101307 0.067708
0 0.342364 0.552833 0.101307 0.067708
0 0.119545 0.785392 0.101307 0.067708
0 0.115364 0.716997 0.101307 0.067708
0 0.105545 0.660171 0.101307 0.067708
0 0.111136 0.601263 0.101307 0.067708
0 0.120955 0.550751 0.101307 0.067708
0 0.094364 0.490751 0.101307 0.067708
0 0.084545 0.425529 0.101307 0.067708