0 0.076792 0.125750 0.117647 0.097222
0 0.235189 0.131825 0.117647 0.097222
0 0.387453 0.140900 0.117647 0.097222
0 0.097767 0.268175 0.117647 0.097222
0 0.248333 0.265150 0.117647 0.097222
0 0.396981 0.271200 0.117647 0.097222
0 0.120629 0.374250 0.117647 0.097222
0 0.275000 0.381825 0.117647 0.097222
0 0.404811 0.389400 0.117647 0.097222
0 0.134182 0.506050 0.117647 0.097222
0 0.276918 0.504550 0.117647 0.097222
0 0.416038 0.500000 0.117647 0.097222
0 0.130157 0.634850 0.117647 0.097222
0 0.279025 0.631200 0.117647 0.097222
0 0.405755 0.629850 0.117647 0.097222
0 0.142925 0.737875 0.117647 0.097222
0 0.165031 0.830900 0.117647 0.097222
0 0.162767 0.918475 0.117647 0.097222
0 0.288553 0.918475 0.117647 0.097222
0 0.281887 0.830900 0.117647 0.097222
0 0.283019 0.736200 0.117647 0.097222
0 0.409937 0.737875 0.117647 0.097222
0 0.405566 0.831675 0.117647 0.097222
0 0.414340 0.925600 0.117647 0.097222
0 0.575377 0.911525 0.117647 0.097222
0 0.569843 0.825600 0.117647 0.097222
0 0.577484 0.723025 0.117647 0.097222
0 0.573082 0.618625 0.117647 0.097222
0 0.696604 0.627425 0.117647 0.097222
0 0.695629 0.722125 0.117647 0.097222
0 0.693333 0.812425 0.117647 0.097222
0 0.681164 0.902725 0.117647 0.097222
0 0.800252 0.899250 0.117647 0.097222
0 0.801415 0.808025 0.117647 0.097222
0 0.811321 0.723025 0.117647 0.097222
0 0.805786 0.627425 0.117647 0.097222
0 0.573270 0.491675 0.117647 0.097222
0 0.695629 0.490750 0.117647 0.097222
0 0.702296 0.383800 0.117647 0.097222
0 0.571006 0.375900 0.117647 0.097222
0 0.572516 0.137575 0.117647 0.097222
0 0.576509 0.261825 0.117647 0.097222
0 0.719465 0.258625 0.117647 0.097222
0 0.714119 0.139700 0.117647 0.097222
0 0.846384 0.145000 0.117647 0.097222
0 0.842390 0.265900 0.117647 0.097222
0 0.822579 0.373325 0.117647 0.097222
0 0.823899 0.491050 0.117647 0.097222