0 0.623400 0.983133 0.062069 0.175347
0 0.464647 0.985200 0.062069 0.175347
0 0.469024 0.871444 0.062069 0.175347
0 0.512812 0.763911 0.062069 0.175347
0 0.522671 0.852844 0.062069 0.175347
0 0.593835 0.925222 0.062069 0.175347
0 0.616835 0.792867 0.062069 0.175347
0 0.656247 0.718400 0.062069 0.175347
0 0.716471 0.674978 0.062069 0.175347
0 0.795294 0.635689 0.062069 0.175347
0 0.846753 0.583978 0.062069 0.175347
0 0.905882 0.679111 0.062069 0.175347
0 0.776682 0.778378 0.062069 0.175347
0 0.868659 0.366822 0.062069 0.175347
0 0.857706 0.184844 0.062069 0.175347
0 0.767929 0.203444 0.062069 0.175347
0 0.705518 0.261356 0.062069 0.175347
0 0.626682 0.296511 0.062069 0.175347
0 0.673765 0.451622 0.062069 0.175347
0 0.612447 0.472311 0.062069 0.175347
0 0.555518 0.532289 0.062069 0.175347
0 0.619024 0.569511 0.062069 0.175347
0 0.566471 0.633622 0.062069 0.175347
0 0.565376 0.079356 0.062069 0.175347
0 0.479965 0.126933 0.062069 0.175347
0 0.467929 0.267556 0.062069 0.175347
0 0.495294 0.443356 0.062069 0.175347
0 0.497482 0.581911 0.062069 0.175347
0 0.462447 0.670844 0.062069 0.175347
0 0.423035 0.788733 0.062069 0.175347
0 0.412082 0.565378 0.062069 0.175347
0 0.388000 0.509533 0.062069 0.175347
0 0.324494 0.604667 0.062069 0.175347
0 0.293835 0.770111 0.062069 0.175347
0 0.348588 0.819756 0.062069 0.175347
0 0.293835 0.854911 0.062069 0.175347
0 0.218294 0.770111 0.062069 0.175347
0 0.170118 0.693600 0.062069 0.175347
0 0.130694 0.716333 0.062069 0.175347
0 0.112082 0.561222 0.062069 0.175347
0 0.162447 0.546756 0.062069 0.175347
0 0.172306 0.428867 0.062069 0.175347
0 0.239094 0.387511 0.062069 0.175347
0 0.207341 0.329600 0.062069 0.175347
0 0.181071 0.277889 0.062069 0.175347
0 0.181071 0.205511 0.062069 0.175347
0 0.246753 0.172422 0.062069 0.175347
0 0.314647 0.195178 0.062069 0.175347
0 0.360624 0.213778 0.062069 0.175347
0 0.349682 0.147600 0.062069 0.175347
0 0.414282 0.319267 0.062069 0.175347
0 0.357341 0.313067 0.062069 0.175347
0 0.439459 0.426800 0.062069 0.175347
0 0.566471 0.325467 0.062069 0.175347
0 0.352965 0.430933 0.062069 0.175347
0 0.288365 0.464022 0.062069 0.175347
0 0.113176 0.428867 0.062069 0.175347
0 0.124129 0.344089 0.062069 0.175347
0 0.227047 0.627422 0.062069 0.175347
0 0.360624 0.679111 0.062069 0.175347
0 0.397859 0.828022 0.062069 0.175347
0 0.335447 0.703933 0.062069 0.175347
0 0.278506 0.734956 0.062069 0.175347
0 0.204059 0.832156 0.062069 0.175347
0 0.235812 0.856978 0.062069 0.175347
0 0.264282 0.579844 0.062069 0.175347
0 0.229235 0.503333 0.062069 0.175347
0 0.262082 0.273756 0.062069 0.175347
0 0.316835 0.360622 0.062069 0.175347
0 0.447965 0.584622 0.062069 0.175347
0 0.433518 0.723933 0.062069 0.175347