0 0.455313 0.373742 0.095588 0.055556
0 0.497612 0.404794 0.095588 0.055556
0 0.570278 0.398098 0.095588 0.055556
0 0.590889 0.368871 0.095588 0.055556
0 0.689585 0.440721 0.095588 0.055556
0 0.646201 0.426107 0.095588 0.055556
0 0.736226 0.455334 0.095588 0.055556
0 0.637524 0.469339 0.095588 0.055556
0 0.645117 0.499175 0.095588 0.055556
0 0.587632 0.457160 0.095588 0.055556
0 0.508457 0.449855 0.095588 0.055556
0 0.530146 0.510743 0.095588 0.055556
0 0.465073 0.482736 0.095588 0.055556
0 0.407588 0.497349 0.095588 0.055556
0 0.377217 0.468731 0.095588 0.055556
0 0.440127 0.431587 0.095588 0.055556
0 0.452056 0.403577 0.095588 0.055556
0 0.341426 0.414537 0.095588 0.055556
0 0.372881 0.432804 0.095588 0.055556
0 0.286108 0.476036 0.095588 0.055556
0 0.311055 0.511963 0.095588 0.055556
0 0.449888 0.534493 0.095588 0.055556
0 0.351187 0.566763 0.095588 0.055556
0 0.313228 0.547887 0.095588 0.055556
0 0.401079 0.600252 0.095588 0.055556
0 0.483511 0.571025 0.095588 0.055556
0 0.488936 0.622782 0.095588 0.055556
0 0.572446 0.596601 0.095588 0.055556
0 0.571362 0.619740 0.095588 0.055556
0 0.499780 0.600863 0.095588 0.055556
0 0.698262 0.548495 0.095588 0.055556
0 0.663555 0.593555 0.095588 0.055556
0 0.737310 0.514397 0.095588 0.055556
0 0.663555 0.526576 0.095588 0.055556
0 0.589805 0.539973 0.095588 0.055556
0 0.974839 0.633742 0.095588 0.055556
0 0.949893 0.694633 0.095588 0.055556
0 0.717788 0.782316 0.095588 0.055556
0 0.780693 0.867563 0.095588 0.055556
0 0.904341 0.808498 0.095588 0.055556
0 0.948809 0.843207 0.095588 0.055556
0 0.984619 0.885225 0.095588 0.055556
0 0.578955 0.939413 0.095588 0.055556