0 0.110234 0.886667 0.086589 0.090278
0 0.206813 0.936667 0.086589 0.090278
0 0.275000 0.891208 0.086589 0.090278
0 0.373859 0.879083 0.086589 0.090278
0 0.313641 0.785146 0.086589 0.090278
0 0.454547 0.782125 0.086589 0.090278
0 0.552266 0.723021 0.086589 0.090278
0 0.450000 0.682125 0.086589 0.090278
0 0.506812 0.630604 0.086589 0.090278
0 0.368188 0.739688 0.086589 0.090278
0 0.331813 0.647271 0.086589 0.090278
0 0.404547 0.618479 0.086589 0.090278
0 0.485234 0.554854 0.086589 0.090278
0 0.362500 0.530604 0.086589 0.090278
0 0.306813 0.548792 0.086589 0.090278
0 0.243188 0.627583 0.086589 0.090278
0 0.231813 0.724542 0.086589 0.090278
0 0.181813 0.794250 0.086589 0.090278
0 0.243188 0.826063 0.086589 0.090278
0 0.103406 0.798792 0.086589 0.090278
0 0.145453 0.713938 0.086589 0.090278
0 0.072734 0.682125 0.086589 0.090278
0 0.163641 0.627583 0.086589 0.090278
0 0.180688 0.545750 0.086589 0.090278
0 0.113641 0.571521 0.086589 0.090278
0 0.067047 0.554854 0.086589 0.090278
0 0.048859 0.486667 0.086589 0.090278
0 0.105688 0.506354 0.086589 0.090278
0 0.172734 0.465458 0.086589 0.090278
0 0.117047 0.416979 0.086589 0.090278
0 0.059094 0.407875 0.086589 0.090278
0 0.197734 0.307875 0.086589 0.090278
0 0.193188 0.373021 0.086589 0.090278
0 0.239766 0.426063 0.086589 0.090278
0 0.234094 0.506354 0.086589 0.090278
0 0.320453 0.477583 0.086589 0.090278
0 0.422734 0.548792 0.086589 0.090278
0 0.478406 0.480604 0.086589 0.090278
0 0.434094 0.418479 0.086589 0.090278
0 0.412500 0.356354 0.086589 0.090278
0 0.327266 0.368479 0.086589 0.090278
0 0.264766 0.341208 0.086589 0.090278
0 0.319313 0.288188 0.086589 0.090278
0 0.348859 0.230604 0.086589 0.090278
0 0.367047 0.421521 0.086589 0.090278
0 0.405687 0.468479 0.086589 0.090278
0 0.667047 0.670000 0.086589 0.090278
0 0.734094 0.645750 0.086589 0.090278
0 0.810234 0.597271 0.086589 0.090278
0 0.854547 0.515458 0.086589 0.090278
0 0.947734 0.491208 0.086589 0.090278
0 0.987500 0.391208 0.086589 0.090278
0 0.890906 0.388188 0.086589 0.090278
0 0.914766 0.351813 0.086589 0.090278
0 0.959094 0.310917 0.086589 0.090278
0 0.872734 0.304854 0.086589 0.090278
0 0.918188 0.251813 0.086589 0.090278
0 0.806813 0.347271 0.086589 0.090278
0 0.839766 0.426063 0.086589 0.090278
0 0.747734 0.423021 0.086589 0.090278
0 0.784094 0.530604 0.086589 0.090278
0 0.719313 0.480604 0.086589 0.090278
0 0.731813 0.542729 0.086589 0.090278
0 0.653406 0.566979 0.086589 0.090278
0 0.664766 0.504854 0.086589 0.090278
0 0.598859 0.515458 0.086589 0.090278
0 0.570453 0.451813 0.086589 0.090278
0 0.631813 0.439688 0.086589 0.090278
0 0.685234 0.385146 0.086589 0.090278
0 0.588641 0.379083 0.086589 0.090278
0 0.544313 0.379083 0.086589 0.090278
0 0.503406 0.294250 0.086589 0.090278
0 0.482953 0.223021 0.086589 0.090278
0 0.467047 0.170000 0.086589 0.090278
0 0.517047 0.144250 0.086589 0.090278
0 0.538641 0.180604 0.086589 0.090278
0 0.542047 0.239688 0.086589 0.090278
0 0.568187 0.303333 0.086589 0.090278
0 0.618188 0.273021 0.086589 0.090278
0 0.627266 0.336667 0.086589 0.090278
0 0.731813 0.342729 0.086589 0.090278
0 0.690906 0.280604 0.086589 0.090278
0 0.789766 0.279083 0.086589 0.090278
0 0.837500 0.235146 0.086589 0.090278
0 0.864766 0.206354 0.086589 0.090278
0 0.854547 0.145750 0.086589 0.090278
0 0.797734 0.189688 0.086589 0.090278
0 0.734094 0.221521 0.086589 0.090278
0 0.659094 0.188187 0.086589 0.090278
0 0.597734 0.159396 0.086589 0.090278
0 0.560234 0.133646 0.086589 0.090278
0 0.606813 0.088187 0.086589 0.090278
0 0.636359 0.101813 0.086589 0.090278
0 0.673859 0.126062 0.086589 0.090278
0 0.710234 0.160917 0.086589 0.090278
0 0.763641 0.142729 0.086589 0.090278
0 0.800000 0.109396 0.086589 0.090278
0 0.757953 0.027583 0.086589 0.090278
0 0.688641 0.044250 0.086589 0.090278
0 0.784094 0.065458 0.086589 0.090278
0 0.717047 0.089687 0.086589 0.090278