0 0.112122 0.310617 0.103516 0.139757
0 0.197306 0.248494 0.103516 0.139757
0 0.264327 0.224265 0.103516 0.139757
0 0.313170 0.240926 0.103516 0.139757
0 0.417660 0.260617 0.103516 0.139757
0 0.452871 0.216679 0.103516 0.139757
0 0.583497 0.251525 0.103516 0.139757
0 0.676639 0.227296 0.103516 0.139757
0 0.744789 0.246987 0.103516 0.139757
0 0.841333 0.257586 0.103516 0.139757
0 0.875415 0.307586 0.103516 0.139757
0 0.892449 0.422740 0.103516 0.139757
0 0.795905 0.368203 0.103516 0.139757
0 0.712980 0.384864 0.103516 0.139757
0 0.666422 0.300018 0.103516 0.139757
0 0.617578 0.377296 0.103516 0.139757
0 0.510803 0.345481 0.103516 0.139757
0 0.438109 0.343956 0.103516 0.139757
0 0.400626 0.371234 0.103516 0.139757
0 0.294993 0.371234 0.103516 0.139757
0 0.193905 0.415172 0.103516 0.139757
0 0.220027 0.322740 0.103516 0.139757
0 0.097361 0.419710 0.103516 0.139757
0 0.116667 0.525771 0.103516 0.139757
0 0.201850 0.504555 0.103516 0.139757
0 0.372231 0.495481 0.103516 0.139757
0 0.465374 0.446987 0.103516 0.139757
0 0.564190 0.490926 0.103516 0.139757
0 0.664150 0.512142 0.103516 0.139757
0 0.741388 0.481833 0.103516 0.139757
0 0.828844 0.522740 0.103516 0.139757
0 0.926531 0.577296 0.103516 0.139757
0 0.937878 0.660617 0.103516 0.139757
0 0.842476 0.680327 0.103516 0.139757
0 0.946966 0.781833 0.103516 0.139757
0 0.844748 0.772740 0.103516 0.139757
0 0.745918 0.772740 0.103516 0.139757
0 0.735701 0.616679 0.103516 0.139757
0 0.620980 0.665172 0.103516 0.139757
0 0.619850 0.798494 0.103516 0.139757
0 0.551701 0.668203 0.103516 0.139757
0 0.425619 0.692450 0.103516 0.139757
0 0.458558 0.574265 0.103516 0.139757
0 0.400626 0.619710 0.103516 0.139757
0 0.329075 0.689419 0.103516 0.139757
0 0.271143 0.628802 0.103516 0.139757
0 0.140517 0.674265 0.103516 0.139757
0 0.082585 0.768203 0.103516 0.139757
0 0.118939 0.812142 0.103516 0.139757
0 0.179143 0.789419 0.103516 0.139757
0 0.343265 0.815971 0.103516 0.139757
0 0.432435 0.821234 0.103516 0.139757
0 0.482408 0.787895 0.103516 0.139757
0 0.895850 0.859111 0.103516 0.139757
0 0.787946 0.872740 0.103516 0.139757
0 0.556231 0.883358 0.103516 0.139757