0 0.859663 0.693933 0.071742 0.127604
0 0.805562 0.638244 0.071742 0.127604
0 0.765713 0.755356 0.071742 0.127604
0 0.708375 0.670889 0.071742 0.127604
0 0.696488 0.805289 0.071742 0.127604
0 0.609012 0.895511 0.071742 0.127604
0 0.540013 0.780311 0.071742 0.127604
0 0.596063 0.667044 0.071742 0.127604
0 0.631700 0.774556 0.071742 0.127604
0 0.640338 0.647844 0.071742 0.127604
0 0.675975 0.548022 0.071742 0.127604
0 0.760200 0.521133 0.071742 0.127604
0 0.739800 0.421311 0.071742 0.127604
0 0.579862 0.486578 0.071742 0.127604
0 0.627375 0.567222 0.071742 0.127604
0 0.507612 0.613289 0.071742 0.127604
0 0.459988 0.682400 0.071742 0.127604
0 0.476187 0.803356 0.071742 0.127604
0 0.385475 0.809111 0.071742 0.127604
0 0.383313 0.682400 0.071742 0.127604
0 0.314312 0.776489 0.071742 0.127604
0 0.260200 0.897422 0.071742 0.127604
0 0.241850 0.766889 0.071742 0.127604
0 0.162038 0.747689 0.071742 0.127604
0 0.180287 0.622889 0.071742 0.127604
0 0.156537 0.557622 0.071742 0.127604
0 0.145837 0.415556 0.071742 0.127604
0 0.190013 0.398267 0.071742 0.127604
0 0.260200 0.453956 0.071742 0.127604
0 0.252750 0.563378 0.071742 0.127604
0 0.312038 0.640178 0.071742 0.127604
0 0.385475 0.524978 0.071742 0.127604
0 0.368300 0.590267 0.071742 0.127604
0 0.430838 0.576822 0.071742 0.127604
0 0.489150 0.523067 0.071742 0.127604
0 0.441625 0.444356 0.071742 0.127604
0 0.327263 0.392511 0.071742 0.127604
0 0.339150 0.480822 0.071742 0.127604
0 0.383313 0.394422 0.071742 0.127604
0 0.329425 0.313800 0.071742 0.127604
0 0.271112 0.231244 0.071742 0.127604
0 0.233313 0.275400 0.071742 0.127604
0 0.201887 0.325311 0.071742 0.127604
0 0.179213 0.269644 0.071742 0.127604
0 0.393037 0.298444 0.071742 0.127604
0 0.450275 0.348356 0.071742 0.127604
0 0.455775 0.250444 0.071742 0.127604
0 0.550700 0.281156 0.071742 0.127604
0 0.603725 0.346444 0.071742 0.127604
0 0.672738 0.354111 0.071742 0.127604
0 0.712688 0.283089 0.071742 0.127604
0 0.772188 0.229333 0.071742 0.127604
0 0.728888 0.144844 0.071742 0.127604
0 0.681475 0.194778 0.071742 0.127604
0 0.640338 0.133333 0.071742 0.127604
0 0.608050 0.244689 0.071742 0.127604
0 0.641413 0.237000 0.071742 0.127604
0 0.569163 0.206289 0.071742 0.127604
0 0.562688 0.129489 0.071742 0.127604
0 0.515062 0.146778 0.071742 0.127604
0 0.463225 0.162133 0.071742 0.127604
0 0.479425 0.083422 0.071742 0.127604
0 0.420137 0.083422 0.071742 0.127604
0 0.336987 0.121822 0.071742 0.127604
0 0.275438 0.112222 0.071742 0.127604
0 0.333750 0.225489 0.071742 0.127604
0 0.549625 0.046756 0.071742 0.127604
0 0.609563 0.057889 0.071742 0.127604
0 0.421863 0.198600 0.071742 0.127604