0 0.132769 0.058479 0.082899 0.128472
0 0.008169 0.109839 0.082899 0.128472
0 0.073338 0.169747 0.082899 0.128472
0 0.015031 0.222811 0.082899 0.128472
0 0.017323 0.346083 0.082899 0.128472
0 0.079046 0.351221 0.082899 0.128472
0 0.131631 0.274171 0.082899 0.128472
0 0.224215 0.258779 0.082899 0.128472
0 0.313385 0.287880 0.082899 0.128472
0 0.319092 0.161198 0.082899 0.128472
0 0.258508 0.053341 0.082899 0.128472
0 0.332815 0.084147 0.082899 0.128472
0 0.399108 0.039631 0.082899 0.128472
0 0.425400 0.222811 0.082899 0.128472
0 0.510000 0.214263 0.082899 0.128472
0 0.523708 0.125230 0.082899 0.128472
0 0.428831 0.137212 0.082899 0.128472
0 0.400262 0.373479 0.082899 0.128472
0 0.333954 0.424839 0.082899 0.128472
0 0.228785 0.426544 0.082899 0.128472
0 0.143062 0.400876 0.082899 0.128472
0 0.037892 0.472765 0.082899 0.128472
0 0.103046 0.594332 0.082899 0.128472
0 0.169354 0.542972 0.082899 0.128472
0 0.255077 0.554954 0.082899 0.128472
0 0.037892 0.640553 0.082899 0.128472
0 0.017323 0.746682 0.082899 0.128472
0 0.049323 0.792926 0.082899 0.128472
0 0.129338 0.726152 0.082899 0.128472
0 0.196785 0.662811 0.082899 0.128472
0 0.263092 0.688479 0.082899 0.128472
0 0.368246 0.630276 0.082899 0.128472
0 0.405969 0.549816 0.082899 0.128472
0 0.487123 0.541244 0.082899 0.128472
0 0.512277 0.388894 0.082899 0.128472
0 0.585431 0.284447 0.082899 0.128472
0 0.615154 0.441959 0.082899 0.128472
0 0.698600 0.404286 0.082899 0.128472
0 0.734031 0.318687 0.082899 0.128472
0 0.666600 0.298157 0.082899 0.128472
0 0.593431 0.162903 0.082899 0.128472
0 0.742046 0.188571 0.082899 0.128472
0 0.559138 0.053341 0.082899 0.128472
0 0.465415 0.039631 0.082899 0.128472
0 0.674600 0.125230 0.082899 0.128472
0 0.657446 0.200576 0.082899 0.128472
0 0.759185 0.109839 0.082899 0.128472
0 0.785477 0.039631 0.082899 0.128472
0 0.719185 0.019101 0.082899 0.128472
0 0.648308 0.043065 0.082899 0.128472
0 0.594585 0.053341 0.082899 0.128472
0 0.823200 0.161198 0.082899 0.128472
0 0.860923 0.102972 0.082899 0.128472
0 0.806046 0.282742 0.082899 0.128472
0 0.798046 0.411152 0.082899 0.128472
0 0.696323 0.536106 0.082899 0.128472
0 0.752323 0.488180 0.082899 0.128472
0 0.603723 0.587488 0.082899 0.128472
0 0.466554 0.655968 0.082899 0.128472
0 0.586585 0.739839 0.082899 0.128472
0 0.457415 0.775806 0.082899 0.128472
0 0.346523 0.794631 0.082899 0.128472
0 0.263092 0.815184 0.082899 0.128472
0 0.178492 0.794631 0.082899 0.128472
0 0.403692 0.878525 0.082899 0.128472
0 0.474554 0.911037 0.082899 0.128472
0 0.535138 0.840853 0.082899 0.128472
0 0.650600 0.881935 0.082899 0.128472
0 0.567154 0.967535 0.082899 0.128472
0 0.297385 0.965829 0.082899 0.128472
0 0.209354 0.970968 0.082899 0.128472
0 0.098477 0.960691 0.082899 0.128472
0 0.023031 0.899055 0.082899 0.128472
0 0.376246 0.984654 0.082899 0.128472
0 0.702031 0.989793 0.082899 0.128472
0 0.764908 0.919608 0.082899 0.128472
0 0.817477 0.822028 0.082899 0.128472
0 0.720323 0.811751 0.082899 0.128472
0 0.672308 0.726152 0.082899 0.128472
0 0.687169 0.657673 0.082899 0.128472
0 0.752323 0.703894 0.082899 0.128472
0 0.731754 0.597742 0.082899 0.128472
0 0.801477 0.609724 0.082899 0.128472
0 0.858631 0.560092 0.082899 0.128472
0 0.922646 0.537834 0.082899 0.128472
0 0.911215 0.652535 0.082899 0.128472
0 0.914646 0.799770 0.082899 0.128472
0 0.891785 0.899055 0.082899 0.128472
0 0.950077 0.378618 0.082899 0.128472
0 0.888354 0.270760 0.082899 0.128472
0 0.956938 0.239931 0.082899 0.128472
0 0.955800 0.111544 0.082899 0.128472
0 0.978662 0.659378 0.082899 0.128472
0 0.966092 0.722719 0.082899 0.128472
0 0.934077 0.731290 0.082899 0.128472
0 0.560292 0.640553 0.082899 0.128472
0 0.521431 0.587488 0.082899 0.128472
0 0.994662 0.496751 0.082899 0.128472
0 0.986662 0.190300 0.082899 0.128472
0 0.902077 0.007120 0.082899 0.128472
0 0.847200 0.037926 0.082899 0.128472
0 0.956938 0.013963 0.082899 0.128472
0 0.991231 0.851129 0.082899 0.128472
0 0.951231 0.984654 0.082899 0.128472
0 0.167062 0.902488 0.082899 0.128472
0 0.026462 0.022512 0.082899 0.128472
0 0.201354 0.041359 0.082899 0.128472
0 0.307662 0.013963 0.082899 0.128472
0 0.255077 0.185161 0.082899 0.128472
0 0.171631 0.186866 0.082899 0.128472
0 0.396831 0.717581 0.082899 0.128472
0 0.519400 0.310806 0.082899 0.128472
0 0.804492 0.199194 0.082899 0.128472