0 0.027425 0.202175 0.072664 0.113715
0 0.101113 0.154900 0.072664 0.113715
0 0.191728 0.105825 0.072664 0.113715
0 0.294419 0.074900 0.072664 0.113715
0 0.366894 0.062175 0.072664 0.113715
0 0.376561 0.151275 0.072664 0.113715
0 0.426096 0.233100 0.072664 0.113715
0 0.356030 0.260375 0.072664 0.113715
0 0.317359 0.191275 0.072664 0.113715
0 0.240050 0.214900 0.072664 0.113715
0 0.160316 0.202175 0.072664 0.113715
0 0.079369 0.269450 0.072664 0.113715
0 0.022591 0.294900 0.072664 0.113715
0 0.005681 0.364000 0.072664 0.113715
0 0.070914 0.387625 0.072664 0.113715
0 0.131312 0.336725 0.072664 0.113715
0 0.194136 0.320375 0.072664 0.113715
0 0.276296 0.378550 0.072664 0.113715
0 0.278704 0.282175 0.072664 0.113715
0 0.343937 0.364000 0.072664 0.113715
0 0.428505 0.369450 0.072664 0.113715
0 0.446628 0.473100 0.072664 0.113715
0 0.475631 0.554900 0.072664 0.113715
0 0.502209 0.678550 0.072664 0.113715
0 0.515498 0.800375 0.072664 0.113715
0 0.542076 0.907625 0.072664 0.113715
0 0.450249 0.927625 0.072664 0.113715
0 0.436960 0.769450 0.072664 0.113715
0 0.426096 0.662175 0.072664 0.113715
0 0.410382 0.556725 0.072664 0.113715
0 0.351196 0.478550 0.072664 0.113715
0 0.244884 0.493100 0.072664 0.113715
0 0.173605 0.424000 0.072664 0.113715
0 0.086628 0.502175 0.072664 0.113715
0 0.018970 0.474900 0.072664 0.113715
0 0.016545 0.574900 0.072664 0.113715
0 0.015349 0.640375 0.072664 0.113715
0 0.125282 0.622175 0.072664 0.113715
0 0.168771 0.524000 0.072664 0.113715
0 0.186894 0.605825 0.072664 0.113715
0 0.298040 0.542175 0.072664 0.113715
0 0.264203 0.654900 0.072664 0.113715
0 0.288372 0.587625 0.072664 0.113715
0 0.345150 0.636725 0.072664 0.113715
0 0.369319 0.745825 0.072664 0.113715
0 0.300449 0.749450 0.072664 0.113715
0 0.397093 0.844000 0.072664 0.113715
0 0.376561 0.965825 0.072664 0.113715
0 0.337907 0.864000 0.072664 0.113715
0 0.312542 0.933100 0.072664 0.113715
0 0.243671 0.869450 0.072664 0.113715
0 0.269037 0.980375 0.072664 0.113715
0 0.174817 0.956725 0.072664 0.113715
0 0.156694 0.818550 0.072664 0.113715
0 0.096279 0.709450 0.072664 0.113715
0 0.049169 0.771275 0.072664 0.113715
0 0.085415 0.889450 0.072664 0.113715
0 0.116578 0.992725 0.072664 0.113715
0 0.255033 0.118175 0.072664 0.113715
0 0.510183 0.015625 0.072664 0.113715
0 0.518870 0.070175 0.072664 0.113715
0 0.571063 0.017825 0.072664 0.113715
0 0.592807 0.089825 0.072664 0.113715
0 0.540615 0.159625 0.072664 0.113715
0 0.566711 0.242550 0.072664 0.113715
0 0.629053 0.192375 0.072664 0.113715
0 0.695748 0.148725 0.072664 0.113715
0 0.684136 0.035275 0.072664 0.113715
0 0.756628 0.030900 0.072664 0.113715
0 0.842159 0.039625 0.072664 0.113715
0 0.791429 0.126900 0.072664 0.113715
0 0.894352 0.116000 0.072664 0.113715
0 0.914651 0.020000 0.072664 0.113715
0 0.974086 0.102900 0.072664 0.113715
0 0.953787 0.205450 0.072664 0.113715
0 0.994385 0.236000 0.072664 0.113715
0 0.981329 0.366900 0.072664 0.113715
0 0.956694 0.294900 0.072664 0.113715
0 0.885648 0.236000 0.072664 0.113715
0 0.821860 0.194550 0.072664 0.113715
0 0.762425 0.268725 0.072664 0.113715
0 0.692841 0.277450 0.072664 0.113715
0 0.649352 0.338550 0.072664 0.113715
0 0.589917 0.364725 0.072664 0.113715
0 0.685598 0.399625 0.072664 0.113715
0 0.718937 0.366900 0.072664 0.113715
0 0.829120 0.308000 0.072664 0.113715
0 0.785631 0.382175 0.072664 0.113715
0 0.890000 0.351625 0.072664 0.113715
0 0.849419 0.438900 0.072664 0.113715
0 0.933488 0.438900 0.072664 0.113715
0 0.985681 0.484725 0.072664 0.113715
0 0.959585 0.578550 0.072664 0.113715
0 0.991478 0.694175 0.072664 0.113715
0 0.927691 0.678900 0.072664 0.113715
0 0.952342 0.757450 0.072664 0.113715
0 0.872608 0.753100 0.072664 0.113715
0 0.907392 0.528375 0.072664 0.113715
0 0.849419 0.613450 0.072664 0.113715
0 0.795764 0.526175 0.072664 0.113715
0 0.737791 0.452000 0.072664 0.113715
0 0.692841 0.508725 0.072664 0.113715
0 0.627608 0.493450 0.072664 0.113715
0 0.643555 0.600375 0.072664 0.113715
0 0.714585 0.613450 0.072664 0.113715
0 0.665299 0.694175 0.072664 0.113715
0 0.697193 0.790175 0.072664 0.113715
0 0.737791 0.731275 0.072664 0.113715
0 0.801578 0.700725 0.072664 0.113715
0 0.801578 0.796725 0.072664 0.113715
0 0.202060 0.736375 0.072664 0.113715