0 0.468941 0.184305 0.082176 0.139757
0 0.554941 0.246115 0.082176 0.139757
0 0.433824 0.311567 0.082176 0.139757
0 0.389000 0.238852 0.082176 0.139757
0 0.352676 0.397042 0.082176 0.139757
0 0.218221 0.409757 0.082176 0.139757
0 0.196426 0.573400 0.082176 0.139757
0 0.303015 0.502494 0.082176 0.139757
0 0.278779 0.589757 0.082176 0.139757
0 0.269088 0.682494 0.082176 0.139757
0 0.191574 0.720662 0.082176 0.139757
0 0.310279 0.857042 0.082176 0.139757
0 0.242441 0.929757 0.082176 0.139757
0 0.235176 0.802494 0.082176 0.139757
0 0.396279 0.964305 0.082176 0.139757
0 0.419294 0.866115 0.082176 0.139757
0 0.393853 0.684305 0.082176 0.139757
0 0.482265 0.751567 0.082176 0.139757
0 0.530721 0.791567 0.082176 0.139757
0 0.496809 0.907947 0.082176 0.139757
0 0.573118 0.980662 0.082176 0.139757
0 0.639735 0.960662 0.082176 0.139757
0 0.605824 0.866115 0.082176 0.139757
0 0.706353 0.880662 0.082176 0.139757
0 0.772971 0.880662 0.082176 0.139757
0 0.725735 0.986115 0.082176 0.139757
0 0.745103 0.760662 0.082176 0.139757
0 0.816574 0.631567 0.082176 0.139757
0 0.694235 0.662494 0.082176 0.139757
0 0.650632 0.747947 0.082176 0.139757
0 0.593706 0.613400 0.082176 0.139757
0 0.466529 0.609757 0.082176 0.139757
0 0.530721 0.558852 0.082176 0.139757
0 0.413235 0.524305 0.082176 0.139757
0 0.482265 0.427947 0.082176 0.139757
0 0.561000 0.393400 0.082176 0.139757
0 0.645794 0.364305 0.082176 0.139757
0 0.706353 0.333400 0.082176 0.139757
0 0.771750 0.429757 0.082176 0.139757
0 0.748735 0.557042 0.082176 0.139757
0 0.650632 0.504305 0.082176 0.139757
0 0.743897 0.637042 0.082176 0.139757
0 0.626412 0.293400 0.082176 0.139757