0 0.101433 0.392806 0.129902 0.085938
0 0.179067 0.369755 0.129902 0.085938
0 0.030700 0.433140 0.129902 0.085938
0 0.011733 0.498842 0.129902 0.085938
0 0.130767 0.532272 0.129902 0.085938
0 0.137667 0.463118 0.129902 0.085938
0 0.248067 0.512673 0.129902 0.085938
0 0.261867 0.576080 0.129902 0.085938
0 0.275667 0.419310 0.129902 0.085938
0 0.355033 0.463118 0.129902 0.085938
0 0.439533 0.493096 0.129902 0.085938
0 0.430933 0.558775 0.129902 0.085938
0 0.379167 0.582984 0.129902 0.085938
0 0.432633 0.679800 0.129902 0.085938
0 0.334333 0.654454 0.129902 0.085938
0 0.420567 0.632561 0.129902 0.085938
0 0.377433 0.757038 0.129902 0.085938
0 0.475767 0.776637 0.129902 0.085938
0 0.487833 0.735122 0.129902 0.085938
0 0.579267 0.743207 0.129902 0.085938
0 0.575833 0.691336 0.129902 0.085938
0 0.556867 0.645234 0.129902 0.085938
0 0.503367 0.586437 0.129902 0.085938
0 0.499933 0.844633 0.129902 0.085938
0 0.572367 0.882673 0.129902 0.085938
0 0.512700 0.943764 0.129902 0.085938
0 0.225133 0.223831 0.129902 0.085938
0 0.134900 0.275479 0.129902 0.085938
0 0.403500 0.237773 0.129902 0.085938
0 0.317233 0.265568 0.129902 0.085938
0 0.292733 0.344410 0.129902 0.085938
0 0.393300 0.325145 0.129902 0.085938
0 0.438000 0.394298 0.129902 0.085938
0 0.370367 0.388552 0.129902 0.085938
0 0.438000 0.131158 0.129902 0.085938
0 0.301367 0.183964 0.129902 0.085938
0 0.507000 0.192606 0.129902 0.085938
0 0.537200 0.252183 0.129902 0.085938
0 0.552900 0.344410 0.129902 0.085938
0 0.637767 0.281002 0.129902 0.085938
0 0.640700 0.134053 0.129902 0.085938
0 0.558733 0.098441 0.129902 0.085938
0 0.449367 0.079310 0.129902 0.085938
0 0.824567 0.111915 0.129902 0.085938
0 0.823200 0.172428 0.129902 0.085938
0 0.910833 0.186837 0.129902 0.085938
0 0.869267 0.240668 0.129902 0.085938
0 0.810267 0.261759 0.129902 0.085938
0 0.623433 0.230980 0.129902 0.085938
0 0.764200 0.327105 0.129902 0.085938
0 0.726933 0.353051 0.129902 0.085938
0 0.672267 0.426927 0.129902 0.085938
0 0.603267 0.446169 0.129902 0.085938
0 0.627767 0.496080 0.129902 0.085938
0 0.738333 0.478797 0.129902 0.085938
0 0.793000 0.423118 0.129902 0.085938
0 0.632933 0.578619 0.129902 0.085938
0 0.689000 0.590134 0.129902 0.085938
0 0.696233 0.657327 0.129902 0.085938
0 0.675200 0.804633 0.129902 0.085938
0 0.668967 0.723029 0.129902 0.085938
0 0.635700 0.852806 0.129902 0.085938
0 0.685367 0.883363 0.129902 0.085938
0 0.652233 0.944098 0.129902 0.085938
0 0.211333 0.201359 0.129902 0.085938
0 0.020200 0.071693 0.129902 0.085938
0 0.127133 0.647996 0.129902 0.085938