0 0.829042 0.527587 0.154412 0.114583
0 0.983925 0.344506 0.154412 0.114583
0 0.908167 0.470769 0.154412 0.114583
0 0.965183 0.065344 0.154412 0.114583
0 0.714733 0.980494 0.154412 0.114583
0 0.750083 0.929988 0.154412 0.114583
0 0.670958 0.927462 0.154412 0.114583
0 0.603617 0.994381 0.154412 0.114583
0 0.529542 0.976706 0.154412 0.114583
0 0.543017 0.904737 0.154412 0.114583
0 0.436950 0.940088 0.154412 0.114583
0 0.425167 0.845394 0.154412 0.114583
0 0.356142 0.839081 0.154412 0.114583
0 0.361192 0.908525 0.154412 0.114583
0 0.340992 0.887056 0.154412 0.114583
0 0.253450 0.907262 0.154412 0.114583
0 0.315742 0.953975 0.154412 0.114583
0 0.642342 0.827712 0.154412 0.114583
0 0.575000 0.778475 0.154412 0.114583
0 0.436950 0.740594 0.154412 0.114583
0 0.431900 0.693875 0.154412 0.114583
0 0.479042 0.630744 0.154412 0.114583
0 0.608667 0.587819 0.154412 0.114583
0 0.544700 0.687562 0.154412 0.114583
0 0.460525 0.546150 0.154412 0.114583
0 0.379717 0.589081 0.154412 0.114583
0 0.312375 0.544888 0.154412 0.114583
0 0.362875 0.480494 0.154412 0.114583
0 0.258500 0.465344 0.154412 0.114583
0 0.293858 0.412313 0.154412 0.114583
0 0.410017 0.368119 0.154412 0.114583
0 0.465575 0.422413 0.154412 0.114583
0 0.490825 0.453975 0.154412 0.114583
0 0.578367 0.408525 0.154412 0.114583
0 0.543017 0.341606 0.154412 0.114583
0 0.595200 0.450187 0.154412 0.114583
0 0.659175 0.519631 0.154412 0.114583
0 0.708000 0.618119 0.154412 0.114583
0 0.650758 0.700187 0.154412 0.114583
0 0.733250 0.746906 0.154412 0.114583
0 0.775333 0.792362 0.154412 0.114583
0 0.714733 0.839081 0.154412 0.114583
0 0.798908 0.981756 0.154412 0.114583
0 0.192842 0.955237 0.154412 0.114583
0 0.277017 0.994381 0.154412 0.114583
0 0.120458 0.971656 0.154412 0.114583
0 0.066583 0.937562 0.154412 0.114583
0 0.044700 0.970394 0.154412 0.114583
0 0.209683 0.339081 0.154412 0.114583
0 0.095200 0.345394 0.154412 0.114583
0 0.095200 0.259531 0.154412 0.114583
0 0.009342 0.246906 0.154412 0.114583
0 0.009342 0.317613 0.154412 0.114583
0 0.031225 0.159787 0.154412 0.114583
0 0.270283 0.227969 0.154412 0.114583
0 0.295542 0.304988 0.154412 0.114583
0 0.447050 0.281000 0.154412 0.114583
0 0.654125 0.316350 0.154412 0.114583
0 0.728200 0.387056 0.154412 0.114583
0 0.766917 0.471656 0.154412 0.114583
0 0.869617 0.428725 0.154412 0.114583
0 0.901600 0.318875 0.154412 0.114583
0 0.758500 0.240594 0.154412 0.114583
0 0.904967 0.221656 0.154412 0.114583
0 0.980725 0.153475 0.154412 0.114583
0 0.832575 0.119381 0.154412 0.114583
0 0.665908 0.163575 0.154412 0.114583
0 0.588467 0.238069 0.154412 0.114583
0 0.499242 0.185037 0.154412 0.114583
0 0.610350 0.090344 0.154412 0.114583
0 0.391500 0.104231 0.154412 0.114583
0 0.413383 0.206500 0.154412 0.114583
0 0.297225 0.168625 0.154412 0.114583
0 0.192842 0.120644 0.154412 0.114583
0 0.783758 0.657262 0.154412 0.114583
0 0.894867 0.033525 0.154412 0.114583
0 0.766917 0.052462 0.154412 0.114583
0 0.475675 0.017106 0.154412 0.114583
0 0.310692 0.049938 0.154412 0.114583
0 0.251767 0.053725 0.154412 0.114583
0 0.191158 0.020894 0.154412 0.114583
0 0.118775 0.082762 0.154412 0.114583
0 0.014392 0.090344 0.154412 0.114583