0 0.389192 0.208542 0.107317 0.119792
0 0.479025 0.121280 0.107317 0.119792
0 0.485153 0.234732 0.107317 0.119792
0 0.581142 0.210744 0.107317 0.119792
0 0.579081 0.140923 0.107317 0.119792
0 0.615850 0.116905 0.107317 0.119792
0 0.319749 0.452917 0.107317 0.119792
0 0.323844 0.389643 0.107317 0.119792
0 0.272786 0.389643 0.107317 0.119792
0 0.334039 0.328542 0.107317 0.119792
0 0.419805 0.328542 0.107317 0.119792
0 0.554596 0.359107 0.107317 0.119792
0 0.542340 0.472560 0.107317 0.119792
0 0.472897 0.424554 0.107317 0.119792
0 0.405515 0.490000 0.107317 0.119792
0 0.374903 0.625268 0.107317 0.119792
0 0.323844 0.572917 0.107317 0.119792
0 0.334039 0.520565 0.107317 0.119792
0 0.283008 0.511815 0.107317 0.119792
0 0.256462 0.607827 0.107317 0.119792
0 0.319749 0.695089 0.107317 0.119792
0 0.240111 0.727827 0.107317 0.119792
0 0.299331 0.799821 0.107317 0.119792
0 0.229916 0.839107 0.107317 0.119792
0 0.260529 0.865268 0.107317 0.119792
0 0.399387 0.828185 0.107317 0.119792
0 0.456574 0.784554 0.107317 0.119792
0 0.472897 0.690744 0.107317 0.119792
0 0.528050 0.586012 0.107317 0.119792
0 0.454540 0.583810 0.107317 0.119792
0 0.589304 0.531458 0.107317 0.119792
0 0.624011 0.441994 0.107317 0.119792
0 0.664847 0.387470 0.107317 0.119792
0 0.636267 0.295833 0.107317 0.119792
0 0.681198 0.221637 0.107317 0.119792
0 0.734290 0.300179 0.107317 0.119792
0 0.715905 0.389643 0.107317 0.119792
0 0.705710 0.472560 0.107317 0.119792
0 0.670975 0.540179 0.107317 0.119792
0 0.738384 0.566369 0.107317 0.119792
0 0.621978 0.601280 0.107317 0.119792
0 0.570919 0.703810 0.107317 0.119792
0 0.634234 0.664554 0.107317 0.119792
0 0.536212 0.795446 0.107317 0.119792
0 0.487214 0.850000 0.107317 0.119792
0 0.532117 0.852202 0.107317 0.119792
0 0.350390 0.889286 0.107317 0.119792