0 0.284697 0.482500 0.069010 0.100694
0 0.264609 0.550091 0.069010 0.100694
0 0.326719 0.537917 0.069010 0.100694
0 0.355947 0.486771 0.069010 0.100694
0 0.392480 0.445977 0.069010 0.100694
0 0.341328 0.358294 0.069010 0.100694
0 0.399785 0.375951 0.069010 0.100694
0 0.328545 0.614635 0.069010 0.100694
0 0.384258 0.587852 0.069010 0.100694
0 0.302051 0.594544 0.069010 0.100694
0 0.445908 0.523307 0.069010 0.100694
0 0.481074 0.590286 0.069010 0.100694
0 0.422617 0.636563 0.069010 0.100694
0 0.406631 0.540964 0.069010 0.100694
0 0.481982 0.435013 0.069010 0.100694
0 0.538613 0.535482 0.069010 0.100694
0 0.535879 0.600026 0.069010 0.100694
0 0.502539 0.525130 0.069010 0.100694
0 0.451846 0.329062 0.069010 0.100694
0 0.451846 0.265130 0.069010 0.100694
0 0.483359 0.228594 0.069010 0.100694
0 0.517607 0.283398 0.069010 0.100694
0 0.471484 0.164661 0.069010 0.100694
0 0.546377 0.096458 0.069010 0.100694
0 0.547295 0.196927 0.069010 0.100694
0 0.610771 0.244427 0.069010 0.100694
0 0.576064 0.246250 0.069010 0.100694
0 0.622646 0.321758 0.069010 0.100694
0 0.553232 0.392383 0.069010 0.100694
0 0.575146 0.486771 0.069010 0.100694
0 0.614883 0.438060 0.069010 0.100694
0 0.641367 0.497734 0.069010 0.100694
0 0.674248 0.452057 0.069010 0.100694
0 0.532676 0.467891 0.069010 0.100694
0 0.691143 0.564714 0.069010 0.100694
0 0.681094 0.667005 0.069010 0.100694
0 0.736816 0.499557 0.069010 0.100694
0 0.708496 0.421003 0.069010 0.100694
0 0.703477 0.369245 0.069010 0.100694
0 0.681094 0.327839 0.069010 0.100694
0 0.662832 0.380208 0.069010 0.100694
0 0.626758 0.398477 0.069010 0.100694
0 0.654150 0.271823 0.069010 0.100694