0 0.384502 0.874705 0.083455 0.148438
0 0.345088 0.985660 0.083455 0.148438
0 0.258594 0.936997 0.083455 0.148438
0 0.144727 0.905851 0.083455 0.148438
0 0.181943 0.991493 0.083455 0.148438
0 0.548740 0.989549 0.083455 0.148438
0 0.743623 0.987604 0.083455 0.148438
0 0.646182 0.975920 0.083455 0.148438
0 0.821367 0.962292 0.083455 0.148438
0 0.888154 0.886389 0.083455 0.148438
0 0.888154 0.750122 0.083455 0.148438
0 0.895820 0.613872 0.083455 0.148438
0 0.877207 0.495139 0.083455 0.148438
0 0.877207 0.362778 0.083455 0.148438
0 0.875010 0.218750 0.083455 0.148438
0 0.809316 0.135052 0.083455 0.148438
0 0.753477 0.051354 0.083455 0.148438
0 0.677930 0.016302 0.083455 0.148438
0 0.647275 0.070816 0.083455 0.148438
0 0.734863 0.172031 0.083455 0.148438
0 0.801660 0.269358 0.083455 0.148438
0 0.799463 0.444531 0.083455 0.148438
0 0.793994 0.588576 0.083455 0.148438
0 0.799463 0.738455 0.083455 0.148438
0 0.735967 0.880538 0.083455 0.148438
0 0.659316 0.831875 0.083455 0.148438
0 0.721729 0.658646 0.083455 0.148438
0 0.720635 0.497083 0.083455 0.148438
0 0.735967 0.337483 0.083455 0.148438
0 0.659316 0.226528 0.083455 0.148438
0 0.575010 0.138941 0.083455 0.148438
0 0.489609 0.066910 0.083455 0.148438
0 0.565156 0.024097 0.083455 0.148438
0 0.354941 0.014358 0.083455 0.148438
0 0.241074 0.018264 0.083455 0.148438
0 0.451289 0.006580 0.083455 0.148438
0 0.400928 0.063021 0.083455 0.148438
0 0.296914 0.066910 0.083455 0.148438
0 0.166621 0.066910 0.083455 0.148438
0 0.135967 0.201233 0.083455 0.148438
0 0.099834 0.323854 0.083455 0.148438
0 0.037422 0.403663 0.083455 0.148438
0 0.052754 0.534080 0.083455 0.148438
0 0.043994 0.680052 0.083455 0.148438
0 0.098740 0.775434 0.083455 0.148438
0 0.203848 0.769601 0.083455 0.148438
0 0.292529 0.771545 0.083455 0.148438
0 0.137061 0.648906 0.083455 0.148438
0 0.139248 0.475677 0.083455 0.148438
0 0.177568 0.343316 0.083455 0.148438
0 0.239980 0.209010 0.083455 0.148438
0 0.339609 0.179809 0.083455 0.148438
0 0.265156 0.333576 0.083455 0.148438
0 0.226836 0.479566 0.083455 0.148438
0 0.223555 0.631389 0.083455 0.148438
0 0.306768 0.615816 0.083455 0.148438
0 0.387783 0.732604 0.083455 0.148438
0 0.480850 0.816302 0.083455 0.148438
0 0.558594 0.742344 0.083455 0.148438
0 0.642900 0.687847 0.083455 0.148438
0 0.647275 0.524340 0.083455 0.148438
0 0.654941 0.380295 0.083455 0.148438
0 0.570635 0.440642 0.083455 0.148438
0 0.567354 0.602205 0.083455 0.148438
0 0.479756 0.524340 0.083455 0.148438
0 0.480850 0.664479 0.083455 0.148438
0 0.388887 0.590521 0.083455 0.148438
0 0.412969 0.423125 0.083455 0.148438
0 0.488516 0.380295 0.083455 0.148438
0 0.567354 0.294653 0.083455 0.148438
0 0.501660 0.216788 0.083455 0.148438
0 0.426113 0.205122 0.083455 0.148438
0 0.361514 0.296597 0.083455 0.148438
0 0.316621 0.444531 0.083455 0.148438
0 0.559688 0.888142 0.083455 0.148438
0 0.466943 0.948663 0.083455 0.148438