0 0.558323 0.628034 0.202546 0.204861
0 0.555080 0.367026 0.202546 0.204861
0 0.556150 0.238969 0.202546 0.204861
0 0.524840 0.154652 0.202546 0.204861
0 0.558323 0.091439 0.202546 0.204861
0 0.548594 0.026595 0.202546 0.204861
0 0.227859 0.641007 0.202546 0.204861
0 0.290495 0.397842 0.202546 0.204861
0 0.326134 0.253549 0.202546 0.204861
0 0.372572 0.162758 0.202546 0.204861
0 0.395256 0.081703 0.202546 0.204861
0 0.409281 0.034700 0.202546 0.204861
0 0.242987 0.060624 0.202546 0.204861
0 0.215990 0.109257 0.202546 0.204861
0 0.182508 0.180600 0.202546 0.204861
0 0.122029 0.279496 0.202546 0.204861
0 0.059393 0.446475 0.202546 0.204861
0 0.016198 0.621559 0.202546 0.204861
0 0.885527 0.641007 0.202546 0.204861
0 0.813179 0.396211 0.202546 0.204861
0 0.775383 0.240576 0.202546 0.204861
0 0.738658 0.162758 0.202546 0.204861
0 0.726789 0.080096 0.202546 0.204861
0 0.696550 0.034700 0.202546 0.204861
0 0.882284 0.088201 0.202546 0.204861
0 0.933051 0.175731 0.202546 0.204861
0 0.974089 0.279496 0.202546 0.204861