0 0.184094 0.754542 0.051432 0.039931
0 0.247734 0.757583 0.051432 0.039931
0 0.106813 0.772729 0.051432 0.039931
0 0.022734 0.768188 0.051432 0.039931
0 0.302266 0.513646 0.051432 0.039931
0 0.285234 0.434854 0.051432 0.039931
0 0.323859 0.418187 0.051432 0.039931
0 0.347734 0.454542 0.051432 0.039931
0 0.421594 0.442417 0.051432 0.039931
0 0.442047 0.415146 0.051432 0.039931
0 0.075000 0.453021 0.051432 0.039931
0 0.498750 0.396813 0.051432 0.039931
0 0.506703 0.406208 0.051432 0.039931
0 0.428297 0.390458 0.051432 0.039931
0 0.518984 0.378937 0.051432 0.039931
0 0.532609 0.388646 0.051432 0.039931
0 0.571359 0.429250 0.051432 0.039931
0 0.539438 0.459688 0.051432 0.039931
0 0.633984 0.508646 0.051432 0.039931
0 0.619203 0.442417 0.051432 0.039931
0 0.606484 0.401979 0.051432 0.039931
0 0.696813 0.418792 0.051432 0.039931
0 0.656141 0.403333 0.051432 0.039931
0 0.722047 0.510146 0.051432 0.039931
0 0.716359 0.453021 0.051432 0.039931
0 0.739891 0.423938 0.051432 0.039931
0 0.547844 0.642875 0.051432 0.039931
0 0.625906 0.693479 0.051432 0.039931
0 0.726703 0.779688 0.051432 0.039931
0 0.708641 0.773021 0.051432 0.039931
0 0.711938 0.755604 0.051432 0.039931
0 0.847500 0.692125 0.051432 0.039931
0 0.906016 0.609396 0.051432 0.039931
0 0.844766 0.539250 0.051432 0.039931
0 0.937391 0.507125 0.051432 0.039931
0 0.971250 0.450458 0.051432 0.039931
0 0.916016 0.426813 0.051432 0.039931
0 0.848516 0.441208 0.051432 0.039931
0 0.766938 0.426063 0.051432 0.039931