0 0.010939 0.918146 0.030792 0.039062
0 0.053615 0.888604 0.030792 0.039062
0 0.028298 0.818000 0.030792 0.039062
0 0.005880 0.800667 0.030792 0.039062
0 0.052887 0.789750 0.030792 0.039062
0 0.017453 0.707583 0.030792 0.039062
0 0.097735 0.741604 0.030792 0.039062
0 0.125951 0.782042 0.030792 0.039062
0 0.149096 0.649813 0.030792 0.039062
0 0.036620 0.619000 0.030792 0.039062
0 0.022512 0.600375 0.030792 0.039062
0 0.010575 0.621563 0.030792 0.039062
0 0.025763 0.471354 0.030792 0.039062
0 0.300270 0.698604 0.030792 0.039062
0 0.232277 0.742896 0.030792 0.039062
0 0.236620 0.709500 0.030792 0.039062
0 0.365000 0.841104 0.030792 0.039062
0 0.038791 0.343604 0.030792 0.039062
0 0.062289 0.269771 0.030792 0.039062
0 0.073509 0.290313 0.030792 0.039062
0 0.086890 0.302521 0.030792 0.039062
0 0.095927 0.262063 0.030792 0.039062
0 0.128474 0.405875 0.030792 0.039062
0 0.135716 0.369917 0.030792 0.039062
0 0.156690 0.334604 0.030792 0.039062
0 0.299906 0.548375 0.030792 0.039062
0 0.290505 0.530396 0.030792 0.039062
0 0.269531 0.477125 0.030792 0.039062
0 0.253979 0.479042 0.030792 0.039062
0 0.252887 0.417417 0.030792 0.039062
0 0.053615 0.086187 0.030792 0.039062
0 0.055423 0.132396 0.030792 0.039062
0 0.146561 0.156146 0.030792 0.039062
0 0.163920 0.052146 0.030792 0.039062
0 0.252523 0.035458 0.030792 0.039062
0 0.206960 0.034188 0.030792 0.039062
0 0.243486 0.005938 0.030792 0.039062
0 0.246385 0.190167 0.030792 0.039062
0 0.227570 0.301229 0.030792 0.039062
0 0.407676 0.574708 0.030792 0.039062
0 0.379472 0.575979 0.030792 0.039062
0 0.410575 0.534250 0.030792 0.039062
0 0.341854 0.452083 0.030792 0.039062
0 0.414918 0.453375 0.030792 0.039062
0 0.406960 0.353229 0.030792 0.039062
0 0.355599 0.354521 0.030792 0.039062
0 0.348005 0.373125 0.030792 0.039062
0 0.320880 0.237688 0.030792 0.039062
0 0.361385 0.244104 0.030792 0.039062
0 0.377664 0.070771 0.030792 0.039062
0 0.393932 0.114417 0.030792 0.039062
0 0.352347 0.095167 0.030792 0.039062
0 0.333181 0.066271 0.030792 0.039062
0 0.457230 0.074625 0.030792 0.039062
0 0.576937 0.170271 0.030792 0.039062
0 0.596103 0.185688 0.030792 0.039062
0 0.531725 0.154229 0.030792 0.039062
0 0.493028 0.130479 0.030792 0.039062
0 0.499178 0.217125 0.030792 0.039062
0 0.566092 0.065625 0.030792 0.039062
0 0.599354 0.111854 0.030792 0.039062
0 0.677840 0.095167 0.030792 0.039062
0 0.688685 0.135604 0.030792 0.039062
0 0.690857 0.174771 0.030792 0.039062
0 0.680376 0.294812 0.030792 0.039062
0 0.683991 0.315354 0.030792 0.039062
0 0.662653 0.412938 0.030792 0.039062
0 0.714366 0.396875 0.030792 0.039062
0 0.723052 0.339104 0.030792 0.039062
0 0.779472 0.206854 0.030792 0.039062
0 0.800810 0.225479 0.030792 0.039062
0 0.547277 0.599104 0.030792 0.039062
0 0.504249 0.692813 0.030792 0.039062
0 0.476761 0.798104 0.030792 0.039062
0 0.711115 0.844958 0.030792 0.039062
0 0.698099 0.863583 0.030792 0.039062
0 0.725575 0.653021 0.030792 0.039062
0 0.732817 0.688958 0.030792 0.039062
0 0.721244 0.702438 0.030792 0.039062
0 0.690857 0.556083 0.030792 0.039062
0 0.741127 0.471354 0.030792 0.039062
0 0.894472 0.730688 0.030792 0.039062
0 0.876749 0.367354 0.030792 0.039062
0 0.951984 0.218417 0.030792 0.039062
0 0.942582 0.166417 0.030792 0.039062
0 0.859390 0.147167 0.030792 0.039062
0 0.857946 0.113146 0.030792 0.039062
0 0.840223 0.125979 0.030792 0.039062
0 0.842758 0.088104 0.030792 0.039062
0 0.972594 0.104792 0.030792 0.039062
0 0.442394 0.430896 0.030792 0.039062
0 0.577664 0.421917 0.030792 0.039062