0 0.672344 0.796130 0.168863 0.260417
0 0.714375 0.576574 0.168863 0.260417
0 0.797562 0.443926 0.168863 0.260417
0 0.831010 0.312796 0.168863 0.260417
0 0.692073 0.218278 0.168863 0.260417
0 0.651760 0.335667 0.168863 0.260417
0 0.571146 0.439352 0.168863 0.260417
0 0.511969 0.628407 0.168863 0.260417
0 0.377323 0.500333 0.168863 0.260417
0 0.448510 0.335667 0.168863 0.260417
0 0.534271 0.256389 0.168863 0.260417
0 0.588302 0.183204 0.168863 0.260417
0 0.486240 0.090204 0.168863 0.260417
0 0.414198 0.184722 0.168863 0.260417
0 0.343021 0.268593 0.168863 0.260417
0 0.263260 0.401241 0.168863 0.260417
0 0.160344 0.314333 0.168863 0.260417
0 0.225521 0.206074 0.168863 0.260417
0 0.304427 0.134407 0.168863 0.260417
0 0.381615 0.068852 0.168863 0.260417