0 0.684083 0.771211 0.263889 0.172743
0 0.450000 0.792422 0.263889 0.172743
0 0.220450 0.707578 0.263889 0.172743
0 0.131817 0.593944 0.263889 0.172743
0 0.106817 0.460611 0.263889 0.172743
0 0.181817 0.339389 0.263889 0.172743
0 0.431817 0.387878 0.263889 0.172743
0 0.334083 0.510611 0.263889 0.172743
0 0.529550 0.493944 0.263889 0.172743
0 0.486367 0.631822 0.263889 0.172743
0 0.715917 0.574244 0.263889 0.172743
0 0.870450 0.690911 0.263889 0.172743
0 0.947733 0.569700 0.263889 0.172743
0 0.936367 0.427278 0.263889 0.172743
0 0.809083 0.290911 0.263889 0.172743
0 0.688633 0.389389 0.263889 0.172743
0 0.588633 0.250000 0.263889 0.172743
0 0.393183 0.266667 0.263889 0.172743