0 0.256812 0.330300 0.098307 0.085938
0 0.301138 0.327267 0.098307 0.085938
0 0.386362 0.287883 0.098307 0.085938
0 0.427625 0.388333 0.098307 0.085938
0 0.146875 0.673500 0.098307 0.085938
0 0.216000 0.744167 0.098307 0.085938
0 0.579375 0.316500 0.098307 0.085938
0 0.677125 0.286167 0.098307 0.085938
0 0.795875 0.307833 0.098307 0.085938
0 0.853625 0.316500 0.098307 0.085938
0 0.721587 0.398483 0.098307 0.085938
0 0.794313 0.440917 0.098307 0.085938
0 0.537125 0.248833 0.098307 0.085938
0 0.411500 0.174667 0.098307 0.085938
0 0.351000 0.149167 0.098307 0.085938