0 0.041956 0.050307 0.062112 0.083333
0 0.111867 0.009413 0.062112 0.083333
0 0.202267 0.029106 0.062112 0.083333
0 0.273400 0.071536 0.062112 0.083333
0 0.334867 0.018492 0.062112 0.083333
0 0.360178 0.106369 0.062112 0.083333
0 0.290267 0.183659 0.062112 0.083333
0 0.196244 0.121536 0.062112 0.083333
0 0.119111 0.129106 0.062112 0.083333
0 0.032311 0.159413 0.062112 0.083333
0 0.119111 0.239721 0.062112 0.083333
0 0.207089 0.223045 0.062112 0.083333
0 0.280622 0.289721 0.062112 0.083333
0 0.191422 0.327598 0.062112 0.083333
0 0.109467 0.335168 0.062112 0.083333
0 0.025089 0.312430 0.062112 0.083333
0 0.034733 0.418492 0.062112 0.083333
0 0.117889 0.442737 0.062112 0.083333
0 0.017844 0.518492 0.062112 0.083333
0 0.090178 0.536676 0.062112 0.083333
0 0.179378 0.512430 0.062112 0.083333
0 0.225178 0.423045 0.062112 0.083333
0 0.298711 0.385168 0.062112 0.083333
0 0.273400 0.510922 0.062112 0.083333
0 0.293889 0.610922 0.062112 0.083333
0 0.210711 0.609413 0.062112 0.083333
0 0.099822 0.648799 0.062112 0.083333
0 0.019067 0.651844 0.062112 0.083333
0 0.016644 0.756369 0.062112 0.083333
0 0.085356 0.762430 0.062112 0.083333
0 0.050400 0.851844 0.062112 0.083333
0 0.132356 0.876089 0.062112 0.083333
0 0.232422 0.894246 0.062112 0.083333
0 0.190222 0.801844 0.062112 0.083333
0 0.167311 0.709413 0.062112 0.083333
0 0.254111 0.694246 0.062112 0.083333
0 0.270978 0.800307 0.062112 0.083333
0 0.313178 0.888184 0.062112 0.083333
0 0.365000 0.801844 0.062112 0.083333
0 0.336067 0.700307 0.062112 0.083333
0 0.377067 0.603352 0.062112 0.083333
0 0.360178 0.507905 0.062112 0.083333
0 0.385489 0.415475 0.062112 0.083333
0 0.361378 0.312430 0.062112 0.083333
0 0.375844 0.218492 0.062112 0.083333
0 0.437333 0.123045 0.062112 0.083333
0 0.420444 0.029106 0.062112 0.083333
0 0.495178 0.066983 0.062112 0.083333
0 0.575956 0.089721 0.062112 0.083333
0 0.645867 0.066983 0.062112 0.083333
0 0.620556 0.170028 0.062112 0.083333
0 0.550644 0.188184 0.062112 0.083333
0 0.455400 0.239721 0.062112 0.083333
0 0.455400 0.342737 0.062112 0.083333
0 0.547022 0.288184 0.062112 0.083333
0 0.625378 0.283659 0.062112 0.083333
0 0.702511 0.247291 0.062112 0.083333
0 0.656711 0.373045 0.062112 0.083333
0 0.533756 0.388184 0.062112 0.083333
0 0.591622 0.438184 0.062112 0.083333
0 0.519289 0.491229 0.062112 0.083333
0 0.456622 0.438184 0.062112 0.083333
0 0.436111 0.530615 0.062112 0.083333
0 0.454200 0.633659 0.062112 0.083333
0 0.524111 0.586676 0.062112 0.083333
0 0.503622 0.709413 0.062112 0.083333
0 0.415622 0.715475 0.062112 0.083333
0 0.453000 0.803352 0.062112 0.083333
0 0.533756 0.803352 0.062112 0.083333
0 0.483133 0.915475 0.062112 0.083333
0 0.397556 0.894246 0.062112 0.083333
0 0.561489 0.903352 0.062112 0.083333
0 0.635000 0.932151 0.062112 0.083333
0 0.627778 0.838184 0.062112 0.083333
0 0.694067 0.883659 0.062112 0.083333
0 0.690467 0.794246 0.062112 0.083333
0 0.667556 0.688184 0.062112 0.083333
0 0.603667 0.741229 0.062112 0.083333
0 0.594022 0.639721 0.062112 0.083333
0 0.665156 0.592737 0.062112 0.083333
0 0.598844 0.542737 0.062112 0.083333
0 0.665156 0.494246 0.062112 0.083333
0 0.735067 0.538184 0.062112 0.083333
0 0.730244 0.444246 0.062112 0.083333
0 0.736267 0.339721 0.062112 0.083333
0 0.788089 0.273045 0.062112 0.083333
0 0.789311 0.171536 0.062112 0.083333
0 0.707333 0.144246 0.062112 0.083333
0 0.725422 0.023045 0.062112 0.083333
0 0.554244 0.007905 0.062112 0.083333
0 0.801356 0.051844 0.062112 0.083333
0 0.851978 0.121536 0.062112 0.083333
0 0.862822 0.020028 0.062112 0.083333
0 0.927911 0.097291 0.062112 0.083333
0 0.938778 0.018492 0.062112 0.083333
0 0.984578 0.088184 0.062112 0.083333
0 0.993000 0.185168 0.062112 0.083333
0 0.931533 0.186676 0.062112 0.083333
0 0.949622 0.280615 0.062112 0.083333
0 0.856800 0.221536 0.062112 0.083333
0 0.872467 0.318492 0.062112 0.083333
0 0.943600 0.379106 0.062112 0.083333
0 0.879711 0.416983 0.062112 0.083333
0 0.808578 0.368492 0.062112 0.083333
0 0.806178 0.463966 0.062112 0.083333
0 0.878489 0.515475 0.062112 0.083333
0 0.946000 0.482151 0.062112 0.083333
0 0.953222 0.591229 0.062112 0.083333
0 0.874889 0.618492 0.062112 0.083333
0 0.808578 0.563966 0.062112 0.083333
0 0.808578 0.660922 0.062112 0.083333
0 0.731444 0.642737 0.062112 0.083333
0 0.761578 0.744246 0.062112 0.083333
0 0.845956 0.757905 0.062112 0.083333
0 0.914667 0.716983 0.062112 0.083333
0 0.980956 0.673045 0.062112 0.083333
0 0.971311 0.770028 0.062112 0.083333
0 0.952022 0.901844 0.062112 0.083333
0 0.907422 0.815475 0.062112 0.083333
0 0.839933 0.856369 0.062112 0.083333
0 0.882111 0.936676 0.062112 0.083333
0 0.796533 0.936676 0.062112 0.083333
0 0.770022 0.853352 0.062112 0.083333