0 0.003594 0.579375 0.399510 0.227431
0 0.022969 0.349583 0.399510 0.227431
0 0.032891 0.157542 0.399510 0.227431
0 0.303359 0.128750 0.399510 0.227431
0 0.753359 0.159052 0.399510 0.227431
0 0.966984 0.180260 0.399510 0.227431
0 0.998812 0.356021 0.399510 0.227431
0 0.994266 0.592385 0.399510 0.227431
0 0.764719 0.630260 0.399510 0.227431
0 0.741984 0.368146 0.399510 0.227431
0 0.316984 0.389354 0.399510 0.227431
0 0.305625 0.589354 0.399510 0.227431
0 0.228578 0.873448 0.399510 0.227431
0 0.746984 0.911177 0.399510 0.227431