0 0.152460 0.202988 0.138889 0.190972
0 0.316111 0.198440 0.138889 0.190972
0 0.471667 0.201476 0.138889 0.190972
0 0.669635 0.206012 0.138889 0.190972
0 0.833270 0.204500 0.138889 0.190972
0 0.841349 0.419655 0.138889 0.190972
0 0.734286 0.380262 0.138889 0.190972
0 0.572667 0.409048 0.138889 0.190972
0 0.429238 0.377226 0.138889 0.190972
0 0.281762 0.404500 0.138889 0.190972
0 0.150444 0.399952 0.138889 0.190972
0 0.164587 0.575714 0.138889 0.190972
0 0.330238 0.598440 0.138889 0.190972
0 0.471667 0.612083 0.138889 0.190972
0 0.582778 0.562083 0.138889 0.190972
0 0.701968 0.622679 0.138889 0.190972
0 0.831254 0.618143 0.138889 0.190972
0 0.855492 0.798440 0.138889 0.190972
0 0.712063 0.810560 0.138889 0.190972
0 0.602968 0.780262 0.138889 0.190972
0 0.467619 0.798440 0.138889 0.190972
0 0.306000 0.790869 0.138889 0.190972
0 0.160556 0.810560 0.138889 0.190972