0 0.076038 0.788203 0.101533 0.071181
0 0.074700 0.855475 0.101533 0.071181
0 0.355777 0.780930 0.101533 0.071181
0 0.498992 0.780930 0.101533 0.071181
0 0.509700 0.842748 0.101533 0.071181
0 0.816208 0.840930 0.101533 0.071181
0 0.939346 0.766385 0.101533 0.071181
0 0.942023 0.844566 0.101533 0.071181
0 0.947377 0.893657 0.101533 0.071181
0 0.037846 0.154441 0.101533 0.071181
0 0.053646 0.222623 0.101533 0.071181
0 0.040631 0.312268 0.101533 0.071181
0 0.268362 0.110251 0.101533 0.071181
0 0.279515 0.155705 0.101533 0.071181
0 0.276723 0.198631 0.101533 0.071181
0 0.281369 0.290805 0.101533 0.071181
0 0.411500 0.314796 0.101533 0.071181
0 0.391977 0.261766 0.101533 0.071181
0 0.384546 0.182215 0.101533 0.071181
0 0.381754 0.139289 0.101533 0.071181
0 0.378969 0.095099 0.101533 0.071181
0 0.603900 0.115298 0.101533 0.071181
0 0.609477 0.153177 0.101533 0.071181
0 0.625285 0.194848 0.101533 0.071181
0 0.649446 0.276917 0.101533 0.071181
0 0.762846 0.313532 0.101533 0.071181
0 0.740538 0.225152 0.101533 0.071181
0 0.711723 0.187273 0.101533 0.071181
0 0.704285 0.141818 0.101533 0.071181
0 0.685700 0.103939 0.101533 0.071181
0 0.061454 0.547367 0.101533 0.071181
0 0.089338 0.603427 0.101533 0.071181
0 0.093800 0.665549 0.101533 0.071181
0 0.353685 0.501912 0.101533 0.071181
0 0.365954 0.547367 0.101533 0.071181
0 0.365954 0.598882 0.101533 0.071181
0 0.364838 0.661003 0.101533 0.071181
0 0.878385 0.043459 0.101533 0.071181
0 0.896131 0.080449 0.101533 0.071181
0 0.915377 0.108861 0.101533 0.071181
0 0.934615 0.167827 0.101533 0.071181
0 0.974769 0.052163 0.101533 0.071181
0 0.852731 0.501661 0.101533 0.071181
0 0.741931 0.503814 0.101533 0.071181
0 0.735515 0.553939 0.101533 0.071181
0 0.757923 0.608485 0.101533 0.071181
0 0.855977 0.549645 0.101533 0.071181
0 0.871969 0.612905 0.101533 0.071181
0 0.897715 0.715423 0.101533 0.071181
0 0.790077 0.724138 0.101533 0.071181
0 0.362885 0.719843 0.101533 0.071181
0 0.101054 0.726280 0.101533 0.071181
0 0.472100 0.553939 0.101533 0.071181
0 0.472100 0.601912 0.101533 0.071181
0 0.481677 0.658736 0.101533 0.071181
0 0.494592 0.724138 0.101533 0.071181