0 0.865450 0.015523 0.044834 0.039931
0 0.837250 0.008552 0.044834 0.039931
0 0.108313 0.135523 0.044834 0.039931
0 0.064075 0.176949 0.044834 0.039931
0 0.067062 0.215702 0.044834 0.039931
0 0.103813 0.243764 0.044834 0.039931
0 0.106062 0.281180 0.044834 0.039931
0 0.061075 0.326615 0.044834 0.039931
0 0.063325 0.364031 0.044834 0.039931
0 0.111312 0.364031 0.044834 0.039931
0 0.109813 0.401425 0.044834 0.039931
0 0.066312 0.401425 0.044834 0.039931
0 0.065575 0.434833 0.044834 0.039931
0 0.107563 0.438842 0.044834 0.039931
0 0.067812 0.469577 0.044834 0.039931
0 0.111312 0.476258 0.044834 0.039931
0 0.067812 0.516347 0.044834 0.039931
0 0.109813 0.512339 0.044834 0.039931
0 0.067062 0.556437 0.044834 0.039931
0 0.109062 0.545746 0.044834 0.039931
0 0.069312 0.591180 0.044834 0.039931
0 0.107563 0.584499 0.044834 0.039931
0 0.109062 0.624588 0.044834 0.039931
0 0.069312 0.627261 0.044834 0.039931
0 0.107563 0.660668 0.044834 0.039931
0 0.063325 0.664677 0.044834 0.039931
0 0.067062 0.704744 0.044834 0.039931
0 0.112812 0.698062 0.044834 0.039931
0 0.115062 0.739488 0.044834 0.039931
0 0.116563 0.776904 0.044834 0.039931
0 0.069312 0.739488 0.044834 0.039931
0 0.069312 0.775568 0.044834 0.039931
0 0.066312 0.814321 0.044834 0.039931
0 0.112812 0.811648 0.044834 0.039931
0 0.106812 0.851737 0.044834 0.039931
0 0.066312 0.851737 0.044834 0.039931
0 0.061825 0.893163 0.044834 0.039931
0 0.062575 0.937261 0.044834 0.039931
0 0.112063 0.934588 0.044834 0.039931
0 0.103063 0.897171 0.044834 0.039931
0 0.003325 0.929243 0.044834 0.039931
0 0.001825 0.891826 0.044834 0.039931
0 0.004075 0.862428 0.044834 0.039931
0 0.002575 0.815657 0.044834 0.039931
0 0.002575 0.776904 0.044834 0.039931
0 0.002575 0.736815 0.044834 0.039931
0 0.004825 0.696726 0.044834 0.039931
0 0.002575 0.619243 0.044834 0.039931
0 0.001825 0.553764 0.044834 0.039931
0 0.001825 0.402762 0.044834 0.039931
0 0.004075 0.357350 0.044834 0.039931
0 0.234300 0.839710 0.044834 0.039931
0 0.193062 0.815657 0.044834 0.039931
0 0.188562 0.780913 0.044834 0.039931
0 0.233550 0.772895 0.044834 0.039931
0 0.234300 0.739488 0.044834 0.039931
0 0.190063 0.738151 0.044834 0.039931
0 0.148812 0.743497 0.044834 0.039931
0 0.231300 0.696726 0.044834 0.039931
0 0.232800 0.664677 0.044834 0.039931
0 0.195312 0.664677 0.044834 0.039931
0 0.195312 0.627261 0.044834 0.039931
0 0.234300 0.625924 0.044834 0.039931
0 0.236550 0.587171 0.044834 0.039931
0 0.194562 0.587171 0.044834 0.039931
0 0.192312 0.438842 0.044834 0.039931
0 0.193062 0.477595 0.044834 0.039931
0 0.190812 0.513675 0.044834 0.039931
0 0.232050 0.513675 0.044834 0.039931
0 0.230550 0.476258 0.044834 0.039931
0 0.188562 0.552428 0.044834 0.039931
0 0.191562 0.317261 0.044834 0.039931
0 0.233550 0.317261 0.044834 0.039931
0 0.199063 0.361359 0.044834 0.039931
0 0.240300 0.357350 0.044834 0.039931
0 0.187812 0.397416 0.044834 0.039931
0 0.233550 0.400089 0.044834 0.039931
0 0.190812 0.139532 0.044834 0.039931
0 0.190812 0.182294 0.044834 0.039931
0 0.192312 0.255791 0.044834 0.039931
0 0.235800 0.250445 0.044834 0.039931
0 0.234300 0.211693 0.044834 0.039931
0 0.235800 0.175612 0.044834 0.039931
0 0.236550 0.138196 0.044834 0.039931
0 0.331050 0.889154 0.044834 0.039931
0 0.379788 0.919889 0.044834 0.039931
0 0.378287 0.878463 0.044834 0.039931
0 0.334050 0.849065 0.044834 0.039931
0 0.332550 0.807639 0.044834 0.039931
0 0.379038 0.811648 0.044834 0.039931
0 0.376800 0.772895 0.044834 0.039931
0 0.331050 0.772895 0.044834 0.039931
0 0.334050 0.730134 0.044834 0.039931
0 0.373800 0.734143 0.044834 0.039931
0 0.330300 0.695390 0.044834 0.039931
0 0.330300 0.655323 0.044834 0.039931
0 0.376050 0.657996 0.044834 0.039931
0 0.374550 0.616570 0.044834 0.039931
0 0.330300 0.472249 0.044834 0.039931
0 0.328800 0.506993 0.044834 0.039931
0 0.329550 0.547082 0.044834 0.039931
0 0.335550 0.583163 0.044834 0.039931
0 0.376050 0.548419 0.044834 0.039931
0 0.373050 0.472249 0.044834 0.039931
0 0.372300 0.436169 0.044834 0.039931
0 0.376800 0.398753 0.044834 0.039931
0 0.374550 0.357350 0.044834 0.039931
0 0.334050 0.394766 0.044834 0.039931
0 0.330300 0.326615 0.044834 0.039931
0 0.331800 0.286526 0.044834 0.039931
0 0.373800 0.310579 0.044834 0.039931
0 0.370800 0.243764 0.044834 0.039931
0 0.332550 0.242428 0.044834 0.039931
0 0.332550 0.211693 0.044834 0.039931
0 0.333300 0.174276 0.044834 0.039931
0 0.332550 0.138196 0.044834 0.039931
0 0.379788 0.138196 0.044834 0.039931
0 0.470537 0.140869 0.044834 0.039931
0 0.467537 0.206347 0.044834 0.039931
0 0.469787 0.245100 0.044834 0.039931
0 0.472037 0.319933 0.044834 0.039931
0 0.472037 0.397416 0.044834 0.039931
0 0.473537 0.470913 0.044834 0.039931
0 0.468288 0.508330 0.044834 0.039931
0 0.468288 0.543073 0.044834 0.039931
0 0.467537 0.577817 0.044834 0.039931
0 0.470537 0.617906 0.044834 0.039931
0 0.472788 0.655323 0.044834 0.039931
0 0.475037 0.696726 0.044834 0.039931
0 0.468288 0.731470 0.044834 0.039931
0 0.466037 0.887817 0.044834 0.039931
0 0.473537 0.843719 0.044834 0.039931
0 0.472037 0.807639 0.044834 0.039931
0 0.419537 0.831693 0.044834 0.039931
0 0.580775 0.825011 0.044834 0.039931
0 0.576275 0.715434 0.044834 0.039931
0 0.577025 0.616570 0.044834 0.039931
0 0.611525 0.831693 0.044834 0.039931
0 0.657275 0.838374 0.044834 0.039931
0 0.655025 0.881136 0.044834 0.039931
0 0.702262 0.881136 0.044834 0.039931
0 0.701513 0.842383 0.044834 0.039931
0 0.698512 0.767550 0.044834 0.039931
0 0.652775 0.768886 0.044834 0.039931
0 0.652775 0.732806 0.044834 0.039931
0 0.653525 0.690045 0.044834 0.039931
0 0.694013 0.649978 0.044834 0.039931
0 0.651275 0.616570 0.044834 0.039931
0 0.577025 0.525702 0.044834 0.039931
0 0.573275 0.416125 0.044834 0.039931
0 0.572525 0.311915 0.044834 0.039931
0 0.655775 0.465568 0.044834 0.039931
0 0.652775 0.498976 0.044834 0.039931
0 0.693263 0.541737 0.044834 0.039931
0 0.647525 0.277171 0.044834 0.039931
0 0.673025 0.115501 0.044834 0.039931
0 0.554525 0.068731 0.044834 0.039931
0 0.912250 0.715434 0.044834 0.039931
0 0.910000 0.758196 0.044834 0.039931
0 0.957250 0.796949 0.044834 0.039931
0 0.828263 0.804967 0.044834 0.039931
0 0.824512 0.877127 0.044834 0.039931
0 0.778012 0.878463 0.044834 0.039931
0 0.787013 0.807639 0.044834 0.039931
0 0.784013 0.766214 0.044834 0.039931
0 0.816262 0.732806 0.044834 0.039931
0 0.818512 0.690045 0.044834 0.039931
0 0.739762 0.694053 0.044834 0.039931
0 0.774262 0.430824 0.044834 0.039931
0 0.780263 0.500312 0.044834 0.039931
0 0.782513 0.616570 0.044834 0.039931
0 0.779513 0.656659 0.044834 0.039931
0 0.827512 0.647305 0.044834 0.039931
0 0.776512 0.380067 0.044834 0.039931
0 0.909250 0.382739 0.044834 0.039931
0 0.909250 0.426815 0.044834 0.039931
0 0.943750 0.573808 0.044834 0.039931