0 0.380781 0.978222 0.076623 0.107639
0 0.038297 0.951250 0.076623 0.107639
0 0.146812 0.942278 0.076623 0.107639
0 0.119047 0.803194 0.076623 0.107639
0 0.028203 0.787472 0.076623 0.107639
0 0.221250 0.789722 0.076623 0.107639
0 0.343656 0.767306 0.076623 0.107639
0 0.431984 0.753833 0.076623 0.107639
0 0.520312 0.742611 0.076623 0.107639
0 0.620000 0.738139 0.076623 0.107639
0 0.720937 0.704472 0.076623 0.107639
0 0.815578 0.704472 0.076623 0.107639
0 0.930406 0.679806 0.076623 0.107639
0 0.924094 0.859278 0.076623 0.107639
0 0.978359 0.814389 0.076623 0.107639
0 0.805484 0.870472 0.076623 0.107639
0 0.854953 0.963583 0.076623 0.107639
0 0.679297 0.862639 0.076623 0.107639
0 0.591984 0.942944 0.076623 0.107639
0 0.462641 0.888889 0.076623 0.107639
0 0.385922 0.916917 0.076623 0.107639
0 0.254437 0.920500 0.076623 0.107639
0 0.276531 0.982194 0.076623 0.107639
0 0.509969 0.974806 0.076623 0.107639
0 0.574188 0.862639 0.076623 0.107639
0 0.722453 0.969194 0.076623 0.107639
0 0.947562 0.597250 0.076623 0.107639
0 0.865547 0.606222 0.076623 0.107639
0 0.758297 0.628667 0.076623 0.107639
0 0.656078 0.637639 0.076623 0.107639
0 0.555141 0.666806 0.076623 0.107639
0 0.449141 0.671278 0.076623 0.107639
0 0.351984 0.695972 0.076623 0.107639
0 0.261125 0.693722 0.076623 0.107639
0 0.160187 0.713917 0.076623 0.107639
0 0.078172 0.713917 0.076623 0.107639
0 0.042828 0.581556 0.076623 0.107639
0 0.099609 0.541167 0.076623 0.107639
0 0.222016 0.559111 0.076623 0.107639
0 0.330531 0.541167 0.076623 0.107639
0 0.423906 0.518750 0.076623 0.107639
0 0.527375 0.512000 0.076623 0.107639
0 0.606875 0.518750 0.076623 0.107639
0 0.696469 0.485083 0.076623 0.107639
0 0.782266 0.489583 0.076623 0.107639
0 0.873109 0.473889 0.076623 0.107639
0 0.960187 0.482861 0.076623 0.107639
0 0.942516 0.397611 0.076623 0.107639
0 0.826422 0.393111 0.076623 0.107639
0 0.760813 0.415556 0.076623 0.107639
0 0.669969 0.426778 0.076623 0.107639
0 0.594250 0.437972 0.076623 0.107639
0 0.485734 0.446944 0.076623 0.107639
0 0.391094 0.458167 0.076623 0.107639
0 0.216969 0.494056 0.076623 0.107639
0 0.109703 0.476111 0.076623 0.107639
0 0.049141 0.379667 0.076623 0.107639
0 0.140000 0.372917 0.076623 0.107639
0 0.234625 0.366194 0.076623 0.107639
0 0.316656 0.354972 0.076623 0.107639
0 0.413812 0.343778 0.076623 0.107639
0 0.485734 0.341528 0.076623 0.107639
0 0.576594 0.319083 0.076623 0.107639
0 0.672484 0.323583 0.076623 0.107639
0 0.765859 0.312361 0.076623 0.107639
0 0.847875 0.303389 0.076623 0.107639
0 0.934953 0.287694 0.076623 0.107639
0 0.963969 0.224889 0.076623 0.107639
0 0.881953 0.233861 0.076623 0.107639
0 0.783531 0.242833 0.076623 0.107639
0 0.707812 0.249556 0.076623 0.107639
0 0.522328 0.278722 0.076623 0.107639
0 0.437781 0.280944 0.076623 0.107639
0 0.360812 0.276472 0.076623 0.107639
0 0.268703 0.292167 0.076623 0.107639
0 0.184156 0.303389 0.076623 0.107639
0 0.081953 0.298917 0.076623 0.107639
0 0.017594 0.222639 0.076623 0.107639
0 0.081953 0.204694 0.076623 0.107639
0 0.156391 0.220389 0.076623 0.107639
0 0.066812 0.162056 0.076623 0.107639
0 0.143781 0.153083 0.076623 0.107639
0 0.213187 0.141889 0.076623 0.107639
0 0.234625 0.188972 0.076623 0.107639
0 0.319172 0.119444 0.076623 0.107639
0 0.344406 0.168806 0.076623 0.107639
0 0.425172 0.177778 0.076623 0.107639
0 0.513500 0.177778 0.076623 0.107639
0 0.620750 0.180000 0.076623 0.107639
0 0.692672 0.164306 0.076623 0.107639
0 0.731797 0.090278 0.076623 0.107639
0 0.769641 0.150861 0.076623 0.107639
0 0.810031 0.088028 0.076623 0.107639
0 0.870594 0.135139 0.076623 0.107639
0 0.899609 0.049889 0.076623 0.107639
0 0.936203 0.130667 0.076623 0.107639
0 0.062266 0.083111 0.076623 0.107639
0 0.137969 0.062917 0.076623 0.107639
0 0.217469 0.065167 0.076623 0.107639
0 0.304531 0.051694 0.076623 0.107639
0 0.382766 0.033750 0.076623 0.107639
0 0.471094 0.036000 0.076623 0.107639
0 0.565734 0.031500 0.076623 0.107639
0 0.659109 0.018056 0.076623 0.107639
0 0.632609 0.094306 0.076623 0.107639
0 0.563219 0.101056 0.076623 0.107639
0 0.486234 0.114500 0.076623 0.107639
0 0.416844 0.127972 0.076623 0.107639
0 0.099937 0.013889 0.076623 0.107639
0 0.022125 0.025111 0.076623 0.107639
0 0.179844 0.012028 0.076623 0.107639
0 0.265016 0.021389 0.076623 0.107639
0 0.344938 0.023250 0.076623 0.107639
0 0.990578 0.084944 0.076623 0.107639
0 0.992672 0.376556 0.076623 0.107639
0 0.014750 0.509278 0.076623 0.107639
0 0.007391 0.326083 0.076623 0.107639
0 0.627797 0.240083 0.076623 0.107639
0 0.957453 0.926167 0.076623 0.107639
0 0.165234 0.981111 0.076623 0.107639
0 0.294250 0.461056 0.076623 0.107639
0 0.008969 0.186444 0.076623 0.107639