0 0.052278 0.410957 0.085648 0.112847
0 0.176596 0.079137 0.085648 0.112847
0 0.418173 0.300338 0.085648 0.112847
0 0.494981 0.282158 0.085648 0.112847
0 0.489925 0.032158 0.085648 0.112847
0 0.847722 0.254897 0.085648 0.112847
0 0.814368 0.317017 0.085648 0.112847
0 0.858849 0.462458 0.085648 0.112847
0 0.884118 0.500338 0.085648 0.112847
0 0.871990 0.512458 0.085648 0.112847
0 0.597071 0.476098 0.085648 0.112847
0 0.414118 0.444278 0.085648 0.112847
0 0.453542 0.609437 0.085648 0.112847
0 0.583930 0.671557 0.085648 0.112847
0 0.678936 0.635197 0.085648 0.112847
0 0.899274 0.674578 0.085648 0.112847
0 0.901302 0.889737 0.085648 0.112847
0 0.680951 0.865497 0.085648 0.112847
0 0.537434 0.906398 0.085648 0.112847
0 0.479825 0.882158 0.085648 0.112847
0 0.528335 0.829137 0.085648 0.112847
0 0.411089 0.742758 0.085648 0.112847
0 0.285757 0.977617 0.085648 0.112847