0 0.889250 0.631861 0.060547 0.080729
0 0.908563 0.583389 0.060547 0.080729
0 0.831292 0.515194 0.060547 0.080729
0 0.758563 0.434889 0.060547 0.080729
0 0.851750 0.380361 0.060547 0.080729
0 0.800604 0.318222 0.060547 0.080729
0 0.752875 0.322778 0.060547 0.080729
0 0.716521 0.336417 0.060547 0.080729
0 0.717646 0.262167 0.060547 0.080729
0 0.769917 0.239444 0.060547 0.080729
0 0.754021 0.150056 0.060547 0.080729
0 0.909687 0.128389 0.060547 0.080729
0 0.527188 0.620361 0.060547 0.080729
0 0.561292 0.574889 0.060547 0.080729
0 0.475375 0.493083 0.060547 0.080729
0 0.416750 0.422167 0.060547 0.080729
0 0.508104 0.369444 0.060547 0.080729
0 0.446750 0.300361 0.060547 0.080729
0 0.407187 0.307639 0.060547 0.080729
0 0.360833 0.307639 0.060547 0.080729
0 0.365500 0.255972 0.060547 0.080729
0 0.425271 0.231417 0.060547 0.080729
0 0.404250 0.142778 0.060547 0.080729