0 0.274108 0.119633 0.146590 0.191840
0 0.050823 0.604560 0.146590 0.191840
0 0.145338 0.518197 0.146590 0.191840
0 0.186477 0.768197 0.146590 0.191840
0 0.087515 0.774256 0.146590 0.191840
0 0.256523 0.584864 0.146590 0.191840
0 0.190923 0.398501 0.146590 0.191840
0 0.101969 0.374256 0.146590 0.191840
0 0.128654 0.248501 0.146590 0.191840
0 0.064169 0.186384 0.146590 0.191840
0 0.250962 0.219717 0.146590 0.191840
0 0.374385 0.140922 0.146590 0.191840
0 0.286546 0.024256 0.146590 0.191840
0 0.531162 0.086384 0.146590 0.191840
0 0.492246 0.178805 0.146590 0.191840
0 0.467785 0.300021 0.146590 0.191840
0 0.558962 0.348501 0.146590 0.191840
0 0.356592 0.337893 0.146590 0.191840
0 0.333246 0.456080 0.146590 0.191840
0 0.422192 0.524256 0.146590 0.191840
0 0.543392 0.492442 0.146590 0.191840
0 0.358815 0.625776 0.146590 0.191840
0 0.381054 0.737893 0.146590 0.191840
0 0.332131 0.868197 0.146590 0.191840
0 0.495577 0.874256 0.146590 0.191840
0 0.514485 0.737893 0.146590 0.191840
0 0.655692 0.669717 0.146590 0.191840
0 0.553400 0.681834 0.146590 0.191840
0 0.695723 0.516688 0.146590 0.191840
0 0.846938 0.531834 0.146590 0.191840
0 0.793569 0.746981 0.146590 0.191840
0 0.683492 0.850021 0.146590 0.191840
0 0.844715 0.654560 0.146590 0.191840
0 0.903646 0.834864 0.146590 0.191840
0 0.975915 0.709109 0.146590 0.191840
0 0.970354 0.390922 0.146590 0.191840
0 0.948115 0.504560 0.146590 0.191840
0 0.826923 0.345472 0.146590 0.191840
0 0.731300 0.351530 0.146590 0.191840
0 0.689046 0.196981 0.146590 0.191840
0 0.674592 0.045472 0.146590 0.191840
0 0.782446 0.178805 0.146590 0.191840
0 0.883631 0.181834 0.146590 0.191840
0 0.953677 0.150021 0.146590 0.191840