0 0.200586 0.569727 0.041667 0.053819
0 0.233545 0.596992 0.041667 0.053819
0 0.267637 0.584883 0.041667 0.053819
0 0.222178 0.521237 0.041667 0.053819
0 0.251729 0.533359 0.041667 0.053819
0 0.288086 0.539427 0.041667 0.053819
0 0.282412 0.483359 0.041667 0.053819
0 0.323320 0.516693 0.041667 0.053819
0 0.342637 0.540937 0.041667 0.053819
0 0.321045 0.575781 0.041667 0.053819
0 0.299453 0.603060 0.041667 0.053819
0 0.375586 0.653060 0.041667 0.053819
0 0.373320 0.610638 0.041667 0.053819
0 0.409678 0.609115 0.041667 0.053819
0 0.426729 0.662148 0.041667 0.053819
0 0.461953 0.669727 0.041667 0.053819
0 0.502861 0.639427 0.041667 0.053819
0 0.459678 0.619727 0.041667 0.053819
0 0.480137 0.589427 0.041667 0.053819
0 0.433545 0.577305 0.041667 0.053819
0 0.553994 0.462148 0.041667 0.053819
0 0.586953 0.501549 0.041667 0.053819
0 0.621045 0.483359 0.041667 0.053819
0 0.690361 0.500026 0.041667 0.053819
0 0.660820 0.416693 0.041667 0.053819
0 0.657412 0.346992 0.041667 0.053819
0 0.584678 0.359115 0.041667 0.053819
0 0.548320 0.396992 0.041667 0.053819
0 0.588086 0.442448 0.041667 0.053819
0 0.608545 0.413659 0.041667 0.053819
0 0.613086 0.354570 0.041667 0.053819
0 0.697178 0.383359 0.041667 0.053819
0 0.717637 0.459115 0.041667 0.053819
0 0.651729 0.531849 0.041667 0.053819
0 0.708545 0.543971 0.041667 0.053819
0 0.750586 0.516693 0.041667 0.053819
0 0.790361 0.536393 0.041667 0.053819
0 0.809678 0.507604 0.041667 0.053819
0 0.834678 0.506094 0.041667 0.053819
0 0.852861 0.506094 0.041667 0.053819
0 0.819912 0.460638 0.041667 0.053819
0 0.858545 0.440937 0.041667 0.053819
0 0.831270 0.390937 0.041667 0.053819
0 0.803994 0.407604 0.041667 0.053819
0 0.813086 0.372760 0.041667 0.053819
0 0.792637 0.372760 0.041667 0.053819
0 0.753994 0.390937 0.041667 0.053819
0 0.761953 0.445482 0.041667 0.053819
0 0.718770 0.337904 0.041667 0.053819
0 0.759678 0.316693 0.041667 0.053819
0 0.705137 0.303060 0.041667 0.053819
0 0.482412 0.300026 0.041667 0.053819
0 0.515361 0.298516 0.041667 0.053819
0 0.492637 0.275781 0.041667 0.053819
0 0.515361 0.254570 0.041667 0.053819
0 0.550586 0.275781 0.041667 0.053819
0 0.571045 0.265182 0.041667 0.053819
0 0.574453 0.239427 0.041667 0.053819
0 0.546045 0.225781 0.041667 0.053819
0 0.499453 0.219727 0.041667 0.053819
0 0.491494 0.253060 0.041667 0.053819
0 0.465361 0.245482 0.041667 0.053819
0 0.459678 0.278815 0.041667 0.053819
0 0.433545 0.263659 0.041667 0.053819
0 0.436953 0.312148 0.041667 0.053819
0 0.399453 0.309115 0.041667 0.053819
0 0.408545 0.277305 0.041667 0.053819
0 0.423320 0.212148 0.041667 0.053819
0 0.463086 0.206094 0.041667 0.053819
0 0.484678 0.181849 0.041667 0.053819
0 0.408545 0.180326 0.041667 0.053819
0 0.381270 0.187904 0.041667 0.053819
0 0.377861 0.212148 0.041667 0.053819
0 0.388086 0.228815 0.041667 0.053819
0 0.361953 0.212148 0.041667 0.053819
0 0.338086 0.227305 0.041667 0.053819
0 0.325586 0.219727 0.041667 0.053819
0 0.302861 0.239427 0.041667 0.053819
0 0.323320 0.256094 0.041667 0.053819
0 0.361953 0.245482 0.041667 0.053819
0 0.365361 0.286393 0.041667 0.053819
0 0.377861 0.271237 0.041667 0.053819