0 0.970625 0.835176 0.112457 0.176215
0 0.918297 0.937624 0.112457 0.176215
0 0.824109 0.973082 0.112457 0.176215
0 0.824109 0.791835 0.112457 0.176215
0 0.894750 0.689388 0.112457 0.176215
0 0.808406 0.567224 0.112457 0.176215
0 0.740375 0.433271 0.112457 0.176215
0 0.865969 0.429318 0.112457 0.176215
0 0.816250 0.283529 0.112457 0.176215
0 0.923531 0.232329 0.112457 0.176215
0 0.981094 0.098353 0.112457 0.176215
0 0.988953 0.346588 0.112457 0.176215
0 0.983719 0.516024 0.112457 0.176215
0 0.873812 0.094424 0.112457 0.176215
0 0.729906 0.043200 0.112457 0.176215
0 0.708984 0.208682 0.112457 0.176215
0 0.627859 0.161388 0.112457 0.176215
0 0.559844 0.047129 0.112457 0.176215
0 0.449937 0.039247 0.112457 0.176215
0 0.421156 0.204729 0.112457 0.176215
0 0.536281 0.252024 0.112457 0.176215
0 0.593844 0.374165 0.112457 0.176215
0 0.601703 0.516024 0.112457 0.176215
0 0.486578 0.590871 0.112457 0.176215
0 0.559844 0.709082 0.112457 0.176215
0 0.643562 0.764235 0.112457 0.176215
0 0.735141 0.646047 0.112457 0.176215
0 0.640953 0.961247 0.112457 0.176215
0 0.544141 0.894259 0.112457 0.176215
0 0.494422 0.752424 0.112457 0.176215
0 0.408078 0.665741 0.112457 0.176215
0 0.562453 0.980965 0.112457 0.176215
0 0.429016 0.988824 0.112457 0.176215
0 0.418547 0.882447 0.112457 0.176215
0 0.345281 0.783953 0.112457 0.176215
0 0.290328 0.953365 0.112457 0.176215
0 0.206609 0.827294 0.112457 0.176215
0 0.151656 0.973082 0.112457 0.176215
0 0.120266 0.878518 0.112457 0.176215
0 0.031297 0.961247 0.112457 0.176215
0 0.033906 0.756353 0.112457 0.176215
0 0.057469 0.567224 0.112457 0.176215
0 0.023453 0.405694 0.112457 0.176215
0 0.012984 0.275671 0.112457 0.176215
0 0.067922 0.114118 0.112457 0.176215
0 0.172594 0.232329 0.112457 0.176215
0 0.115031 0.366282 0.112457 0.176215
0 0.117641 0.492376 0.112457 0.176215
0 0.219687 0.480541 0.112457 0.176215
0 0.292953 0.563294 0.112457 0.176215
0 0.395000 0.543600 0.112457 0.176215
0 0.360984 0.378094 0.112457 0.176215
0 0.282484 0.382047 0.112457 0.176215
0 0.243234 0.275671 0.112457 0.176215
0 0.319109 0.248071 0.112457 0.176215
0 0.326969 0.125929 0.112457 0.176215
0 0.232766 0.023482 0.112457 0.176215
0 0.217078 0.125929 0.112457 0.176215
0 0.146422 0.023482 0.112457 0.176215
0 0.188281 0.653929 0.112457 0.176215
0 0.455172 0.417506 0.112457 0.176215
0 0.680469 0.513341 0.112457 0.176215
0 0.008703 0.054565 0.112457 0.176215
0 0.082750 0.258988 0.112457 0.176215
0 0.107422 0.679412 0.112457 0.176215
0 0.726750 0.858282 0.112457 0.176215
0 0.539328 0.418094 0.112457 0.176215
0 0.676625 0.306588 0.112457 0.176215
0 0.599500 0.265953 0.112457 0.176215
0 0.792312 0.146329 0.112457 0.176215
0 0.509250 0.124259 0.112457 0.176215
0 0.367344 0.042941 0.112457 0.176215
0 0.253187 0.185812 0.112457 0.176215
0 0.992062 0.648071 0.112457 0.176215