0 0.179357 0.589393 0.142974 0.121528
0 0.232798 0.468180 0.142974 0.121528
0 0.364600 0.550000 0.142974 0.121528
0 0.369945 0.424240 0.142974 0.121528
0 0.254169 0.368180 0.142974 0.121528
0 0.398440 0.303033 0.142974 0.121528
0 0.254169 0.240907 0.142974 0.121528
0 0.279107 0.146967 0.142974 0.121528
0 0.389538 0.192427 0.142974 0.121528
0 0.400219 0.095453 0.142974 0.121528
0 0.542712 0.137880 0.142974 0.121528
0 0.510650 0.242427 0.142974 0.121528
0 0.510650 0.353033 0.142974 0.121528
0 0.517774 0.480300 0.142974 0.121528
0 0.524898 0.601513 0.142974 0.121528
0 0.660266 0.553033 0.142974 0.121528
0 0.653143 0.422727 0.142974 0.121528
0 0.662045 0.312120 0.142974 0.121528
0 0.640674 0.204547 0.142974 0.121528
0 0.642453 0.112120 0.142974 0.121528
0 0.758229 0.174240 0.142974 0.121528
0 0.768918 0.253033 0.142974 0.121528
0 0.777821 0.356060 0.142974 0.121528
0 0.788511 0.480300 0.142974 0.121528
0 0.811661 0.609093 0.142974 0.121528