0 0.532300 0.455444 0.106481 0.144097
0 0.477796 0.751823 0.106481 0.144097
0 0.601342 0.611823 0.106481 0.144097
0 0.649776 0.902734 0.106481 0.144097
0 0.781805 0.879089 0.106481 0.144097
0 0.762412 0.750000 0.106481 0.144097
0 0.734569 0.677266 0.106481 0.144097
0 0.721246 0.568177 0.106481 0.144097
0 0.683690 0.620911 0.106481 0.144097
0 0.755160 0.371823 0.106481 0.144097
0 0.755751 0.482254 0.106481 0.144097
0 0.689744 0.433645 0.106481 0.144097
0 0.699441 0.342734 0.106481 0.144097
0 0.675224 0.297266 0.106481 0.144097
0 0.720032 0.162734 0.106481 0.144097
0 0.796326 0.213645 0.106481 0.144097
0 0.835096 0.088177 0.106481 0.144097
0 0.890799 0.740911 0.106481 0.144097
0 0.847204 0.780911 0.106481 0.144097
0 0.947732 0.664532 0.106481 0.144097
0 0.925927 0.528177 0.106481 0.144097
0 0.878690 0.584532 0.106481 0.144097
0 0.849617 0.646355 0.106481 0.144097
0 0.768482 0.588177 0.106481 0.144097
0 0.819345 0.513645 0.106481 0.144097
0 0.809649 0.442734 0.106481 0.144097
0 0.873850 0.257266 0.106481 0.144097
0 0.776949 0.310000 0.106481 0.144097
0 0.946518 0.928177 0.106481 0.144097
0 0.971949 0.820911 0.106481 0.144097
0 0.992540 0.719089 0.106481 0.144097
0 0.902907 0.015444 0.106481 0.144097
0 0.875064 0.051823 0.106481 0.144097
0 0.947732 0.126355 0.106481 0.144097
0 0.912604 0.164532 0.106481 0.144097
0 0.879904 0.153645 0.106481 0.144097
0 0.986486 0.119089 0.106481 0.144097
0 0.959840 0.031823 0.106481 0.144097
0 0.987700 0.011823 0.106481 0.144097
0 0.955000 0.219089 0.106481 0.144097
0 0.996166 0.237266 0.106481 0.144097
0 0.982843 0.308177 0.106481 0.144097
0 0.925927 0.335444 0.106481 0.144097
0 0.882316 0.310000 0.106481 0.144097
0 0.906550 0.390000 0.106481 0.144097
0 0.837508 0.380911 0.106481 0.144097
0 0.970735 0.366355 0.106481 0.144097
0 0.978003 0.431823 0.106481 0.144097
0 0.993754 0.519089 0.106481 0.144097
0 0.879904 0.539089 0.106481 0.144097