0 0.807000 0.938690 0.430556 0.299479
0 0.544920 0.849150 0.430556 0.299479
0 0.180190 0.971450 0.430556 0.299479
0 0.031680 0.877540 0.430556 0.299479
0 0.241340 0.766160 0.430556 0.299479
0 0.081910 0.619830 0.430556 0.299479
0 0.099380 0.381770 0.430556 0.299479
0 0.022940 0.211420 0.430556 0.299479
0 0.357090 0.445110 0.430556 0.299479
0 0.623540 0.525920 0.430556 0.299479
0 0.874700 0.654770 0.430556 0.299479
0 0.977350 0.772710 0.430556 0.299479
0 0.927120 0.381770 0.430556 0.299479
0 0.710900 0.283490 0.430556 0.299479
0 0.501240 0.183030 0.430556 0.299479
0 0.304680 0.100040 0.430556 0.299479
0 0.049150 0.047620 0.430556 0.299479
0 0.964250 0.115320 0.430556 0.299479
0 0.778610 0.045440 0.430556 0.299479
0 0.568940 0.021410 0.430556 0.299479