0 0.435172 0.835545 0.083333 0.114583
0 0.308121 0.855545 0.083333 0.114583
0 0.606424 0.810093 0.083333 0.114583
0 0.924081 0.604628 0.083333 0.114583
0 0.824646 0.606449 0.083333 0.114583
0 0.727960 0.624628 0.083333 0.114583
0 0.598141 0.659176 0.083333 0.114583
0 0.473838 0.677354 0.083333 0.114583
0 0.338505 0.666449 0.083333 0.114583
0 0.194869 0.650093 0.083333 0.114583
0 0.073333 0.659176 0.083333 0.114583
0 0.913030 0.455545 0.083333 0.114583
0 0.838444 0.471902 0.083333 0.114583
0 0.747293 0.457354 0.083333 0.114583
0 0.661677 0.464628 0.083333 0.114583
0 0.567758 0.468271 0.083333 0.114583
0 0.482121 0.473723 0.083333 0.114583
0 0.363354 0.471902 0.083333 0.114583
0 0.266687 0.480997 0.083333 0.114583
0 0.170000 0.471902 0.083333 0.114583
0 0.073333 0.471902 0.083333 0.114583
0 0.087131 0.310093 0.083333 0.114583
0 0.175535 0.328271 0.083333 0.114583
0 0.252869 0.342819 0.083333 0.114583
0 0.316404 0.339176 0.083333 0.114583
0 0.404788 0.333723 0.083333 0.114583
0 0.457273 0.333723 0.083333 0.114583
0 0.540141 0.333723 0.083333 0.114583
0 0.600909 0.330093 0.083333 0.114583
0 0.694808 0.317354 0.083333 0.114583
0 0.772162 0.319176 0.083333 0.114583
0 0.689293 0.228271 0.083333 0.114583
0 0.639576 0.217354 0.083333 0.114583
0 0.578808 0.222819 0.083333 0.114583
0 0.518040 0.233723 0.083333 0.114583
0 0.465556 0.233723 0.083333 0.114583
0 0.393737 0.240997 0.083333 0.114583
0 0.327455 0.242819 0.083333 0.114583
0 0.252869 0.233723 0.083333 0.114583
0 0.205919 0.233723 0.083333 0.114583
0 0.123051 0.240997 0.083333 0.114583
0 0.634040 0.159176 0.083333 0.114583
0 0.587091 0.159176 0.083333 0.114583
0 0.529091 0.159176 0.083333 0.114583
0 0.487657 0.164628 0.083333 0.114583
0 0.424121 0.162819 0.083333 0.114583
0 0.374404 0.159176 0.083333 0.114583
0 0.305354 0.160997 0.083333 0.114583
0 0.261152 0.170093 0.083333 0.114583
0 0.211434 0.166449 0.083333 0.114583
0 0.147899 0.166449 0.083333 0.114583
0 0.158949 0.115545 0.083333 0.114583
0 0.200384 0.115545 0.083333 0.114583
0 0.250101 0.111902 0.083333 0.114583
0 0.286020 0.119176 0.083333 0.114583
0 0.346788 0.117354 0.083333 0.114583
0 0.402020 0.111902 0.083333 0.114583
0 0.443455 0.111902 0.083333 0.114583
0 0.501475 0.111902 0.083333 0.114583
0 0.534606 0.110093 0.083333 0.114583
0 0.589859 0.110093 0.083333 0.114583
0 0.548424 0.057354 0.083333 0.114583
0 0.504222 0.060997 0.083333 0.114583
0 0.462788 0.066449 0.083333 0.114583
0 0.421354 0.070093 0.083333 0.114583
0 0.385455 0.071902 0.083333 0.114583
0 0.344020 0.071902 0.083333 0.114583
0 0.299818 0.079176 0.083333 0.114583
0 0.255636 0.079176 0.083333 0.114583
0 0.205919 0.075545 0.083333 0.114583
0 0.153434 0.075545 0.083333 0.114583
0 0.523556 0.030093 0.083333 0.114583
0 0.484889 0.031902 0.083333 0.114583
0 0.435172 0.031902 0.083333 0.114583
0 0.404788 0.031902 0.083333 0.114583
0 0.349556 0.035545 0.083333 0.114583
0 0.313636 0.035545 0.083333 0.114583
0 0.266687 0.044628 0.083333 0.114583
0 0.236303 0.044628 0.083333 0.114583
0 0.197636 0.044628 0.083333 0.114583
0 0.167253 0.044628 0.083333 0.114583
0 0.390970 0.008271 0.083333 0.114583
0 0.346788 0.006449 0.083333 0.114583
0 0.310869 0.010093 0.083333 0.114583
0 0.269434 0.013723 0.083333 0.114583