0 0.057461 0.015274 0.054113 0.096354
0 0.097148 0.019844 0.054113 0.096354
0 0.135990 0.023396 0.054113 0.096354
0 0.167227 0.033036 0.054113 0.096354
0 0.190872 0.032019 0.054113 0.096354
0 0.238581 0.042676 0.054113 0.096354
0 0.275312 0.049781 0.054113 0.096354
0 0.317109 0.066009 0.054113 0.096354
0 0.350885 0.074131 0.054113 0.096354
0 0.400273 0.085290 0.054113 0.096354
0 0.423503 0.088341 0.054113 0.096354
0 0.470365 0.105587 0.054113 0.096354
0 0.494844 0.108122 0.054113 0.096354
0 0.526094 0.113709 0.054113 0.096354
0 0.546771 0.114726 0.054113 0.096354
0 0.573372 0.127418 0.054113 0.096354
0 0.599128 0.130970 0.054113 0.096354
0 0.624883 0.138576 0.054113 0.096354
0 0.641771 0.143146 0.054113 0.096354
0 0.024102 0.219249 0.054113 0.096354
0 0.070547 0.220266 0.054113 0.096354
0 0.112760 0.222801 0.054113 0.096354
0 0.165117 0.225336 0.054113 0.096354
0 0.206497 0.234476 0.054113 0.096354
0 0.244062 0.235994 0.054113 0.096354
0 0.290924 0.244632 0.054113 0.096354
0 0.332721 0.251737 0.054113 0.096354
0 0.367773 0.254272 0.054113 0.096354
0 0.394792 0.258826 0.054113 0.096354
0 0.431094 0.263396 0.054113 0.096354
0 0.453047 0.264413 0.054113 0.096354
0 0.488932 0.268983 0.054113 0.096354
0 0.503711 0.267966 0.054113 0.096354
0 0.534115 0.271518 0.054113 0.096354
0 0.554375 0.270000 0.054113 0.096354
0 0.583932 0.272535 0.054113 0.096354
0 0.602083 0.276088 0.054113 0.096354
0 0.625299 0.281158 0.054113 0.096354
0 0.648099 0.282676 0.054113 0.096354
0 0.007643 0.470423 0.054113 0.096354
0 0.038034 0.433897 0.054113 0.096354
0 0.089128 0.436933 0.054113 0.096354
0 0.139362 0.439984 0.054113 0.096354
0 0.193398 0.439984 0.054113 0.096354
0 0.222109 0.433897 0.054113 0.096354
0 0.267292 0.433897 0.054113 0.096354
0 0.308242 0.435415 0.054113 0.096354
0 0.340326 0.437449 0.054113 0.096354
0 0.377057 0.438466 0.054113 0.096354
0 0.407031 0.434397 0.054113 0.096354
0 0.428138 0.427809 0.054113 0.096354
0 0.461068 0.426792 0.054113 0.096354
0 0.489779 0.425274 0.054113 0.096354
0 0.515951 0.425274 0.054113 0.096354
0 0.535378 0.422222 0.054113 0.096354
0 0.564089 0.421205 0.054113 0.096354
0 0.583932 0.420704 0.054113 0.096354
0 0.610534 0.419186 0.054113 0.096354
0 0.627839 0.416635 0.054113 0.096354
0 0.651055 0.416135 0.054113 0.096354
0 0.012708 0.677966 0.054113 0.096354
0 0.049440 0.649045 0.054113 0.096354
0 0.098828 0.639906 0.054113 0.096354
0 0.148229 0.637371 0.054113 0.096354
0 0.190026 0.629765 0.054113 0.096354
0 0.229714 0.617574 0.054113 0.096354
0 0.271510 0.616056 0.054113 0.096354
0 0.310352 0.604382 0.054113 0.096354
0 0.343281 0.604382 0.054113 0.096354
0 0.375365 0.605915 0.054113 0.096354
0 0.408294 0.593224 0.054113 0.096354
0 0.433633 0.585618 0.054113 0.096354
0 0.465716 0.580031 0.054113 0.096354
0 0.491042 0.574444 0.054113 0.096354
0 0.518073 0.564304 0.054113 0.096354
0 0.543398 0.563286 0.054113 0.096354
0 0.567044 0.558216 0.054113 0.096354
0 0.591953 0.551111 0.054113 0.096354
0 0.608411 0.548576 0.054113 0.096354
0 0.627409 0.548059 0.054113 0.096354
0 0.649792 0.546041 0.054113 0.096354
0 0.018620 0.854538 0.054113 0.096354
0 0.072240 0.845415 0.054113 0.096354
0 0.110234 0.832723 0.054113 0.096354
0 0.153294 0.820548 0.054113 0.096354
0 0.202695 0.810407 0.054113 0.096354
0 0.242799 0.801768 0.054113 0.096354
0 0.279948 0.795681 0.054113 0.096354
0 0.315000 0.782488 0.054113 0.096354
0 0.350456 0.775383 0.054113 0.096354
0 0.381706 0.770313 0.054113 0.096354
0 0.416745 0.762191 0.054113 0.096354
0 0.443763 0.750532 0.054113 0.096354
0 0.470781 0.744429 0.054113 0.096354
0 0.488516 0.725665 0.054113 0.096354
0 0.515951 0.716526 0.054113 0.096354
0 0.540026 0.703333 0.054113 0.096354
0 0.562826 0.696745 0.054113 0.096354
0 0.586042 0.689124 0.054113 0.096354
0 0.605039 0.681002 0.054113 0.096354
0 0.629948 0.672895 0.054113 0.096354
0 0.647682 0.665274 0.054113 0.096354
0 0.081940 0.988498 0.054113 0.096354
0 0.124583 0.991049 0.054113 0.096354
0 0.171445 0.978357 0.054113 0.096354
0 0.207760 0.969734 0.054113 0.096354
0 0.252930 0.957042 0.054113 0.096354
0 0.289245 0.949937 0.054113 0.096354
0 0.325977 0.928122 0.054113 0.096354
0 0.359753 0.916964 0.054113 0.096354
0 0.389727 0.908326 0.054113 0.096354
0 0.413359 0.898185 0.054113 0.096354
0 0.443346 0.877887 0.054113 0.096354
0 0.467409 0.866213 0.054113 0.096354
0 0.497383 0.858607 0.054113 0.096354
0 0.524401 0.849984 0.054113 0.096354
0 0.545091 0.831706 0.054113 0.096354
0 0.565352 0.824601 0.054113 0.096354
0 0.589844 0.812942 0.054113 0.096354
0 0.609688 0.807856 0.054113 0.096354
0 0.626992 0.789593 0.054113 0.096354
0 0.650638 0.784523 0.054113 0.096354
0 0.736341 0.753067 0.054113 0.096354
0 0.749010 0.743928 0.054113 0.096354
0 0.757448 0.810908 0.054113 0.096354
0 0.765898 0.807856 0.054113 0.096354
0 0.778555 0.800767 0.054113 0.096354
0 0.788698 0.795681 0.054113 0.096354
0 0.763359 0.739875 0.054113 0.096354
0 0.776029 0.738858 0.054113 0.096354
0 0.792070 0.733787 0.054113 0.096354
0 0.804310 0.728701 0.054113 0.096354
0 0.818242 0.723631 0.054113 0.096354
0 0.826693 0.719061 0.054113 0.096354
0 0.837669 0.710939 0.054113 0.096354
0 0.849492 0.705869 0.054113 0.096354
0 0.809375 0.782488 0.054113 0.096354
0 0.819518 0.779452 0.054113 0.096354
0 0.859622 0.760172 0.054113 0.096354
0 0.868490 0.755086 0.054113 0.096354
0 0.900156 0.737324 0.054113 0.096354
0 0.906055 0.732254 0.054113 0.096354
0 0.920833 0.726166 0.054113 0.096354
0 0.929701 0.723130 0.054113 0.096354
0 0.876927 0.686588 0.054113 0.096354
0 0.884102 0.682019 0.054113 0.096354
0 0.684831 0.667809 0.054113 0.096354
0 0.692005 0.657668 0.054113 0.096354
0 0.742253 0.643459 0.054113 0.096354
0 0.751536 0.639906 0.054113 0.096354
0 0.770964 0.632300 0.054113 0.096354
0 0.780664 0.629249 0.054113 0.096354
0 0.792070 0.625196 0.054113 0.096354
0 0.803047 0.621643 0.054113 0.096354
0 0.822461 0.620626 0.054113 0.096354
0 0.831758 0.617574 0.054113 0.096354
0 0.842734 0.608451 0.054113 0.096354
0 0.854128 0.606917 0.054113 0.096354
0 0.884948 0.601346 0.054113 0.096354
0 0.894245 0.597793 0.054113 0.096354
0 0.905638 0.593224 0.054113 0.096354
0 0.913659 0.590172 0.054113 0.096354
0 0.920833 0.585618 0.054113 0.096354
0 0.928854 0.578513 0.054113 0.096354
0 0.909010 0.669844 0.054113 0.096354
0 0.914089 0.667308 0.054113 0.096354
0 0.738034 0.549593 0.054113 0.096354
0 0.741406 0.528279 0.054113 0.096354
0 0.757031 0.528279 0.054113 0.096354
0 0.771380 0.525743 0.054113 0.096354
0 0.783203 0.524726 0.054113 0.096354
0 0.797552 0.526244 0.054113 0.096354
0 0.807266 0.525743 0.054113 0.096354
0 0.823737 0.520657 0.054113 0.096354
0 0.834284 0.519139 0.054113 0.096354
0 0.845260 0.513552 0.054113 0.096354
0 0.857513 0.514069 0.054113 0.096354
0 0.866380 0.510516 0.054113 0.096354
0 0.871445 0.509499 0.054113 0.096354
0 0.887057 0.508998 0.054113 0.096354
0 0.896354 0.504930 0.054113 0.096354
0 0.903945 0.502394 0.054113 0.096354
0 0.911966 0.501377 0.054113 0.096354
0 0.925898 0.498341 0.054113 0.096354
0 0.932656 0.497324 0.054113 0.096354
0 0.692435 0.412582 0.054113 0.096354
0 0.703828 0.401925 0.054113 0.096354
0 0.736758 0.432879 0.054113 0.096354
0 0.744362 0.416635 0.054113 0.096354
0 0.753229 0.411064 0.054113 0.096354
0 0.773073 0.415117 0.054113 0.096354
0 0.785742 0.411565 0.054113 0.096354
0 0.799674 0.418169 0.054113 0.096354
0 0.812760 0.418169 0.054113 0.096354
0 0.830065 0.419687 0.054113 0.096354
0 0.841471 0.422222 0.054113 0.096354
0 0.859193 0.419186 0.054113 0.096354
0 0.871862 0.416635 0.054113 0.096354
0 0.891706 0.417653 0.054113 0.096354
0 0.909440 0.416635 0.054113 0.096354
0 0.881992 0.418670 0.054113 0.096354
0 0.917461 0.415117 0.054113 0.096354
0 0.928021 0.411064 0.054113 0.096354
0 0.935612 0.411064 0.054113 0.096354
0 0.770534 0.303490 0.054113 0.096354
0 0.787005 0.304507 0.054113 0.096354
0 0.800937 0.305008 0.054113 0.096354
0 0.811484 0.306025 0.054113 0.096354
0 0.823307 0.309577 0.054113 0.096354
0 0.833867 0.309577 0.054113 0.096354
0 0.850326 0.315665 0.054113 0.096354
0 0.859193 0.315164 0.054113 0.096354
0 0.864258 0.312613 0.054113 0.096354
0 0.871016 0.314147 0.054113 0.096354
0 0.906901 0.317183 0.054113 0.096354
0 0.916615 0.317700 0.054113 0.096354
0 0.933503 0.320736 0.054113 0.096354
0 0.939831 0.321252 0.054113 0.096354
0 0.900156 0.318200 0.054113 0.096354
0 0.894245 0.318200 0.054113 0.096354
0 0.707630 0.159374 0.054113 0.096354
0 0.696237 0.166479 0.054113 0.096354
0 0.740560 0.174601 0.054113 0.096354
0 0.751120 0.172066 0.054113 0.096354
0 0.771810 0.184241 0.054113 0.096354
0 0.782357 0.186275 0.054113 0.096354
0 0.798398 0.189828 0.054113 0.096354
0 0.808112 0.190845 0.054113 0.096354
0 0.822461 0.199969 0.054113 0.096354
0 0.831758 0.202504 0.054113 0.096354
0 0.846107 0.207074 0.054113 0.096354
0 0.859622 0.211643 0.054113 0.096354
0 0.872708 0.215696 0.054113 0.096354
0 0.893815 0.218748 0.054113 0.096354
0 0.902266 0.221784 0.054113 0.096354
0 0.911133 0.224836 0.054113 0.096354
0 0.919570 0.226354 0.054113 0.096354
0 0.930964 0.224335 0.054113 0.096354
0 0.940677 0.227371 0.054113 0.096354