0 0.137322 0.596674 0.022384 0.025174
0 0.309061 0.462924 0.022384 0.025174
0 0.339812 0.437522 0.022384 0.025174
0 0.357059 0.417455 0.022384 0.025174
0 0.371302 0.396049 0.022384 0.025174
0 0.388561 0.386696 0.022384 0.025174
0 0.408048 0.373326 0.022384 0.025174
0 0.432804 0.405424 0.022384 0.025174
0 0.446295 0.366629 0.022384 0.025174
0 0.469549 0.438862 0.022384 0.025174
0 0.461302 0.345223 0.022384 0.025174
0 0.472553 0.314464 0.022384 0.025174
0 0.524293 0.329174 0.022384 0.025174
0 0.558786 0.345223 0.022384 0.025174
0 0.339812 0.660871 0.022384 0.025174
0 0.346558 0.672924 0.022384 0.025174
0 0.375056 0.666228 0.022384 0.025174
0 0.405807 0.650179 0.022384 0.025174
0 0.465044 0.648839 0.022384 0.025174
0 0.508548 0.663549 0.022384 0.025174
0 0.762028 0.694308 0.022384 0.025174
0 0.743279 0.754509 0.022384 0.025174
0 0.697534 0.737121 0.022384 0.025174
0 0.633041 0.718393 0.022384 0.025174
0 0.603041 0.686295 0.022384 0.025174
0 0.565544 0.672924 0.022384 0.025174
0 0.589537 0.373326 0.022384 0.025174
0 0.617284 0.413437 0.022384 0.025174
0 0.643529 0.410759 0.022384 0.025174
0 0.669036 0.445536 0.022384 0.025174
0 0.708035 0.453571 0.022384 0.025174
0 0.733529 0.474978 0.022384 0.025174
0 0.775519 0.524464 0.022384 0.025174
0 0.741777 0.380000 0.022384 0.025174
0 0.768023 0.365290 0.022384 0.025174
0 0.798773 0.378661 0.022384 0.025174
0 0.865519 0.636808 0.022384 0.025174
0 0.825019 0.604710 0.022384 0.025174