0 0.212244 0.266343 0.053105 0.041667
0 0.168044 0.282586 0.053105 0.041667
0 0.292756 0.258229 0.053105 0.041667
0 0.357489 0.261271 0.053105 0.041667
0 0.436411 0.237421 0.053105 0.041667
0 0.480622 0.212557 0.053105 0.041667
0 0.542189 0.188200 0.053105 0.041667
0 0.583233 0.160293 0.053105 0.041667
0 0.611644 0.148114 0.053105 0.041667
0 0.620333 0.137971 0.053105 0.041667
0 0.628222 0.186171 0.053105 0.041667
0 0.619533 0.201393 0.053105 0.041667
0 0.598222 0.217129 0.053105 0.041667
0 0.565078 0.234886 0.053105 0.041667
0 0.524822 0.243007 0.053105 0.041667
0 0.480622 0.260257 0.053105 0.041667
0 0.485356 0.289179 0.053105 0.041667
0 0.527189 0.289179 0.053105 0.041667
0 0.572178 0.271929 0.053105 0.041667
0 0.615589 0.261271 0.053105 0.041667
0 0.635322 0.238943 0.053105 0.041667
0 0.659789 0.233364 0.053105 0.041667
0 0.685844 0.263807 0.053105 0.041667
0 0.675578 0.281057 0.053105 0.041667
0 0.641644 0.295271 0.053105 0.041667
0 0.606122 0.304907 0.053105 0.041667
0 0.569811 0.323179 0.053105 0.041667
0 0.176733 0.326729 0.053105 0.041667
0 0.209878 0.324700 0.053105 0.041667
0 0.254078 0.321150 0.053105 0.041667
0 0.312489 0.307450 0.053105 0.041667
0 0.355900 0.294257 0.053105 0.041667
0 0.343278 0.333836 0.053105 0.041667
0 0.309333 0.352607 0.053105 0.041667
0 0.261189 0.361743 0.053105 0.041667
0 0.224878 0.365293 0.053105 0.041667
0 0.198044 0.363264 0.053105 0.041667
0 0.225667 0.398786 0.053105 0.041667
0 0.255667 0.398271 0.053105 0.041667
0 0.291178 0.398786 0.053105 0.041667
0 0.337756 0.390664 0.053105 0.041667