0 0.383107 0.323646 0.076797 0.045139
0 0.577929 0.223646 0.076797 0.045139
0 0.497393 0.220604 0.076797 0.045139
0 0.570143 0.269083 0.076797 0.045139
0 0.640250 0.260000 0.076797 0.045139
0 0.705179 0.243333 0.076797 0.045139
0 0.424679 0.231208 0.076797 0.045139
0 0.492214 0.264542 0.076797 0.045139
0 0.424679 0.288792 0.076797 0.045139
0 0.362321 0.258479 0.076797 0.045139
0 0.313000 0.296354 0.076797 0.045139
0 0.302607 0.343333 0.076797 0.045139
0 0.310393 0.385750 0.076797 0.045139
0 0.383107 0.367583 0.076797 0.045139
0 0.331179 0.431208 0.076797 0.045139
0 0.414286 0.413021 0.076797 0.045139
0 0.383107 0.467583 0.076797 0.045139
0 0.461036 0.452417 0.076797 0.045139
0 0.445464 0.496354 0.076797 0.045139
0 0.518179 0.482729 0.076797 0.045139
0 0.505179 0.531208 0.076797 0.045139
0 0.583107 0.503938 0.076797 0.045139
0 0.642857 0.540313 0.076797 0.045139
0 0.705179 0.522125 0.076797 0.045139
0 0.681821 0.458479 0.076797 0.045139
0 0.746750 0.487271 0.076797 0.045139
0 0.751964 0.446354 0.076797 0.045139
0 0.718179 0.403938 0.076797 0.045139
0 0.684429 0.369083 0.076797 0.045139
0 0.642857 0.335750 0.076797 0.045139
0 0.570143 0.350917 0.076797 0.045139
0 0.593500 0.397875 0.076797 0.045139
0 0.661036 0.425146 0.076797 0.045139
0 0.642857 0.497875 0.076797 0.045139