0 0.118180 0.490900 0.134549 0.133681
0 0.109100 0.380300 0.134549 0.133681
0 0.150000 0.307580 0.134549 0.133681
0 0.206060 0.234840 0.134549 0.133681
0 0.306060 0.189400 0.134549 0.133681
0 0.418180 0.143940 0.134549 0.133681
0 0.531820 0.146960 0.134549 0.133681
0 0.654540 0.172720 0.134549 0.133681
0 0.769700 0.207580 0.134549 0.133681
0 0.853040 0.269700 0.134549 0.133681
0 0.890900 0.337880 0.134549 0.133681
0 0.904540 0.437880 0.134549 0.133681
0 0.860600 0.543940 0.134549 0.133681
0 0.781820 0.636360 0.134549 0.133681
0 0.634840 0.646960 0.134549 0.133681
0 0.463640 0.646960 0.134549 0.133681
0 0.301520 0.625760 0.134549 0.133681
0 0.181820 0.589400 0.134549 0.133681