0 0.169912 0.236250 0.099826 0.109375
0 0.152463 0.310425 0.099826 0.109375
0 0.152463 0.406425 0.099826 0.109375
0 0.193912 0.500250 0.099826 0.109375
0 0.239737 0.600612 0.099826 0.109375
0 0.300825 0.679150 0.099826 0.109375
0 0.392462 0.731513 0.099826 0.109375
0 0.237550 0.212250 0.099826 0.109375
0 0.320462 0.210063 0.099826 0.109375
0 0.392462 0.225337 0.099826 0.109375
0 0.464463 0.275512 0.099826 0.109375
0 0.532100 0.316975 0.099826 0.109375
0 0.601912 0.367150 0.099826 0.109375
0 0.678288 0.417337 0.099826 0.109375
0 0.750287 0.458787 0.099826 0.109375
0 0.815738 0.487150 0.099826 0.109375
0 0.855012 0.519887 0.099826 0.109375
0 0.892100 0.559150 0.099826 0.109375
0 0.903012 0.600612 0.099826 0.109375
0 0.876825 0.652975 0.099826 0.109375
0 0.828825 0.700975 0.099826 0.109375
0 0.737187 0.742425 0.099826 0.109375
0 0.628100 0.757700 0.099826 0.109375
0 0.512463 0.755512 0.099826 0.109375