0 0.241142 0.845140 0.044107 0.052951
0 0.191167 0.848300 0.044107 0.052951
0 0.142067 0.827250 0.044107 0.052951
0 0.100850 0.780960 0.044107 0.052951
0 0.204317 0.746230 0.044107 0.052951
0 0.246408 0.788320 0.044107 0.052951
0 0.169242 0.706250 0.044107 0.052951
0 0.076300 0.738870 0.044107 0.052951
0 0.064025 0.679950 0.044107 0.052951
0 0.069283 0.619970 0.044107 0.052951
0 0.078058 0.571570 0.044107 0.052951
0 0.112250 0.525270 0.044107 0.052951
0 0.162233 0.507390 0.044107 0.052951
0 0.203442 0.495810 0.044107 0.052951
0 0.246408 0.495810 0.044107 0.052951
0 0.216592 0.545270 0.044107 0.052951
0 0.174508 0.567360 0.044107 0.052951
0 0.149958 0.609450 0.044107 0.052951
0 0.142067 0.658900 0.044107 0.052951
0 0.259558 0.552630 0.044107 0.052951
0 0.291125 0.503180 0.044107 0.052951
0 0.305150 0.555790 0.044107 0.052951
0 0.340225 0.514750 0.044107 0.052951
0 0.345483 0.579990 0.044107 0.052951
0 0.382317 0.538950 0.044107 0.052951
0 0.391083 0.593670 0.044107 0.052951
0 0.424400 0.548420 0.044107 0.052951
0 0.432292 0.603140 0.044107 0.052951
0 0.473500 0.551580 0.044107 0.052951
0 0.476133 0.621020 0.044107 0.052951
0 0.519100 0.565260 0.044107 0.052951
0 0.516467 0.632600 0.044107 0.052951
0 0.566442 0.569470 0.044107 0.052951
0 0.556800 0.637860 0.044107 0.052951
0 0.599767 0.653640 0.044107 0.052951
0 0.618175 0.573670 0.044107 0.052951
0 0.640975 0.657850 0.044107 0.052951
0 0.662900 0.581040 0.044107 0.052951
0 0.704983 0.584200 0.044107 0.052951
0 0.687450 0.648380 0.044107 0.052951
0 0.724275 0.648380 0.044107 0.052951
0 0.755842 0.587350 0.044107 0.052951
0 0.776008 0.642070 0.044107 0.052951
0 0.347242 0.465300 0.044107 0.052951
0 0.293750 0.445310 0.044107 0.052951
0 0.248158 0.425320 0.044107 0.052951
0 0.204317 0.403220 0.044107 0.052951
0 0.287617 0.391650 0.044107 0.052951
0 0.334967 0.403220 0.044107 0.052951
0 0.394592 0.469510 0.044107 0.052951
0 0.385817 0.404270 0.044107 0.052951
0 0.430542 0.402170 0.044107 0.052951
0 0.441933 0.463190 0.044107 0.052951
0 0.492792 0.452670 0.044107 0.052951
0 0.477883 0.385330 0.044107 0.052951
0 0.527867 0.436890 0.044107 0.052951
0 0.573458 0.403220 0.044107 0.052951
0 0.164858 0.369760 0.044107 0.052951
0 0.239567 0.369760 0.044107 0.052951
0 0.518392 0.371020 0.044107 0.052951
0 0.620458 0.381120 0.044107 0.052951
0 0.663600 0.376070 0.044107 0.052951
0 0.708842 0.368500 0.044107 0.052951
0 0.750933 0.362180 0.044107 0.052951
0 0.793633 0.581670 0.044107 0.052951
0 0.811783 0.636170 0.044107 0.052951
0 0.849658 0.618080 0.044107 0.052951
0 0.837558 0.548950 0.044107 0.052951
0 0.854217 0.508960 0.044107 0.052951
0 0.857292 0.459830 0.044107 0.052951
0 0.834575 0.412580 0.044107 0.052951
0 0.796700 0.387120 0.044107 0.052951
0 0.207700 0.340780 0.044107 0.052951
0 0.186658 0.290280 0.044107 0.052951
0 0.141417 0.318060 0.044107 0.052951
0 0.125633 0.265030 0.044107 0.052951
0 0.176133 0.239770 0.044107 0.052951
0 0.135100 0.205680 0.044107 0.052951
0 0.150883 0.152650 0.044107 0.052951
0 0.197183 0.186740 0.044107 0.052951
0 0.232958 0.160230 0.044107 0.052951
0 0.192975 0.121090 0.044107 0.052951
0 0.237167 0.100880 0.044107 0.052951
0 0.278200 0.158960 0.044107 0.052951
0 0.284508 0.100880 0.044107 0.052951
0 0.333967 0.102150 0.044107 0.052951
0 0.323442 0.175380 0.044107 0.052951
0 0.360267 0.211990 0.044107 0.052951
0 0.385525 0.107200 0.044107 0.052951
0 0.434975 0.114770 0.044107 0.052951
0 0.477058 0.142550 0.044107 0.052951
0 0.498108 0.204420 0.044107 0.052951
0 0.453917 0.242300 0.044107 0.052951
0 0.410775 0.243560 0.044107 0.052951
0 0.553875 0.345830 0.044107 0.052951
0 0.587542 0.321840 0.044107 0.052951
0 0.625425 0.287750 0.044107 0.052951
0 0.669617 0.262500 0.044107 0.052951
0 0.714858 0.259970 0.044107 0.052951
0 0.759050 0.268810 0.044107 0.052951
0 0.807450 0.281440 0.044107 0.052951
0 0.847433 0.305430 0.044107 0.052951
0 0.879000 0.347100 0.044107 0.052951
0 0.900042 0.387500 0.044107 0.052951
0 0.920033 0.448110 0.044107 0.052951
0 0.926350 0.502400 0.044107 0.052951
0 0.915825 0.545330 0.044107 0.052951
0 0.889517 0.586990 0.044107 0.052951