0 0.355000 0.876973 0.065755 0.067057
0 0.408027 0.831520 0.065755 0.067057
0 0.436813 0.775453 0.065755 0.067057
0 0.468640 0.720907 0.065755 0.067057
0 0.542880 0.723933 0.065755 0.067057
0 0.535307 0.799693 0.065755 0.067057
0 0.508027 0.864853 0.065755 0.067057
0 0.473187 0.933027 0.065755 0.067057
0 0.512573 0.642120 0.065755 0.067057
0 0.503480 0.567880 0.065755 0.067057
0 0.461067 0.501213 0.065755 0.067057
0 0.429240 0.423933 0.065755 0.067057
0 0.376213 0.331520 0.065755 0.067057
0 0.441360 0.348187 0.065755 0.067057
0 0.494400 0.428480 0.065755 0.067057
0 0.533787 0.504240 0.065755 0.067057
0 0.565600 0.572427 0.065755 0.067057
0 0.644400 0.561813 0.065755 0.067057
0 0.618640 0.496667 0.065755 0.067057
0 0.574693 0.439093 0.065755 0.067057
0 0.521667 0.357267 0.065755 0.067057
0 0.585307 0.360307 0.065755 0.067057
0 0.648933 0.422427 0.065755 0.067057
0 0.688333 0.480000 0.065755 0.067057
0 0.714093 0.543640 0.065755 0.067057
0 0.764093 0.513333 0.065755 0.067057
0 0.747427 0.458787 0.065755 0.067057
0 0.717120 0.405760 0.065755 0.067057
0 0.667120 0.340600 0.065755 0.067057
0 0.715600 0.325453 0.065755 0.067057
0 0.762573 0.380000 0.065755 0.067057
0 0.795907 0.426973 0.065755 0.067057
0 0.797427 0.478480 0.065755 0.067057
0 0.832267 0.445147 0.065755 0.067057
0 0.827733 0.396667 0.065755 0.067057
0 0.809547 0.349693 0.065755 0.067057
0 0.767120 0.293640 0.065755 0.067057
0 0.808027 0.272427 0.065755 0.067057
0 0.838333 0.313333 0.065755 0.067057
0 0.859547 0.361813 0.065755 0.067057
0 0.859547 0.413333 0.065755 0.067057
0 0.858027 0.283027 0.065755 0.067057
0 0.812573 0.233027 0.065755 0.067057
0 0.836813 0.198187 0.065755 0.067057
0 0.811067 0.163333 0.065755 0.067057
0 0.764093 0.158787 0.065755 0.067057
0 0.723187 0.151213 0.065755 0.067057
0 0.670147 0.151213 0.065755 0.067057
0 0.695907 0.213333 0.065755 0.067057
0 0.756520 0.220907 0.065755 0.067057
0 0.665600 0.287573 0.065755 0.067057
0 0.614093 0.293640 0.065755 0.067057
0 0.636813 0.211813 0.065755 0.067057
0 0.585307 0.211813 0.065755 0.067057
0 0.608027 0.151213 0.065755 0.067057
0 0.542880 0.160307 0.065755 0.067057
0 0.511067 0.214853 0.065755 0.067057
0 0.547427 0.283027 0.065755 0.067057
0 0.479240 0.283027 0.065755 0.067057
0 0.447427 0.219400 0.065755 0.067057
0 0.476213 0.164853 0.065755 0.067057
0 0.405000 0.167880 0.065755 0.067057
0 0.347427 0.176973 0.065755 0.067057
0 0.347427 0.125453 0.065755 0.067057
0 0.292880 0.128480 0.065755 0.067057
0 0.250453 0.142120 0.065755 0.067057
0 0.224693 0.154240 0.065755 0.067057
0 0.195907 0.172427 0.065755 0.067057
0 0.197427 0.202733 0.065755 0.067057
0 0.198933 0.230000 0.065755 0.067057
0 0.217120 0.264853 0.065755 0.067057
0 0.292880 0.202733 0.065755 0.067057
0 0.385307 0.236067 0.065755 0.067057
0 0.335307 0.251213 0.065755 0.067057
0 0.418640 0.290600 0.065755 0.067057
0 0.261067 0.225453 0.065755 0.067057
0 0.258027 0.299693 0.065755 0.067057
0 0.303480 0.326973 0.065755 0.067057
0 0.347427 0.417880 0.065755 0.067057
0 0.285307 0.402733 0.065755 0.067057
0 0.238333 0.380000 0.065755 0.067057
0 0.201973 0.346667 0.065755 0.067057
0 0.217120 0.439093 0.065755 0.067057
0 0.261067 0.458787 0.065755 0.067057
0 0.183787 0.313333 0.065755 0.067057
0 0.221667 0.483027 0.065755 0.067057
0 0.258027 0.508787 0.065755 0.067057
0 0.306520 0.542120 0.065755 0.067057
0 0.321667 0.473933 0.065755 0.067057
0 0.392880 0.492120 0.065755 0.067057
0 0.365600 0.558787 0.065755 0.067057
0 0.421667 0.569400 0.065755 0.067057
0 0.194400 0.399693 0.065755 0.067057