0 0.093692 0.458443 0.075231 0.051215
0 0.194355 0.498443 0.075231 0.051215
0 0.298661 0.329362 0.075231 0.051215
0 0.344756 0.294803 0.075231 0.051215
0 0.344756 0.358443 0.075231 0.051215
0 0.362954 0.422083 0.075231 0.051215
0 0.332628 0.494803 0.075231 0.051215
0 0.453917 0.465722 0.075231 0.051215
0 0.491514 0.527542 0.075231 0.051215
0 0.749862 0.651182 0.075231 0.051215
0 0.771690 0.634803 0.075231 0.051215
0 0.806859 0.643902 0.075231 0.051215
0 0.828698 0.656623 0.075231 0.051215
0 0.894193 0.667542 0.075231 0.051215