0 0.570947 0.579245 0.055842 0.059028
0 0.599680 0.497183 0.055842 0.059028
0 0.532227 0.479501 0.055842 0.059028
0 0.500987 0.576725 0.055842 0.059028
0 0.432293 0.562830 0.055842 0.059028
0 0.388573 0.545162 0.055842 0.059028
0 0.349840 0.514852 0.055842 0.059028
0 0.323613 0.464353 0.055842 0.059028
0 0.291133 0.444151 0.055842 0.059028
0 0.262400 0.387332 0.055842 0.059028
0 0.268653 0.351981 0.055842 0.059028
0 0.266147 0.322938 0.055842 0.059028
0 0.298627 0.287588 0.055842 0.059028
0 0.298627 0.316617 0.055842 0.059028
0 0.309867 0.257278 0.055842 0.059028
0 0.316120 0.235809 0.055842 0.059028
0 0.313613 0.349447 0.055842 0.059028
0 0.344853 0.367129 0.055842 0.059028
0 0.379827 0.405000 0.055842 0.059028
0 0.416053 0.432790 0.055842 0.059028
0 0.471013 0.458032 0.055842 0.059028
0 0.491000 0.389852 0.055842 0.059028
0 0.560947 0.413841 0.055842 0.059028
0 0.650893 0.423949 0.055842 0.059028
0 0.799547 0.478235 0.055842 0.059028
0 0.847013 0.456779 0.055842 0.059028
0 0.834520 0.384798 0.055842 0.059028
0 0.870747 0.430256 0.055842 0.059028
0 0.680867 0.575458 0.055842 0.059028
0 0.750827 0.562830 0.055842 0.059028
0 0.814533 0.543895 0.055842 0.059028
0 0.853253 0.524960 0.055842 0.059028
0 0.903227 0.500970 0.055842 0.059028
0 0.915720 0.468140 0.055842 0.059028
0 0.948187 0.439097 0.055842 0.059028
0 0.960680 0.406267 0.055842 0.059028
0 0.964427 0.368383 0.055842 0.059028
0 0.965680 0.324191 0.055842 0.059028
0 0.935707 0.290108 0.055842 0.059028
0 0.909467 0.351981 0.055842 0.059028
0 0.909467 0.377224 0.055842 0.059028
0 0.900720 0.412588 0.055842 0.059028
0 0.880733 0.353235 0.055842 0.059028
0 0.878240 0.322938 0.055842 0.059028
0 0.881987 0.295162 0.055842 0.059028
0 0.868240 0.269906 0.055842 0.059028
0 0.842013 0.267385 0.055842 0.059028
0 0.830773 0.290108 0.055842 0.059028
0 0.808280 0.322938 0.055842 0.059028
0 0.779560 0.343140 0.055842 0.059028
0 0.712107 0.348194 0.055842 0.059028
0 0.647147 0.354501 0.055842 0.059028
0 0.592187 0.353235 0.055842 0.059028
0 0.524733 0.331779 0.055842 0.059028
0 0.437280 0.358288 0.055842 0.059028
0 0.386067 0.330512 0.055842 0.059028
0 0.372333 0.303989 0.055842 0.059028
0 0.347347 0.267385 0.055842 0.059028
0 0.347347 0.237075 0.055842 0.059028
0 0.389813 0.213086 0.055842 0.059028
0 0.402307 0.195404 0.055842 0.059028
0 0.421053 0.243383 0.055842 0.059028
0 0.427293 0.224447 0.055842 0.059028
0 0.454773 0.199191 0.055842 0.059028
0 0.478507 0.162588 0.055842 0.059028
0 0.523480 0.137332 0.055842 0.059028
0 0.564707 0.124704 0.055842 0.059028
0 0.607173 0.114596 0.055842 0.059028
0 0.550960 0.172682 0.055842 0.059028
0 0.504747 0.195404 0.055842 0.059028
0 0.429787 0.176469 0.055842 0.059028
0 0.658387 0.180256 0.055842 0.059028
0 0.608427 0.162588 0.055842 0.059028
0 0.664627 0.123437 0.055842 0.059028
0 0.717093 0.138585 0.055842 0.059028
0 0.712107 0.192884 0.055842 0.059028
0 0.779560 0.158787 0.055842 0.059028
0 0.769560 0.204245 0.055842 0.059028
0 0.823280 0.180256 0.055842 0.059028
0 0.795800 0.221927 0.055842 0.059028
0 0.813280 0.243383 0.055842 0.059028
0 0.857000 0.248437 0.055842 0.059028
0 0.864493 0.204245 0.055842 0.059028
0 0.906973 0.254757 0.055842 0.059028
0 0.166827 0.825768 0.055842 0.059028
0 0.225427 0.815323 0.055842 0.059028
0 0.253013 0.878032 0.055842 0.059028
0 0.285187 0.855970 0.055842 0.059028
0 0.381707 0.584191 0.055842 0.059028
0 0.381707 0.615553 0.055842 0.059028
0 0.173720 0.925660 0.055842 0.059028
0 0.072613 0.833908 0.055842 0.059028
0 0.703440 0.484313 0.055842 0.059028
0 0.745960 0.415782 0.055842 0.059028
0 0.451800 0.292668 0.055842 0.059028