0 0.912280 0.897857 0.043716 0.077257
0 0.863100 0.860629 0.043716 0.077257
0 0.817680 0.825714 0.043716 0.077257
0 0.824140 0.764657 0.043716 0.077257
0 0.870900 0.747771 0.043716 0.077257
0 0.596260 0.764657 0.043716 0.077257
0 0.543060 0.773886 0.043716 0.077257
0 0.495220 0.781171 0.043716 0.077257
0 0.495220 0.781171 0.043716 0.077257
0 0.436920 0.786543 0.043716 0.077257
0 0.381020 0.777343 0.043716 0.077257
0 0.335600 0.785000 0.043716 0.077257
0 0.278640 0.757000 0.043716 0.077257
0 0.235920 0.725514 0.043716 0.077257
0 0.196940 0.716286 0.043716 0.077257
0 0.160680 0.662543 0.043716 0.077257
0 0.127080 0.629543 0.043716 0.077257
0 0.108820 0.575800 0.043716 0.077257
0 0.088120 0.538543 0.043716 0.077257
0 0.072540 0.497857 0.043716 0.077257
0 0.054520 0.455257 0.043716 0.077257
0 0.041640 0.403429 0.043716 0.077257
0 0.049420 0.351600 0.043716 0.077257
0 0.057220 0.303629 0.043716 0.077257
0 0.066080 0.266371 0.043716 0.077257
0 0.166040 0.392286 0.043716 0.077257
0 0.166040 0.447971 0.043716 0.077257
0 0.191840 0.495943 0.043716 0.077257
0 0.229460 0.527429 0.043716 0.077257
0 0.273540 0.551600 0.043716 0.077257
0 0.325400 0.562743 0.043716 0.077257
0 0.370800 0.577714 0.043716 0.077257
0 0.417300 0.599600 0.043716 0.077257
0 0.466480 0.619943 0.043716 0.077257
0 0.519680 0.625686 0.043716 0.077257
0 0.558640 0.649886 0.043716 0.077257
0 0.609160 0.684829 0.043716 0.077257
0 0.636300 0.734714 0.043716 0.077257
0 0.158800 0.351600 0.043716 0.077257
0 0.165240 0.302086 0.043716 0.077257
0 0.184860 0.265229 0.043716 0.077257
0 0.202060 0.221857 0.043716 0.077257
0 0.234560 0.191143 0.043716 0.077257
0 0.264660 0.160429 0.043716 0.077257
0 0.324060 0.143171 0.043716 0.077257
0 0.372700 0.127800 0.043716 0.077257
0 0.410580 0.135486 0.043716 0.077257
0 0.453580 0.165029 0.043716 0.077257
0 0.492540 0.183457 0.043716 0.077257
0 0.531500 0.188086 0.043716 0.077257
0 0.579060 0.212629 0.043716 0.077257
0 0.617760 0.234514 0.043716 0.077257
0 0.653500 0.256029 0.043716 0.077257
0 0.687900 0.292886 0.043716 0.077257
0 0.698920 0.333171 0.043716 0.077257
0 0.685740 0.388457 0.043716 0.077257
0 0.643820 0.404200 0.043716 0.077257
0 0.586580 0.405743 0.043716 0.077257
0 0.545480 0.404200 0.043716 0.077257
0 0.498980 0.376171 0.043716 0.077257
0 0.467820 0.339314 0.043716 0.077257
0 0.437460 0.305171 0.043716 0.077257
0 0.411660 0.274457 0.043716 0.077257
0 0.364100 0.252943 0.043716 0.077257
0 0.316520 0.265229 0.043716 0.077257
0 0.307920 0.311686 0.043716 0.077257
0 0.312220 0.359286 0.043716 0.077257
0 0.345820 0.393457 0.043716 0.077257
0 0.387740 0.419543 0.043716 0.077257
0 0.433160 0.437971 0.043716 0.077257
0 0.475340 0.448743 0.043716 0.077257
0 0.519680 0.468686 0.043716 0.077257
0 0.571280 0.490571 0.043716 0.077257
0 0.616680 0.496714 0.043716 0.077257
0 0.669620 0.499771 0.043716 0.077257
0 0.716120 0.482886 0.043716 0.077257
0 0.760440 0.479829 0.043716 0.077257
0 0.804780 0.444114 0.043716 0.077257
0 0.828440 0.401114 0.043716 0.077257
0 0.839180 0.363886 0.043716 0.077257
0 0.823060 0.308229 0.043716 0.077257
0 0.795920 0.274457 0.043716 0.077257
0 0.763680 0.239143 0.043716 0.077257
0 0.733300 0.209571 0.043716 0.077257
0 0.691380 0.178857 0.043716 0.077257
0 0.655640 0.144686 0.043716 0.077257
0 0.618840 0.129343 0.043716 0.077257
0 0.590880 0.113971 0.043716 0.077257
0 0.543320 0.084800 0.043716 0.077257
0 0.510820 0.075600 0.043716 0.077257
0 0.467820 0.066371 0.043716 0.077257
0 0.424560 0.059857 0.043716 0.077257
0 0.380220 0.055257 0.043716 0.077257
0 0.338020 0.061400 0.043716 0.077257
0 0.300400 0.071000 0.043716 0.077257
0 0.253920 0.084800 0.043716 0.077257
0 0.210660 0.101686 0.043716 0.077257
0 0.181640 0.118600 0.043716 0.077257
0 0.146960 0.154286 0.043716 0.077257
0 0.122240 0.188086 0.043716 0.077257
0 0.090800 0.217257 0.043716 0.077257