0 0.189050 0.536125 0.064236 0.098958
0 0.196163 0.660950 0.064236 0.098958
0 0.258575 0.652837 0.064236 0.098958
0 0.310837 0.583825 0.064236 0.098958
0 0.268712 0.525475 0.064236 0.098958
0 0.230150 0.473212 0.064236 0.098958
0 0.316412 0.478787 0.064236 0.098958
0 0.366138 0.516338 0.064236 0.098958
0 0.266175 0.745687 0.064236 0.098958
0 0.339250 0.713213 0.064236 0.098958
0 0.384412 0.844137 0.064236 0.098958
0 0.418413 0.762950 0.064236 0.098958
0 0.373250 0.614275 0.064236 0.098958
0 0.418413 0.662987 0.064236 0.098958
0 0.420438 0.554900 0.064236 0.098958
0 0.468638 0.595500 0.064236 0.098958
0 0.469663 0.698500 0.064236 0.098958
0 0.529025 0.758888 0.064236 0.098958
0 0.574187 0.688350 0.064236 0.098958
0 0.521412 0.642175 0.064236 0.098958
0 0.634562 0.713213 0.064236 0.098958
0 0.709163 0.729450 0.064236 0.098958
0 0.777150 0.682262 0.064236 0.098958
0 0.698000 0.640662 0.064236 0.098958
0 0.614775 0.610725 0.064236 0.098958
0 0.681250 0.556425 0.064236 0.098958
0 0.749250 0.594988 0.064236 0.098958
0 0.810138 0.549325 0.064236 0.098958
0 0.422975 0.465600 0.064236 0.098958
0 0.484875 0.463563 0.064236 0.098958
0 0.535625 0.498075 0.064236 0.098958
0 0.556425 0.576725 0.064236 0.098958
0 0.607162 0.521412 0.064236 0.098958
0 0.643700 0.453925 0.064236 0.098958
0 0.578750 0.440737 0.064236 0.098958
0 0.725900 0.477775 0.064236 0.098958
0 0.807087 0.429062 0.064236 0.098958
0 0.751787 0.356500 0.064236 0.098958
0 0.693937 0.389487 0.064236 0.098958
0 0.656388 0.331637 0.064236 0.098958
0 0.703575 0.270750 0.064236 0.098958
0 0.397600 0.251462 0.064236 0.098958
0 0.376800 0.315400 0.064236 0.098958
0 0.425000 0.345850 0.064236 0.098958
0 0.460525 0.397100 0.064236 0.098958
0 0.506700 0.338737 0.064236 0.098958
0 0.470162 0.290025 0.064236 0.098958
0 0.529537 0.261612 0.064236 0.098958
0 0.500613 0.201737 0.064236 0.098958
0 0.565562 0.199200 0.064236 0.098958
0 0.584338 0.281400 0.064236 0.098958
0 0.645225 0.232187 0.064236 0.098958
0 0.240812 0.352437 0.064236 0.098958
0 0.285463 0.409775 0.064236 0.098958
0 0.347362 0.380350 0.064236 0.098958
0 0.306775 0.309825 0.064236 0.098958
0 0.593975 0.369700 0.064236 0.098958
0 0.532075 0.407237 0.064236 0.098958
0 0.374262 0.440737 0.064236 0.098958