0 0.505355 0.600000 0.057292 0.063368
0 0.244484 0.428790 0.057292 0.063368
0 0.230841 0.406060 0.057292 0.063368
0 0.258138 0.380300 0.057292 0.063368
0 0.314254 0.380300 0.057292 0.063368
0 0.364304 0.381820 0.057292 0.063368
0 0.418899 0.390910 0.057292 0.063368
0 0.468949 0.412120 0.057292 0.063368
0 0.523554 0.418180 0.057292 0.063368
0 0.572092 0.428790 0.057292 0.063368
0 0.628208 0.442420 0.057292 0.063368
0 0.682803 0.454550 0.057292 0.063368
0 0.775325 0.469700 0.057292 0.063368
0 0.832953 0.468180 0.057292 0.063368
0 0.889069 0.445450 0.057292 0.063368
0 0.913333 0.421210 0.057292 0.063368
0 0.884525 0.387880 0.057292 0.063368
0 0.858739 0.375760 0.057292 0.063368
0 0.785936 0.375760 0.057292 0.063368
0 0.738919 0.381820 0.057292 0.063368
0 0.676737 0.381820 0.057292 0.063368
0 0.625175 0.381820 0.057292 0.063368
0 0.561471 0.365150 0.057292 0.063368
0 0.467437 0.359090 0.057292 0.063368
0 0.408288 0.354550 0.057292 0.063368
0 0.359750 0.346970 0.057292 0.063368
0 0.296056 0.345450 0.057292 0.063368
0 0.246006 0.342420 0.057292 0.063368
0 0.185335 0.351520 0.057292 0.063368
0 0.139840 0.360610 0.057292 0.063368
0 0.104955 0.375760 0.057292 0.063368
0 0.091301 0.416670 0.057292 0.063368
0 0.130741 0.442420 0.057292 0.063368
0 0.177758 0.457580 0.057292 0.063368