0 0.235000 0.350700 0.051215 0.065972
0 0.196050 0.323925 0.051215 0.065972
0 0.160125 0.297125 0.051215 0.065972
0 0.124800 0.268500 0.051215 0.065972
0 0.101050 0.242925 0.051215 0.065972
0 0.089475 0.210050 0.051215 0.065972
0 0.102275 0.178375 0.051215 0.065972
0 0.132100 0.151600 0.051215 0.065972
0 0.169850 0.130275 0.051215 0.065972
0 0.219800 0.123575 0.051215 0.065972
0 0.275200 0.114450 0.051215 0.065972
0 0.330000 0.123575 0.051215 0.065972
0 0.387850 0.135150 0.051215 0.065972
0 0.440825 0.152800 0.051215 0.065972
0 0.494400 0.172900 0.051215 0.065972
0 0.538850 0.198475 0.051215 0.065972
0 0.578425 0.220400 0.051215 0.065972
0 0.571125 0.323300 0.051215 0.065972
0 0.530325 0.344625 0.051215 0.065972
0 0.468225 0.370800 0.051215 0.065972
0 0.439600 0.352525 0.051215 0.065972
0 0.398800 0.345825 0.051215 0.065972
0 0.359225 0.343400 0.051215 0.065972
0 0.323300 0.366525 0.051215 0.065972
0 0.297125 0.395775 0.051215 0.065972
0 0.270950 0.432300 0.051215 0.065972
0 0.282500 0.371400 0.051215 0.065972
0 0.604625 0.300175 0.051215 0.065972
0 0.627150 0.289200 0.051215 0.065972
0 0.650275 0.286150 0.051215 0.065972
0 0.644200 0.261200 0.051215 0.065972
0 0.614350 0.243525 0.051215 0.065972
0 0.525450 0.395775 0.051215 0.065972
0 0.412200 0.397600 0.051215 0.065972
0 0.563200 0.416475 0.051215 0.065972
0 0.603400 0.431700 0.051215 0.065972
0 0.642975 0.441425 0.051215 0.065972
0 0.682550 0.454825 0.051215 0.065972
0 0.764750 0.504150 0.051215 0.065972
0 0.803725 0.519375 0.051215 0.065972
0 0.828075 0.548600 0.051215 0.065972
0 0.863400 0.574175 0.051215 0.065972
0 0.878025 0.597925 0.051215 0.065972
0 0.913325 0.635675 0.051215 0.065972
0 0.902375 0.671600 0.051215 0.065972
0 0.886550 0.700825 0.051215 0.065972
0 0.862800 0.731875 0.051215 0.065972
0 0.830525 0.756850 0.051215 0.065972
0 0.783625 0.777550 0.051215 0.065972
0 0.737975 0.803125 0.051215 0.065972
0 0.681350 0.811650 0.051215 0.065972
0 0.628375 0.817125 0.051215 0.065972
0 0.566250 0.801900 0.051215 0.065972
0 0.507200 0.794000 0.051215 0.065972
0 0.453000 0.762325 0.051215 0.065972
0 0.404900 0.741025 0.051215 0.065972
0 0.359225 0.722125 0.051215 0.065972
0 0.315400 0.697175 0.051215 0.065972
0 0.284950 0.674025 0.051215 0.065972
0 0.254500 0.646625 0.051215 0.065972
0 0.244150 0.618625 0.051215 0.065972
0 0.239275 0.585750 0.051215 0.065972
0 0.231975 0.559550 0.051215 0.065972
0 0.238050 0.532775 0.051215 0.065972
0 0.247200 0.501725 0.051215 0.065972
0 0.250850 0.463350 0.051215 0.065972
0 0.417075 0.595475 0.051215 0.065972
0 0.416475 0.624100 0.051215 0.065972
0 0.403075 0.652125 0.051215 0.065972
0 0.398200 0.672200 0.051215 0.065972
0 0.390275 0.699000 0.051215 0.065972
0 0.546775 0.597300 0.051215 0.065972
0 0.560175 0.608875 0.051215 0.065972
0 0.580250 0.622875 0.051215 0.065972
0 0.599750 0.633225 0.051215 0.065972
0 0.620450 0.641750 0.051215 0.065972
0 0.642375 0.653950 0.051215 0.065972
0 0.667950 0.667325 0.051215 0.065972
0 0.691700 0.673425 0.051215 0.065972
0 0.713600 0.672825 0.051215 0.065972
0 0.739800 0.671600 0.051215 0.065972