0 0.179950 0.469082 0.022609 0.023438
0 0.186700 0.484232 0.022609 0.023438
0 0.209450 0.479195 0.022609 0.023438
0 0.227987 0.452678 0.022609 0.023438
0 0.254125 0.460243 0.022609 0.023438
0 0.272662 0.475393 0.022609 0.023438
0 0.293725 0.453933 0.022609 0.023438
0 0.320700 0.442566 0.022609 0.023438
0 0.353575 0.440037 0.022609 0.023438
0 0.378850 0.441311 0.022609 0.023438
0 0.390650 0.446367 0.022609 0.023438
0 0.420150 0.442566 0.022609 0.023438
0 0.410875 0.388277 0.022609 0.023438
0 0.469038 0.383221 0.022609 0.023438
0 0.528875 0.378184 0.022609 0.023438
0 0.571012 0.371873 0.022609 0.023438
0 0.619900 0.374382 0.022609 0.023438
0 0.668775 0.369345 0.022609 0.023438
0 0.705025 0.371873 0.022609 0.023438
0 0.721875 0.331461 0.022609 0.023438
0 0.915725 0.350393 0.022609 0.023438
0 0.871900 0.344082 0.022609 0.023438
0 0.837337 0.340300 0.022609 0.023438
0 0.794350 0.341554 0.022609 0.023438