0 0.421268 0.359498 0.075980 0.046007
0 0.555493 0.418715 0.075980 0.046007
0 0.518169 0.471567 0.075980 0.046007
0 0.639765 0.367962 0.075980 0.046007
0 0.597934 0.343448 0.075980 0.046007
0 0.553615 0.328213 0.075980 0.046007
0 0.600469 0.297335 0.075980 0.046007
0 0.708779 0.302414 0.075980 0.046007
0 0.775258 0.335831 0.075980 0.046007
0 0.851268 0.422508 0.075980 0.046007
0 0.692958 0.514263 0.075980 0.046007
0 0.805681 0.483824 0.075980 0.046007
0 0.297746 0.521881 0.075980 0.046007
0 0.417465 0.546834 0.075980 0.046007
0 0.246479 0.567555 0.075980 0.046007
0 0.221784 0.597994 0.075980 0.046007
0 0.255352 0.614075 0.075980 0.046007
0 0.178075 0.674953 0.075980 0.046007
0 0.183146 0.841129 0.075980 0.046007
0 0.330704 0.958276 0.075980 0.046007
0 0.580235 0.940940 0.075980 0.046007
0 0.843005 0.930784 0.075980 0.046007
0 0.983615 0.866520 0.075980 0.046007
0 0.837981 0.833103 0.075980 0.046007
0 0.770188 0.866520 0.075980 0.046007
0 0.834789 0.790815 0.075980 0.046007
0 0.509296 0.709624 0.075980 0.046007
0 0.660657 0.668182 0.075980 0.046007
0 0.874038 0.640282 0.075980 0.046007
0 0.944977 0.225893 0.075980 0.046007
0 0.971596 0.360345 0.075980 0.046007
0 0.957653 0.469875 0.075980 0.046007