0 0.099298 0.463937 0.031863 0.542535
0 0.127099 0.463937 0.031863 0.542535
0 0.166356 0.463937 0.031863 0.542535
0 0.200715 0.466975 0.031863 0.542535
0 0.233428 0.465450 0.031863 0.542535
0 0.271053 0.463937 0.031863 0.542535
0 0.307045 0.463937 0.031863 0.542535
0 0.339757 0.471512 0.031863 0.542535
0 0.367557 0.468488 0.031863 0.542535
0 0.406815 0.473025 0.031863 0.542535
0 0.446086 0.476062 0.031863 0.542535
0 0.480432 0.476062 0.031863 0.542535
0 0.511511 0.476062 0.031863 0.542535
0 0.547503 0.476062 0.031863 0.542535
0 0.585128 0.476062 0.031863 0.542535
0 0.622740 0.476062 0.031863 0.542535
0 0.657099 0.476062 0.031863 0.542535
0 0.689811 0.476062 0.031863 0.542535
0 0.725803 0.476062 0.031863 0.542535
0 0.755250 0.476062 0.031863 0.542535
0 0.794507 0.476062 0.031863 0.542535
0 0.825587 0.480600 0.031863 0.542535
0 0.864845 0.476062 0.031863 0.542535
0 0.900837 0.479087 0.031863 0.542535