0 0.178625 0.945709 0.171490 0.098090
0 0.163362 0.843300 0.171490 0.098090
0 0.159000 0.751498 0.171490 0.098090
0 0.150287 0.642024 0.171490 0.098090
0 0.130663 0.546700 0.171490 0.098090
0 0.115400 0.437227 0.171490 0.098090
0 0.106675 0.359534 0.171490 0.098090
0 0.091412 0.243016 0.171490 0.098090
0 0.078325 0.165344 0.171490 0.098090
0 0.054337 0.073522 0.171490 0.098090
0 0.810950 0.066457 0.171490 0.098090
0 0.826225 0.172389 0.171490 0.098090
0 0.813137 0.260668 0.171490 0.098090
0 0.821862 0.366599 0.171490 0.098090
0 0.841487 0.458421 0.171490 0.098090
0 0.854563 0.567874 0.171490 0.098090
0 0.867650 0.652632 0.171490 0.098090
0 0.885088 0.747955 0.171490 0.098090
0 0.904713 0.860951 0.171490 0.098090
0 0.937425 0.945709 0.171490 0.098090