0 0.237511 0.619767 0.028274 0.559028
0 0.263489 0.621269 0.028274 0.559028
0 0.290778 0.621269 0.028274 0.559028
0 0.318089 0.616736 0.028274 0.559028
0 0.344067 0.616736 0.028274 0.559028
0 0.364867 0.615207 0.028274 0.559028
0 0.397356 0.615207 0.028274 0.559028
0 0.424644 0.615207 0.028274 0.559028
0 0.448044 0.618238 0.028274 0.559028
0 0.471444 0.624301 0.028274 0.559028
0 0.498733 0.627332 0.028274 0.559028
0 0.524733 0.627332 0.028274 0.559028
0 0.555911 0.627332 0.028274 0.559028
0 0.579311 0.630363 0.028274 0.559028
0 0.605311 0.631865 0.028274 0.559028
0 0.632600 0.631865 0.028274 0.559028
0 0.653400 0.633394 0.028274 0.559028
0 0.683289 0.636425 0.028274 0.559028
0 0.709267 0.640959 0.028274 0.559028
0 0.733978 0.637927 0.028274 0.559028
0 0.754756 0.639456 0.028274 0.559028
0 0.784667 0.640959 0.028274 0.559028
0 0.811956 0.645518 0.028274 0.559028
0 0.834044 0.648549 0.028274 0.559028