0 0.903947 0.563233 0.020704 0.830729
0 0.927873 0.563233 0.020704 0.830729
0 0.950307 0.564485 0.020704 0.830729
0 0.059207 0.529519 0.020704 0.830729
0 0.078367 0.535649 0.020704 0.830729
0 0.104827 0.534116 0.020704 0.830729
0 0.124900 0.532584 0.020704 0.830729
0 0.148627 0.532584 0.020704 0.830729
0 0.171433 0.534116 0.020704 0.830729
0 0.196073 0.537181 0.020704 0.830729
0 0.220707 0.541767 0.020704 0.830729
0 0.242607 0.543300 0.020704 0.830729
0 0.265413 0.544832 0.020704 0.830729
0 0.288227 0.549430 0.020704 0.830729
0 0.313773 0.549430 0.020704 0.830729
0 0.335667 0.549430 0.020704 0.830729
0 0.362127 0.550951 0.020704 0.830729
0 0.381287 0.552483 0.020704 0.830729
0 0.404100 0.558613 0.020704 0.830729
0 0.429647 0.555548 0.020704 0.830729
0 0.451547 0.560145 0.020704 0.830729
0 0.473440 0.560145 0.020704 0.830729
0 0.497167 0.560145 0.020704 0.830729
0 0.519060 0.563199 0.020704 0.830729
0 0.541873 0.563199 0.020704 0.830729
0 0.565593 0.560145 0.020704 0.830729
0 0.587493 0.560145 0.020704 0.830729
0 0.611213 0.563199 0.020704 0.830729
0 0.634940 0.563199 0.020704 0.830729
0 0.657747 0.560145 0.020704 0.830729
0 0.678733 0.564732 0.020704 0.830729
0 0.703367 0.563199 0.020704 0.830729
0 0.726180 0.560145 0.020704 0.830729
0 0.747167 0.564732 0.020704 0.830729
0 0.769973 0.566264 0.020704 0.830729
0 0.794613 0.561678 0.020704 0.830729
0 0.813773 0.561678 0.020704 0.830729
0 0.836580 0.561678 0.020704 0.830729
0 0.859393 0.561678 0.020704 0.830729
0 0.882200 0.563199 0.020704 0.830729