0 0.092375 0.495198 0.056419 0.747396
0 0.155725 0.455085 0.056419 0.747396
0 0.212650 0.468908 0.056419 0.747396
0 0.264975 0.477213 0.056419 0.747396
0 0.317300 0.488286 0.056419 0.747396
0 0.368713 0.467533 0.056419 0.747396
0 0.427463 0.479981 0.056419 0.747396
0 0.452250 0.477213 0.056419 0.747396
0 0.503663 0.478606 0.056419 0.747396
0 0.554162 0.478606 0.056419 0.747396
0 0.611075 0.471676 0.056419 0.747396
0 0.666162 0.471676 0.056419 0.747396
0 0.720325 0.473070 0.056419 0.747396
0 0.779087 0.493804 0.056419 0.747396
0 0.823150 0.488286 0.056419 0.747396
0 0.869963 0.479981 0.056419 0.747396
0 0.926887 0.496573 0.056419 0.747396