0 0.475437 0.560319 0.099707 0.176215
0 0.287916 0.544830 0.099707 0.176215
0 0.194156 0.544830 0.099707 0.176215
0 0.063329 0.544830 0.099707 0.176215
0 0.076407 0.707532 0.099707 0.176215
0 0.183257 0.719149 0.099707 0.176215
0 0.087317 0.881851 0.099707 0.176215
0 0.161449 0.897340 0.099707 0.176215
0 0.266108 0.707532 0.099707 0.176215
0 0.377317 0.715277 0.099707 0.176215
0 0.279198 0.897340 0.099707 0.176215
0 0.364228 0.905085 0.099707 0.176215
0 0.479796 0.874085 0.099707 0.176215
0 0.569198 0.889596 0.099707 0.176215
0 0.573557 0.723021 0.099707 0.176215
0 0.569198 0.533213 0.099707 0.176215
0 0.673856 0.529319 0.099707 0.176215
0 0.676036 0.723021 0.099707 0.176215
0 0.669497 0.889596 0.099707 0.176215
0 0.763257 0.885723 0.099707 0.176215
0 0.761066 0.703638 0.099707 0.176215
0 0.761066 0.544830 0.099707 0.176215
0 0.852647 0.537085 0.099707 0.176215
0 0.867916 0.692021 0.099707 0.176215
0 0.857006 0.874085 0.099707 0.176215
0 0.952946 0.889596 0.099707 0.176215
0 0.955126 0.734638 0.099707 0.176215
0 0.974754 0.540957 0.099707 0.176215