0 0.060372 0.507544 0.088305 0.082465
0 0.071489 0.595416 0.088305 0.082465
0 0.092323 0.680271 0.088305 0.082465
0 0.118706 0.762089 0.088305 0.082465
0 0.233989 0.728743 0.088305 0.082465
0 0.196489 0.628743 0.088305 0.082465
0 0.160372 0.557544 0.088305 0.082465
0 0.156206 0.477234 0.088305 0.082465
0 0.227039 0.409052 0.088305 0.082465
0 0.252039 0.489362 0.088305 0.082465
0 0.277039 0.584816 0.088305 0.082465
0 0.307606 0.687834 0.088305 0.082465
0 0.402039 0.665106 0.088305 0.082465
0 0.393706 0.569652 0.088305 0.082465
0 0.378440 0.489362 0.088305 0.082465
0 0.349273 0.409052 0.088305 0.082465
0 0.427039 0.349961 0.088305 0.082465
0 0.536773 0.336325 0.088305 0.082465
0 0.482606 0.443907 0.088305 0.082465
0 0.497872 0.551470 0.088305 0.082465
0 0.524273 0.627234 0.088305 0.082465
0 0.618706 0.592379 0.088305 0.082465
0 0.597872 0.516634 0.088305 0.082465
0 0.589539 0.427234 0.088305 0.082465
0 0.656206 0.301470 0.088305 0.082465
0 0.772872 0.233288 0.088305 0.082465
0 0.695106 0.380271 0.088305 0.082465
0 0.788156 0.348453 0.088305 0.082465
0 0.865940 0.248453 0.088305 0.082465
0 0.889539 0.331779 0.088305 0.082465
0 0.921489 0.409052 0.088305 0.082465
0 0.942323 0.487834 0.088305 0.082465
0 0.839539 0.536325 0.088305 0.082465
0 0.825656 0.440870 0.088305 0.082465
0 0.703440 0.474197 0.088305 0.082465
0 0.742323 0.563598 0.088305 0.082465