0 0.394875 0.320250 0.060458 0.036458
0 0.552700 0.337783 0.060458 0.036458
0 0.810500 0.511400 0.060458 0.036458
0 0.864425 0.501750 0.060458 0.036458
0 0.798650 0.365833 0.060458 0.036458
0 0.744725 0.367600 0.060458 0.036458
0 0.206800 0.195733 0.060458 0.036458
0 0.863100 0.107183 0.060458 0.036458
0 0.730250 0.122967 0.060458 0.036458
0 0.765775 0.145750 0.060458 0.036458
0 0.664500 0.158033 0.060458 0.036458
0 0.810500 0.159783 0.060458 0.036458
0 0.797350 0.193983 0.060458 0.036458
0 0.682900 0.516650 0.060458 0.036458
0 0.176550 0.658700 0.060458 0.036458
0 0.079225 0.685000 0.060458 0.036458
0 0.330425 0.687633 0.060458 0.036458
0 0.418550 0.653433 0.060458 0.036458
0 0.415925 0.719200 0.060458 0.036458
0 0.864425 0.686750 0.060458 0.036458
0 0.515875 0.779700 0.060458 0.036458
0 0.522450 0.827933 0.060458 0.036458
0 0.507975 0.865633 0.060458 0.036458
0 0.551400 0.902450 0.060458 0.036458
0 0.598725 0.877033 0.060458 0.036458
0 0.631625 0.880533 0.060458 0.036458
0 0.664500 0.873517 0.060458 0.036458
0 0.635575 0.857733 0.060458 0.036458
0 0.565850 0.858617 0.060458 0.036458
0 0.571125 0.826167 0.060458 0.036458
0 0.551400 0.793733 0.060458 0.036458
0 0.606625 0.780583 0.060458 0.036458
0 0.644775 0.804250 0.060458 0.036458
0 0.610575 0.829683 0.060458 0.036458
0 0.655300 0.831433 0.060458 0.036458
0 0.685550 0.853350 0.060458 0.036458
0 0.697375 0.813900 0.060458 0.036458
0 0.684225 0.784083 0.060458 0.036458
0 0.736825 0.802500 0.060458 0.036458
0 0.740775 0.842833 0.060458 0.036458
0 0.738150 0.872650 0.060458 0.036458
0 0.777600 0.855983 0.060458 0.036458
0 0.781550 0.819150 0.060458 0.036458
0 0.826275 0.805133 0.060458 0.036458
0 0.868350 0.809517 0.060458 0.036458
0 0.835475 0.841083 0.060458 0.036458
0 0.868350 0.862117 0.060458 0.036458
0 0.865725 0.895433 0.060458 0.036458
0 0.807850 0.873517 0.060458 0.036458
0 0.817075 0.898067 0.060458 0.036458
0 0.772350 0.895433 0.060458 0.036458
0 0.098950 0.772683 0.060458 0.036458
0 0.151550 0.785833 0.060458 0.036458
0 0.081850 0.807750 0.060458 0.036458
0 0.125250 0.809517 0.060458 0.036458
0 0.146300 0.836700 0.060458 0.036458
0 0.089750 0.838450 0.060458 0.036458
0 0.072650 0.866500 0.060458 0.036458
0 0.079225 0.892817 0.060458 0.036458
0 0.110775 0.859483 0.060458 0.036458
0 0.121300 0.891050 0.060458 0.036458
0 0.143675 0.864750 0.060458 0.036458
0 0.164700 0.893683 0.060458 0.036458
0 0.183125 0.862117 0.060458 0.036458
0 0.197600 0.835817 0.060458 0.036458
0 0.185750 0.817400 0.060458 0.036458
0 0.217325 0.815650 0.060458 0.036458
0 0.268625 0.796367 0.060458 0.036458
0 0.317275 0.772683 0.060458 0.036458
0 0.427750 0.777950 0.060458 0.036458
0 0.375150 0.783200 0.060458 0.036458
0 0.430375 0.811267 0.060458 0.036458
0 0.423800 0.839317 0.060458 0.036458
0 0.355425 0.806000 0.060458 0.036458
0 0.310700 0.802500 0.060458 0.036458
0 0.277825 0.833183 0.060458 0.036458
0 0.235725 0.843700 0.060458 0.036458
0 0.223900 0.867383 0.060458 0.036458
0 0.209425 0.894567 0.060458 0.036458
0 0.263350 0.867383 0.060458 0.036458
0 0.263350 0.892817 0.060458 0.036458
0 0.300175 0.882283 0.060458 0.036458
0 0.298875 0.857733 0.060458 0.036458
0 0.308075 0.838450 0.060458 0.036458
0 0.369875 0.841083 0.060458 0.036458
0 0.340950 0.866500 0.060458 0.036458
0 0.383050 0.868267 0.060458 0.036458
0 0.429075 0.897200 0.060458 0.036458
0 0.383050 0.898950 0.060458 0.036458
0 0.344900 0.896317 0.060458 0.036458
0 0.085225 0.199750 0.060458 0.036458
0 0.119325 0.171967 0.060458 0.036458
0 0.145825 0.201017 0.060458 0.036458
0 0.217800 0.165650 0.060458 0.036458
0 0.259475 0.201017 0.060458 0.036458
0 0.282200 0.169450 0.060458 0.036458
0 0.321975 0.197217 0.060458 0.036458
0 0.375000 0.177017 0.060458 0.036458
0 0.420450 0.197217 0.060458 0.036458
0 0.513250 0.125250 0.060458 0.036458
0 0.520825 0.164400 0.060458 0.036458
0 0.522725 0.197217 0.060458 0.036458
0 0.579550 0.193433 0.060458 0.036458
0 0.609850 0.163133 0.060458 0.036458
0 0.566300 0.140400 0.060458 0.036458
0 0.579550 0.100000 0.060458 0.036458
0 0.623100 0.131567 0.060458 0.036458
0 0.678025 0.121467 0.060458 0.036458
0 0.715900 0.150500 0.060458 0.036458
0 0.695075 0.188383 0.060458 0.036458
0 0.634475 0.195967 0.060458 0.036458
0 0.746200 0.187117 0.060458 0.036458
0 0.852275 0.194700 0.060458 0.036458
0 0.852275 0.194700 0.060458 0.036458
0 0.861750 0.153033 0.060458 0.036458
0 0.821975 0.126517 0.060458 0.036458
0 0.782200 0.096217 0.060458 0.036458
0 0.854175 0.367683 0.060458 0.036458
0 0.831450 0.334850 0.060458 0.036458
0 0.776525 0.332317 0.060458 0.036458
0 0.723475 0.328533 0.060458 0.036458
0 0.660975 0.328533 0.060458 0.036458
0 0.691300 0.361367 0.060458 0.036458
0 0.647725 0.361367 0.060458 0.036458
0 0.589025 0.368933 0.060458 0.036458
0 0.520825 0.371467 0.060458 0.036458
0 0.420450 0.353783 0.060458 0.036458
0 0.361750 0.351267 0.060458 0.036458
0 0.299250 0.356317 0.060458 0.036458
0 0.244325 0.371467 0.060458 0.036458
0 0.198875 0.343683 0.060458 0.036458
0 0.162875 0.365150 0.060458 0.036458
0 0.130675 0.336117 0.060458 0.036458
0 0.083325 0.356317 0.060458 0.036458
0 0.079550 0.332317 0.060458 0.036458
0 0.102275 0.304550 0.060458 0.036458
0 0.159100 0.313383 0.060458 0.036458
0 0.210225 0.300750 0.060458 0.036458
0 0.219700 0.278033 0.060458 0.036458
0 0.259475 0.276767 0.060458 0.036458
0 0.282200 0.336117 0.060458 0.036458
0 0.331450 0.310867 0.060458 0.036458
0 0.342800 0.333583 0.060458 0.036458
0 0.081450 0.541917 0.060458 0.036458
0 0.113625 0.517933 0.060458 0.036458
0 0.143950 0.546967 0.060458 0.036458
0 0.212125 0.546967 0.060458 0.036458
0 0.234850 0.515400 0.060458 0.036458
0 0.270825 0.546967 0.060458 0.036458
0 0.308700 0.514133 0.060458 0.036458
0 0.380675 0.514133 0.060458 0.036458
0 0.344700 0.546967 0.060458 0.036458
0 0.407200 0.545700 0.060458 0.036458
0 0.511375 0.510350 0.060458 0.036458
0 0.518950 0.543183 0.060458 0.036458
0 0.585225 0.546967 0.060458 0.036458
0 0.566300 0.507833 0.060458 0.036458
0 0.621200 0.516667 0.060458 0.036458
0 0.647725 0.483833 0.060458 0.036458
0 0.647725 0.545700 0.060458 0.036458
0 0.714025 0.548233 0.060458 0.036458
0 0.759475 0.517933 0.060458 0.036458
0 0.725375 0.482583 0.060458 0.036458
0 0.804925 0.546967 0.060458 0.036458
0 0.863625 0.539400 0.060458 0.036458
0 0.076325 0.642800 0.060458 0.036458
0 0.126900 0.639650 0.060458 0.036458
0 0.201125 0.628033 0.060458 0.036458
0 0.333700 0.612250 0.060458 0.036458
0 0.281625 0.622850 0.060458 0.036458
0 0.392050 0.624867 0.060458 0.036458
0 0.371600 0.662750 0.060458 0.036458
0 0.316300 0.653283 0.060458 0.036458
0 0.257950 0.651267 0.060458 0.036458
0 0.218375 0.680683 0.060458 0.036458
0 0.278400 0.685983 0.060458 0.036458
0 0.242050 0.715400 0.060458 0.036458
0 0.193175 0.713250 0.060458 0.036458
0 0.123675 0.674367 0.060458 0.036458
0 0.139575 0.713250 0.060458 0.036458
0 0.079550 0.719567 0.060458 0.036458
0 0.302075 0.722733 0.060458 0.036458
0 0.369875 0.715400 0.060458 0.036458
0 0.417225 0.685983 0.060458 0.036458
0 0.519875 0.681700 0.060458 0.036458
0 0.526125 0.721717 0.060458 0.036458
0 0.584650 0.683833 0.060458 0.036458
0 0.586175 0.721717 0.060458 0.036458
0 0.628800 0.656433 0.060458 0.036458
0 0.638250 0.690150 0.060458 0.036458
0 0.660425 0.720700 0.060458 0.036458
0 0.691850 0.685983 0.060458 0.036458
0 0.704550 0.650133 0.060458 0.036458
0 0.769325 0.660733 0.060458 0.036458
0 0.755125 0.692300 0.060458 0.036458
0 0.721975 0.722733 0.060458 0.036458
0 0.793000 0.720700 0.060458 0.036458
0 0.811925 0.684850 0.060458 0.036458
0 0.856050 0.723867 0.060458 0.036458