0 0.064560 0.537773 0.047386 0.022569
0 0.117080 0.530667 0.047386 0.022569
0 0.184060 0.526613 0.047386 0.022569
0 0.229720 0.511387 0.047386 0.022569
0 0.274620 0.501747 0.047386 0.022569
0 0.283760 0.471293 0.047386 0.022569
0 0.315720 0.497173 0.047386 0.022569
0 0.349220 0.479413 0.047386 0.022569
0 0.407060 0.475360 0.047386 0.022569
0 0.493080 0.482973 0.047386 0.022569
0 0.821880 0.548933 0.047386 0.022569
0 0.714560 0.435787 0.047386 0.022569
0 0.754140 0.406853 0.047386 0.022569
0 0.764800 0.376920 0.047386 0.022569
0 0.915500 0.341400 0.047386 0.022569
0 0.811220 0.333787 0.047386 0.022569
0 0.772400 0.305373 0.047386 0.022569
0 0.744240 0.294720 0.047386 0.022569
0 0.709240 0.280000 0.047386 0.022569
0 0.453500 0.115093 0.047386 0.022569
0 0.466440 0.127267 0.047386 0.022569
0 0.492320 0.143000 0.047386 0.022569
0 0.532660 0.159747 0.047386 0.022569
0 0.598860 0.188667 0.047386 0.022569
0 0.684880 0.209973 0.047386 0.022569
0 0.715320 0.231293 0.047386 0.022569