0 0.743743 0.769187 0.158497 0.131944
0 0.083450 0.930650 0.158497 0.131944
0 0.748509 0.079024 0.158497 0.131944
0 0.570409 0.261768 0.158497 0.131944
0 0.254854 0.928537 0.158497 0.131944
0 0.079386 0.595041 0.158497 0.131944
0 0.089854 0.075000 0.158497 0.131944
0 0.904006 0.768496 0.158497 0.131944
0 0.250497 0.079024 0.158497 0.131944
0 0.554094 0.586585 0.158497 0.131944
0 0.586433 0.415122 0.158497 0.131944
0 0.411170 0.075000 0.158497 0.131944
0 0.070877 0.422236 0.158497 0.131944
0 0.405994 0.586585 0.158497 0.131944
0 0.593626 0.923598 0.158497 0.131944
0 0.411170 0.416098 0.158497 0.131944
0 0.425760 0.246545 0.158497 0.131944
0 0.253450 0.419146 0.158497 0.131944
0 0.416140 0.767785 0.158497 0.131944
0 0.250497 0.248577 0.158497 0.131944
0 0.696082 0.593638 0.158497 0.131944
0 0.230526 0.760732 0.158497 0.131944
0 0.735439 0.248577 0.158497 0.131944
0 0.910088 0.925020 0.158497 0.131944
0 0.243713 0.588699 0.158497 0.131944
0 0.091257 0.251626 0.158497 0.131944
0 0.571842 0.075996 0.158497 0.131944
0 0.869825 0.075996 0.158497 0.131944
0 0.864444 0.587297 0.158497 0.131944
0 0.750029 0.410041 0.158497 0.131944
0 0.067222 0.765671 0.158497 0.131944
0 0.903392 0.418150 0.158497 0.131944
0 0.881491 0.249634 0.158497 0.131944
0 0.755936 0.925020 0.158497 0.131944
0 0.431345 0.927134 0.158497 0.131944
0 0.575380 0.766382 0.158497 0.131944