0 0.768813 0.503470 0.070390 0.055556
0 0.654425 0.447295 0.070390 0.055556
0 0.653200 0.473657 0.070390 0.055556
0 0.683175 0.356213 0.070390 0.055556
0 0.659663 0.380746 0.070390 0.055556
0 0.548687 0.387649 0.070390 0.055556
0 0.553438 0.449104 0.070390 0.055556
0 0.474613 0.428937 0.070390 0.055556
0 0.450625 0.544757 0.070390 0.055556
0 0.398850 0.559664 0.070390 0.055556
0 0.417125 0.589291 0.070390 0.055556
0 0.476450 0.599832 0.070390 0.055556
0 0.570362 0.626213 0.070390 0.055556
0 0.437463 0.655485 0.070390 0.055556