0 0.419338 0.080346 0.047454 0.239583
0 0.501246 0.322457 0.047454 0.239583
0 0.555069 0.085606 0.047454 0.239583
0 0.374877 0.080346 0.047454 0.239583
0 0.319885 0.071580 0.047454 0.239583
0 0.051946 0.311926 0.047454 0.239583
0 0.889700 0.629469 0.047454 0.239583
0 0.984477 0.629469 0.047454 0.239583
0 0.414662 0.317186 0.047454 0.239583
0 0.338608 0.562803 0.047454 0.239583
0 0.548046 0.324210 0.047454 0.239583
0 0.587831 0.327716 0.047454 0.239583
0 0.018015 0.080346 0.047454 0.239583
0 0.901400 0.896136 0.047454 0.239583
0 0.460292 0.564556 0.047454 0.239583
0 0.509438 0.075087 0.047454 0.239583
0 0.096408 0.576840 0.047454 0.239583
0 0.729400 0.325963 0.047454 0.239583
0 0.274254 0.315433 0.047454 0.239583
0 0.287123 0.575087 0.047454 0.239583
0 0.109277 0.075087 0.047454 0.239583
0 0.601869 0.617197 0.047454 0.239583
0 0.760992 0.892630 0.047454 0.239583
0 0.236815 0.580346 0.047454 0.239583
0 0.428700 0.573333 0.047454 0.239583
0 0.737592 0.631223 0.047454 0.239583
0 0.456785 0.315433 0.047454 0.239583
0 0.566769 0.617197 0.047454 0.239583
0 0.153738 0.825963 0.047454 0.239583
0 0.830031 0.071580 0.047454 0.239583
0 0.793754 0.320704 0.047454 0.239583
0 0.691962 0.329469 0.047454 0.239583
0 0.225115 0.838247 0.047454 0.239583
0 0.500077 0.604913 0.047454 0.239583
0 0.863962 0.318950 0.047454 0.239583
0 0.330415 0.820704 0.047454 0.239583
0 0.154915 0.082099 0.047454 0.239583
0 0.796100 0.625963 0.047454 0.239583
0 0.956392 0.043506 0.047454 0.239583
0 0.691962 0.073333 0.047454 0.239583
0 0.603038 0.075087 0.047454 0.239583
0 0.105769 0.834740 0.047454 0.239583
0 0.192354 0.082099 0.047454 0.239583
0 0.370200 0.571580 0.047454 0.239583
0 0.916608 0.062803 0.047454 0.239583
0 0.199377 0.827716 0.047454 0.239583
0 0.143208 0.583864 0.047454 0.239583
0 0.801946 0.892630 0.047454 0.239583
0 0.635800 0.329469 0.047454 0.239583
0 0.316377 0.315433 0.047454 0.239583
0 0.562085 0.880346 0.047454 0.239583
0 0.460292 0.789123 0.047454 0.239583
0 0.731746 0.078593 0.047454 0.239583
0 0.759823 0.324210 0.047454 0.239583
0 0.610062 0.885617 0.047454 0.239583
0 0.370200 0.825963 0.047454 0.239583
0 0.648669 0.076840 0.047454 0.239583
0 0.782054 0.075087 0.047454 0.239583
0 0.459123 0.076840 0.047454 0.239583
0 0.929485 0.627716 0.047454 0.239583
0 0.703662 0.875087 0.047454 0.239583
0 0.054285 0.575087 0.047454 0.239583
0 0.661538 0.883864 0.047454 0.239583
0 0.526985 0.620704 0.047454 0.239583
0 0.227454 0.317186 0.047454 0.239583
0 0.270746 0.075087 0.047454 0.239583
0 0.092900 0.318950 0.047454 0.239583
0 0.695469 0.625963 0.047454 0.239583
0 0.651008 0.627716 0.047454 0.239583
0 0.852262 0.892630 0.047454 0.239583
0 0.875662 0.073333 0.047454 0.239583
0 0.846408 0.631223 0.047454 0.239583
0 0.425192 0.827716 0.047454 0.239583
0 0.184162 0.311926 0.047454 0.239583
0 0.064815 0.076840 0.047454 0.239583
0 0.958731 0.308420 0.047454 0.239583
0 0.139700 0.318950 0.047454 0.239583
0 0.276600 0.829469 0.047454 0.239583
0 0.992662 0.889123 0.047454 0.239583
0 0.952885 0.894383 0.047454 0.239583
0 0.222777 0.076840 0.047454 0.239583
0 0.186500 0.583864 0.047454 0.239583
0 0.369031 0.315433 0.047454 0.239583
0 0.514115 0.883864 0.047454 0.239583
0 0.913100 0.315433 0.047454 0.239583