0 0.368930 0.628671 0.084737 0.141493
0 0.767572 0.638392 0.084737 0.141493
0 0.267160 0.265594 0.084737 0.141493
0 0.475062 0.302168 0.084737 0.141493
0 0.819218 0.462937 0.084737 0.141493
0 0.715226 0.808951 0.084737 0.141493
0 0.465720 0.643287 0.084737 0.141493
0 0.319465 0.793147 0.084737 0.141493
0 0.518807 0.806503 0.084737 0.141493
0 0.419835 0.466643 0.084737 0.141493
0 0.568971 0.310699 0.084737 0.141493
0 0.771893 0.306993 0.084737 0.141493
0 0.571111 0.643287 0.084737 0.141493
0 0.673663 0.649371 0.084737 0.141493
0 0.623457 0.810210 0.084737 0.141493
0 0.193992 0.793147 0.084737 0.141493
0 0.154568 0.593357 0.084737 0.141493
0 0.411235 0.806503 0.084737 0.141493
0 0.870823 0.305804 0.084737 0.141493
0 0.102963 0.765105 0.084737 0.141493
0 0.624198 0.484895 0.084737 0.141493
0 0.255679 0.620140 0.084737 0.141493
0 0.684403 0.315524 0.084737 0.141493
0 0.219095 0.422797 0.084737 0.141493
0 0.318025 0.452028 0.084737 0.141493
0 0.367531 0.293636 0.084737 0.141493
0 0.730288 0.482448 0.084737 0.141493
0 0.522387 0.482448 0.084737 0.141493