0 0.761975 0.614000 0.065394 0.049479
0 0.536750 0.403062 0.065394 0.049479
0 0.187783 0.345550 0.065394 0.049479
0 0.053750 0.411350 0.065394 0.049479
0 0.987550 0.470812 0.065394 0.049479
0 0.881008 0.438500 0.065394 0.049479
0 0.351042 0.429625 0.065394 0.049479
0 0.360758 0.300487 0.065394 0.049479
0 0.273883 0.629387 0.065394 0.049479
0 0.729425 0.419112 0.065394 0.049479
0 0.765067 0.396775 0.065394 0.049479
0 0.570042 0.390725 0.065394 0.049479
0 0.309608 0.367463 0.065394 0.049479
0 0.415208 0.718337 0.065394 0.049479
0 0.226758 0.514875 0.065394 0.049479
0 0.338042 0.718337 0.065394 0.049479
0 0.403575 0.454188 0.065394 0.049479
0 0.427075 0.406587 0.065394 0.049479
0 0.468592 0.395425 0.065394 0.049479
0 0.116300 0.438138 0.065394 0.049479
0 0.221867 0.276100 0.065394 0.049479
0 0.604900 0.521162 0.065394 0.049479
0 0.615867 0.325513 0.065394 0.049479
0 0.069183 0.363825 0.065394 0.049479
0 0.718850 0.407950 0.065394 0.049479
0 0.787783 0.233437 0.065394 0.049479
0 0.403025 0.525863 0.065394 0.049479
0 0.387592 0.373575 0.065394 0.049479
0 0.074075 0.516112 0.065394 0.049479
0 0.373767 0.580688 0.065394 0.049479
0 0.771725 0.303950 0.065394 0.049479
0 0.631933 0.439500 0.065394 0.049479
0 0.961308 0.322163 0.065394 0.049479
0 0.769375 0.316875 0.065394 0.049479
0 0.490133 0.454775 0.065394 0.049479
0 0.729067 0.487087 0.065394 0.049479
0 0.215400 0.344312 0.065394 0.049479
0 0.765458 0.357412 0.065394 0.049479
0 0.510508 0.370750 0.065394 0.049479
0 0.463892 0.508825 0.065394 0.049479
0 0.443133 0.438325 0.065394 0.049479
0 0.260058 0.299250 0.065394 0.049479
0 0.625275 0.387200 0.065394 0.049479
0 0.159350 0.483212 0.065394 0.049479
0 0.254025 0.482325 0.065394 0.049479
0 0.719633 0.339200 0.065394 0.049479
0 0.894325 0.244612 0.065394 0.049479
0 0.303100 0.441787 0.065394 0.049479
0 0.807800 0.528212 0.065394 0.049479
0 0.235692 0.591662 0.065394 0.049479
0 0.611758 0.279737 0.065394 0.049479
0 0.040742 0.585562 0.065394 0.049479
0 0.161775 0.345550 0.065394 0.049479
0 0.608508 0.243200 0.065394 0.049479
0 0.011525 0.411350 0.065394 0.049479
0 0.531658 0.315525 0.065394 0.049479
0 0.623942 0.240787 0.065394 0.049479
0 0.223508 0.549013 0.065394 0.049479
0 0.832442 0.390900 0.065394 0.049479
0 0.270633 0.491725 0.065394 0.049479
0 0.468792 0.273637 0.065394 0.049479
0 0.259233 0.603825 0.065394 0.049479
0 0.174783 0.278512 0.065394 0.049479
0 0.861817 0.288087 0.065394 0.049479
0 0.505417 0.576387 0.065394 0.049479
0 0.368908 0.339438 0.065394 0.049479
0 0.349400 0.400363 0.065394 0.049479
0 0.320967 0.397950 0.065394 0.049479
0 0.886883 0.301012 0.065394 0.049479
0 0.220258 0.492962 0.065394 0.049479
0 0.641333 0.359588 0.065394 0.049479
0 0.461150 0.300837 0.065394 0.049479
0 0.234083 0.624513 0.065394 0.049479