0 0.609800 0.416633 0.055990 0.035590
0 0.052425 0.366683 0.055990 0.035590
0 0.767887 0.331350 0.055990 0.035590
0 0.653662 0.398350 0.055990 0.035590
0 0.518425 0.466583 0.055990 0.035590
0 0.476400 0.501917 0.055990 0.035590
0 0.860175 0.298450 0.055990 0.035590
0 0.709400 0.354500 0.055990 0.035590
0 0.819963 0.310633 0.055990 0.035590
0 0.435275 0.520183 0.055990 0.035590
0 0.103588 0.403233 0.055990 0.035590
0 0.240650 0.459267 0.055990 0.035590
0 0.301875 0.478767 0.055990 0.035590
0 0.165725 0.425150 0.055990 0.035590
0 0.568688 0.445867 0.055990 0.035590
0 0.351213 0.542117 0.055990 0.035590
0 0.391425 0.572567 0.055990 0.035590