0 0.700394 0.529183 0.021701 0.018229
0 0.609746 0.452254 0.021701 0.018229
0 0.533014 0.481662 0.021701 0.018229
0 0.569944 0.596197 0.021701 0.018229
0 0.081437 0.477746 0.021701 0.018229
0 0.216676 0.611549 0.021701 0.018229
0 0.628394 0.592141 0.021701 0.018229
0 0.174704 0.543183 0.021701 0.018229
0 0.303296 0.646113 0.021701 0.018229
0 0.731859 0.545859 0.021701 0.018229
0 0.679831 0.407493 0.021701 0.018229
0 0.840028 0.630563 0.021701 0.018229
0 0.583380 0.437042 0.021701 0.018229
0 0.390592 0.646338 0.021701 0.018229
0 0.900169 0.628817 0.021701 0.018229
0 0.451634 0.595437 0.021701 0.018229
0 0.131746 0.497239 0.021701 0.018229
0 0.564535 0.547859 0.021701 0.018229
0 0.533127 0.423352 0.021701 0.018229
0 0.835521 0.612535 0.021701 0.018229
0 0.938930 0.574817 0.021701 0.018229
0 0.585465 0.498225 0.021701 0.018229
0 0.740028 0.578789 0.021701 0.018229
0 0.506761 0.480141 0.021701 0.018229
0 0.425155 0.609831 0.021701 0.018229
0 0.716648 0.611746 0.021701 0.018229
0 0.513746 0.597183 0.021701 0.018229
0 0.509352 0.561634 0.021701 0.018229
0 0.064507 0.641887 0.021701 0.018229
0 0.654113 0.578254 0.021701 0.018229
0 0.402507 0.435915 0.021701 0.018229
0 0.825887 0.481183 0.021701 0.018229
0 0.034085 0.640535 0.021701 0.018229
0 0.706789 0.561352 0.021701 0.018229
0 0.399268 0.497183 0.021701 0.018229
0 0.128479 0.403380 0.021701 0.018229
0 0.188085 0.480620 0.021701 0.018229
0 0.779690 0.512901 0.021701 0.018229
0 0.712113 0.450197 0.021701 0.018229
0 0.048620 0.588817 0.021701 0.018229
0 0.139634 0.465408 0.021701 0.018229
0 0.146986 0.542169 0.021701 0.018229
0 0.454028 0.465944 0.021701 0.018229
0 0.748563 0.498197 0.021701 0.018229
0 0.724620 0.510873 0.021701 0.018229
0 0.334930 0.595408 0.021701 0.018229
0 0.080732 0.575296 0.021701 0.018229
0 0.369408 0.513465 0.021701 0.018229
0 0.586423 0.482676 0.021701 0.018229
0 0.536479 0.499239 0.021701 0.018229
0 0.584732 0.450901 0.021701 0.018229
0 0.507887 0.545099 0.021701 0.018229
0 0.893972 0.612761 0.021701 0.018229
0 0.257859 0.544282 0.021701 0.018229
0 0.121972 0.526620 0.021701 0.018229
0 0.068563 0.625662 0.021701 0.018229
0 0.478789 0.406310 0.021701 0.018229
0 0.071944 0.607070 0.021701 0.018229
0 0.681690 0.421465 0.021701 0.018229
0 0.692704 0.629803 0.021701 0.018229
0 0.338986 0.562141 0.021701 0.018229
0 0.243577 0.452169 0.021701 0.018229
0 0.538141 0.577944 0.021701 0.018229
0 0.392056 0.592789 0.021701 0.018229
0 0.612451 0.481662 0.021701 0.018229
0 0.632789 0.627972 0.021701 0.018229
0 0.655803 0.594000 0.021701 0.018229
0 0.839380 0.528901 0.021701 0.018229
0 0.393014 0.580141 0.021701 0.018229
0 0.504338 0.422535 0.021701 0.018229
0 0.688761 0.614310 0.021701 0.018229
0 0.266789 0.482225 0.021701 0.018229
0 0.817211 0.544930 0.021701 0.018229
0 0.833718 0.512113 0.021701 0.018229
0 0.478366 0.466761 0.021701 0.018229
0 0.210620 0.498366 0.021701 0.018229
0 0.086789 0.463380 0.021701 0.018229
0 0.304113 0.610423 0.021701 0.018229
0 0.393014 0.609831 0.021701 0.018229
0 0.039493 0.624648 0.021701 0.018229
0 0.863606 0.610592 0.021701 0.018229
0 0.271239 0.467211 0.021701 0.018229
0 0.532000 0.466789 0.021701 0.018229
0 0.564535 0.514113 0.021701 0.018229
0 0.239211 0.645296 0.021701 0.018229
0 0.729127 0.530028 0.021701 0.018229
0 0.642648 0.499042 0.021701 0.018229
0 0.397887 0.531944 0.021701 0.018229
0 0.113437 0.464000 0.021701 0.018229
0 0.478789 0.452563 0.021701 0.018229
0 0.254394 0.405634 0.021701 0.018229
0 0.252592 0.577972 0.021701 0.018229
0 0.370225 0.497239 0.021701 0.018229
0 0.343859 0.512648 0.021701 0.018229
0 0.133465 0.595239 0.021701 0.018229
0 0.259493 0.528479 0.021701 0.018229
0 0.196648 0.435493 0.021701 0.018229
0 0.747155 0.481577 0.021701 0.018229
0 0.905408 0.478873 0.021701 0.018229
0 0.483070 0.611014 0.021701 0.018229
0 0.295577 0.465606 0.021701 0.018229
0 0.172028 0.418648 0.021701 0.018229
0 0.567577 0.562732 0.021701 0.018229
0 0.535437 0.528310 0.021701 0.018229
0 0.156451 0.624310 0.021701 0.018229
0 0.536817 0.562732 0.021701 0.018229
0 0.831972 0.402732 0.021701 0.018229
0 0.343042 0.498056 0.021701 0.018229
0 0.764761 0.450648 0.021701 0.018229
0 0.360085 0.644901 0.021701 0.018229
0 0.098056 0.418873 0.021701 0.018229
0 0.860873 0.420394 0.021701 0.018229
0 0.815606 0.646310 0.021701 0.018229
0 0.559380 0.451239 0.021701 0.018229
0 0.372254 0.479380 0.021701 0.018229
0 0.425634 0.497577 0.021701 0.018229
0 0.428085 0.467155 0.021701 0.018229
0 0.814338 0.436113 0.021701 0.018229
0 0.844930 0.449211 0.021701 0.018229
0 0.680028 0.564169 0.021701 0.018229
0 0.758563 0.420789 0.021701 0.018229
0 0.735239 0.561887 0.021701 0.018229
0 0.506366 0.465944 0.021701 0.018229
0 0.503915 0.407127 0.021701 0.018229
0 0.234000 0.514423 0.021701 0.018229
0 0.455239 0.497183 0.021701 0.018229
0 0.366986 0.544282 0.021701 0.018229
0 0.622648 0.561718 0.021701 0.018229
0 0.598676 0.596197 0.021701 0.018229
0 0.682000 0.580761 0.021701 0.018229
0 0.665746 0.481014 0.021701 0.018229
0 0.894282 0.527915 0.021701 0.018229
0 0.809972 0.627718 0.021701 0.018229
0 0.756873 0.406704 0.021701 0.018229
0 0.352845 0.408563 0.021701 0.018229
0 0.856930 0.404338 0.021701 0.018229
0 0.286254 0.514282 0.021701 0.018229
0 0.292338 0.482648 0.021701 0.018229
0 0.720310 0.628958 0.021701 0.018229
0 0.402113 0.450507 0.021701 0.018229
0 0.620648 0.546169 0.021701 0.018229
0 0.424648 0.593775 0.021701 0.018229
0 0.097296 0.626676 0.021701 0.018229
0 0.219746 0.436338 0.021701 0.018229
0 0.658338 0.610648 0.021701 0.018229
0 0.605915 0.421042 0.021701 0.018229
0 0.719268 0.483268 0.021701 0.018229
0 0.374282 0.467211 0.021701 0.018229
0 0.505549 0.451324 0.021701 0.018229
0 0.455239 0.420085 0.021701 0.018229
0 0.225972 0.562254 0.021701 0.018229
0 0.423183 0.559690 0.021701 0.018229
0 0.223155 0.578310 0.021701 0.018229
0 0.773211 0.481915 0.021701 0.018229
0 0.143296 0.449915 0.021701 0.018229
0 0.481380 0.558930 0.021701 0.018229
0 0.152732 0.643915 0.021701 0.018229
0 0.873183 0.646930 0.021701 0.018229
0 0.377070 0.409127 0.021701 0.018229
0 0.635437 0.647803 0.021701 0.018229
0 0.559380 0.482676 0.021701 0.018229
0 0.506366 0.514620 0.021701 0.018229
0 0.227915 0.405634 0.021701 0.018229
0 0.564197 0.528310 0.021701 0.018229
0 0.871718 0.543183 0.021701 0.018229
0 0.314254 0.529690 0.021701 0.018229
0 0.749324 0.629493 0.021701 0.018229
0 0.916930 0.593493 0.021701 0.018229
0 0.635887 0.453408 0.021701 0.018229
0 0.263127 0.515099 0.021701 0.018229
0 0.304394 0.408563 0.021701 0.018229
0 0.805972 0.403803 0.021701 0.018229
0 0.801521 0.595887 0.021701 0.018229
0 0.174000 0.433577 0.021701 0.018229
0 0.888873 0.510676 0.021701 0.018229
0 0.684789 0.435831 0.021701 0.018229
0 0.834225 0.419352 0.021701 0.018229
0 0.423183 0.644873 0.021701 0.018229
0 0.113183 0.559408 0.021701 0.018229
0 0.783690 0.646704 0.021701 0.018229
0 0.862676 0.512592 0.021701 0.018229
0 0.245296 0.611211 0.021701 0.018229
0 0.229070 0.544789 0.021701 0.018229
0 0.211887 0.644225 0.021701 0.018229
0 0.151183 0.421183 0.021701 0.018229
0 0.348056 0.452225 0.021701 0.018229
0 0.677493 0.545859 0.021701 0.018229
0 0.110056 0.479211 0.021701 0.018229
0 0.090535 0.645944 0.021701 0.018229
0 0.603803 0.407014 0.021701 0.018229
0 0.599662 0.611070 0.021701 0.018229
0 0.422704 0.530000 0.021701 0.018229
0 0.334113 0.645296 0.021701 0.018229
0 0.327775 0.422648 0.021701 0.018229
0 0.161887 0.480901 0.021701 0.018229
0 0.749042 0.612056 0.021701 0.018229
0 0.558085 0.498225 0.021701 0.018229
0 0.110817 0.575972 0.021701 0.018229
0 0.452310 0.578535 0.021701 0.018229
0 0.097972 0.526282 0.021701 0.018229
0 0.245944 0.436901 0.021701 0.018229
0 0.291944 0.498056 0.021701 0.018229
0 0.375380 0.438423 0.021701 0.018229
0 0.130761 0.609775 0.021701 0.018229
0 0.605239 0.647803 0.021701 0.018229
0 0.783775 0.528563 0.021701 0.018229
0 0.756451 0.528620 0.021701 0.018229
0 0.401296 0.465944 0.021701 0.018229
0 0.350873 0.435887 0.021701 0.018229
0 0.273972 0.436169 0.021701 0.018229
0 0.803127 0.496592 0.021701 0.018229
0 0.190620 0.464563 0.021701 0.018229
0 0.511775 0.647324 0.021701 0.018229
0 0.477972 0.419690 0.021701 0.018229
0 0.336563 0.576338 0.021701 0.018229
0 0.852620 0.577634 0.021701 0.018229
0 0.765099 0.578789 0.021701 0.018229
0 0.423690 0.578676 0.021701 0.018229
0 0.092901 0.541493 0.021701 0.018229
0 0.174676 0.403944 0.021701 0.018229
0 0.885690 0.417746 0.021701 0.018229
0 0.125014 0.627690 0.021701 0.018229
0 0.100676 0.609437 0.021701 0.018229
0 0.541183 0.630000 0.021701 0.018229
0 0.227915 0.420535 0.021701 0.018229
0 0.762000 0.546113 0.021701 0.018229
0 0.694761 0.495662 0.021701 0.018229
0 0.430507 0.420507 0.021701 0.018229
0 0.369408 0.529690 0.021701 0.018229
0 0.931606 0.558197 0.021701 0.018229
0 0.902986 0.645437 0.021701 0.018229
0 0.283408 0.561324 0.021701 0.018229
0 0.606366 0.437380 0.021701 0.018229
0 0.881465 0.404225 0.021701 0.018229
0 0.478789 0.481746 0.021701 0.018229
0 0.392056 0.629296 0.021701 0.018229
0 0.149352 0.526620 0.021701 0.018229
0 0.692986 0.648113 0.021701 0.018229
0 0.706028 0.406648 0.021701 0.018229
0 0.179099 0.527972 0.021701 0.018229
0 0.538845 0.594507 0.021701 0.018229
0 0.673352 0.528901 0.021701 0.018229
0 0.043211 0.607070 0.021701 0.018229
0 0.636451 0.468338 0.021701 0.018229
0 0.252423 0.420282 0.021701 0.018229
0 0.644901 0.512845 0.021701 0.018229
0 0.831296 0.596197 0.021701 0.018229
0 0.579380 0.407127 0.021701 0.018229
0 0.865521 0.529099 0.021701 0.018229
0 0.943155 0.591155 0.021701 0.018229
0 0.724535 0.646704 0.021701 0.018229
0 0.618282 0.528986 0.021701 0.018229
0 0.242845 0.623380 0.021701 0.018229
0 0.567915 0.579972 0.021701 0.018229
0 0.807070 0.512085 0.021701 0.018229
0 0.584732 0.467465 0.021701 0.018229
0 0.540169 0.609042 0.021701 0.018229
0 0.254620 0.562141 0.021701 0.018229
0 0.601380 0.628986 0.021701 0.018229
0 0.640676 0.482141 0.021701 0.018229
0 0.421746 0.628338 0.021701 0.018229
0 0.656169 0.407211 0.021701 0.018229
0 0.710986 0.437239 0.021701 0.018229
0 0.739437 0.451887 0.021701 0.018229
0 0.361690 0.630704 0.021701 0.018229
0 0.888507 0.432394 0.021701 0.018229
0 0.279324 0.408000 0.021701 0.018229
0 0.149775 0.430479 0.021701 0.018229
0 0.631099 0.421859 0.021701 0.018229
0 0.478789 0.512986 0.021701 0.018229
0 0.237099 0.498366 0.021701 0.018229
0 0.302479 0.629465 0.021701 0.018229
0 0.233296 0.529296 0.021701 0.018229
0 0.287070 0.529296 0.021701 0.018229
0 0.179437 0.645268 0.021701 0.018229
0 0.108113 0.592197 0.021701 0.018229
0 0.204113 0.527634 0.021701 0.018229
0 0.453634 0.480958 0.021701 0.018229
0 0.143606 0.560423 0.021701 0.018229
0 0.951887 0.608338 0.021701 0.018229
0 0.206113 0.512732 0.021701 0.018229
0 0.298761 0.449127 0.021701 0.018229
0 0.777155 0.497127 0.021701 0.018229
0 0.532676 0.452254 0.021701 0.018229
0 0.611099 0.465099 0.021701 0.018229
0 0.809549 0.420901 0.021701 0.018229
0 0.935183 0.644873 0.021701 0.018229
0 0.698423 0.513690 0.021701 0.018229
0 0.779746 0.629803 0.021701 0.018229
0 0.629972 0.406648 0.021701 0.018229
0 0.184845 0.627014 0.021701 0.018229
0 0.715239 0.595155 0.021701 0.018229
0 0.645746 0.528901 0.021701 0.018229
0 0.657183 0.421183 0.021701 0.018229
0 0.482085 0.645352 0.021701 0.018229
0 0.271437 0.449690 0.021701 0.018229
0 0.284620 0.544704 0.021701 0.018229
0 0.820592 0.562394 0.021701 0.018229
0 0.240479 0.479775 0.021701 0.018229
0 0.662535 0.467662 0.021701 0.018229
0 0.120761 0.435831 0.021701 0.018229
0 0.452394 0.629296 0.021701 0.018229
0 0.559718 0.467465 0.021701 0.018229
0 0.923352 0.609380 0.021701 0.018229
0 0.342225 0.530901 0.021701 0.018229
0 0.166254 0.578676 0.021701 0.018229
0 0.364141 0.594592 0.021701 0.018229
0 0.428479 0.512592 0.021701 0.018229
0 0.136845 0.578000 0.021701 0.018229
0 0.505465 0.530000 0.021701 0.018229
0 0.196000 0.578000 0.021701 0.018229
0 0.200394 0.543183 0.021701 0.018229
0 0.276225 0.422366 0.021701 0.018229
0 0.317070 0.497239 0.021701 0.018229
0 0.203972 0.406197 0.021701 0.018229
0 0.900704 0.544479 0.021701 0.018229
0 0.188225 0.611127 0.021701 0.018229
0 0.830901 0.497183 0.021701 0.018229
0 0.170986 0.560761 0.021701 0.018229
0 0.263549 0.496845 0.021701 0.018229
0 0.535437 0.514789 0.021701 0.018229
0 0.452394 0.530479 0.021701 0.018229
0 0.869887 0.449127 0.021701 0.018229
0 0.763972 0.561352 0.021701 0.018229
0 0.366169 0.562958 0.021701 0.018229
0 0.215408 0.465690 0.021701 0.018229
0 0.732676 0.422592 0.021701 0.018229
0 0.481380 0.593775 0.021701 0.018229
0 0.793634 0.564620 0.021701 0.018229
0 0.194282 0.451042 0.021701 0.018229
0 0.481042 0.546789 0.021701 0.018229
0 0.475944 0.438761 0.021701 0.018229
0 0.839296 0.433155 0.021701 0.018229
0 0.200310 0.420000 0.021701 0.018229
0 0.852817 0.482169 0.021701 0.018229
0 0.322761 0.467211 0.021701 0.018229
0 0.631099 0.611408 0.021701 0.018229
0 0.164423 0.465972 0.021701 0.018229
0 0.121972 0.643577 0.021701 0.018229
0 0.624028 0.579296 0.021701 0.018229
0 0.769831 0.468958 0.021701 0.018229
0 0.118930 0.542507 0.021701 0.018229
0 0.248930 0.594986 0.021701 0.018229
0 0.687070 0.594845 0.021701 0.018229
0 0.650169 0.560479 0.021701 0.018229
0 0.072141 0.508169 0.021701 0.018229
0 0.510817 0.609831 0.021701 0.018229
0 0.453211 0.452141 0.021701 0.018229
0 0.310592 0.559296 0.021701 0.018229
0 0.911521 0.575577 0.021701 0.018229
0 0.753352 0.513972 0.021701 0.018229
0 0.453211 0.437944 0.021701 0.018229
0 0.481606 0.629296 0.021701 0.018229
0 0.715211 0.467099 0.021701 0.018229
0 0.592254 0.545831 0.021701 0.018229
0 0.307746 0.592563 0.021701 0.018229
0 0.118789 0.450197 0.021701 0.018229
0 0.124704 0.419493 0.021701 0.018229
0 0.824535 0.579014 0.021701 0.018229
0 0.597296 0.578958 0.021701 0.018229
0 0.326648 0.408563 0.021701 0.018229
0 0.375662 0.449972 0.021701 0.018229
0 0.850085 0.563831 0.021701 0.018229
0 0.323549 0.451944 0.021701 0.018229
0 0.864817 0.434197 0.021701 0.018229
0 0.530704 0.407127 0.021701 0.018229
0 0.345070 0.482648 0.021701 0.018229
0 0.322423 0.437014 0.021701 0.018229
0 0.155690 0.497239 0.021701 0.018229
0 0.154563 0.509070 0.021701 0.018229
0 0.692113 0.467099 0.021701 0.018229
0 0.662845 0.647803 0.021701 0.018229
0 0.214141 0.627606 0.021701 0.018229
0 0.575549 0.647803 0.021701 0.018229
0 0.553408 0.423352 0.021701 0.018229
0 0.106113 0.493859 0.021701 0.018229
0 0.843887 0.543549 0.021701 0.018229
0 0.069239 0.524592 0.021701 0.018229
0 0.537127 0.545831 0.021701 0.018229
0 0.632789 0.435380 0.021701 0.018229
0 0.529070 0.437944 0.021701 0.018229
0 0.795634 0.465944 0.021701 0.018229
0 0.089887 0.447887 0.021701 0.018229
0 0.886648 0.593042 0.021701 0.018229
0 0.308563 0.576732 0.021701 0.018229
0 0.789690 0.544338 0.021701 0.018229
0 0.704817 0.546958 0.021701 0.018229
0 0.708451 0.421183 0.021701 0.018229
0 0.921465 0.525070 0.021701 0.018229
0 0.903408 0.559014 0.021701 0.018229
0 0.298197 0.437859 0.021701 0.018229
0 0.956958 0.624676 0.021701 0.018229
0 0.432141 0.406704 0.021701 0.018229
0 0.736620 0.437521 0.021701 0.018229
0 0.423690 0.548507 0.021701 0.018229
0 0.452394 0.545099 0.021701 0.018229
0 0.799465 0.480845 0.021701 0.018229
0 0.185268 0.494704 0.021701 0.018229
0 0.805465 0.611944 0.021701 0.018229
0 0.161859 0.595239 0.021701 0.018229
0 0.397662 0.512592 0.021701 0.018229
0 0.872338 0.629183 0.021701 0.018229
0 0.153831 0.404225 0.021701 0.018229
0 0.352563 0.422085 0.021701 0.018229
0 0.273268 0.629465 0.021701 0.018229
0 0.781437 0.406789 0.021701 0.018229
0 0.910479 0.493239 0.021701 0.018229
0 0.614197 0.498225 0.021701 0.018229
0 0.671662 0.512845 0.021701 0.018229
0 0.508394 0.495155 0.021701 0.018229
0 0.402113 0.405887 0.021701 0.018229
0 0.742535 0.466254 0.021701 0.018229
0 0.855915 0.495690 0.021701 0.018229
0 0.364535 0.579183 0.021701 0.018229
0 0.504338 0.437127 0.021701 0.018229
0 0.847746 0.464704 0.021701 0.018229
0 0.859944 0.594535 0.021701 0.018229
0 0.616225 0.513775 0.021701 0.018229
0 0.658873 0.437803 0.021701 0.018229
0 0.798704 0.578986 0.021701 0.018229
0 0.094113 0.432958 0.021701 0.018229
0 0.556676 0.437380 0.021701 0.018229
0 0.570930 0.625268 0.021701 0.018229
0 0.963718 0.642423 0.021701 0.018229
0 0.811296 0.528028 0.021701 0.018229
0 0.688451 0.450761 0.021701 0.018229
0 0.452000 0.512169 0.021701 0.018229
0 0.104254 0.402535 0.021701 0.018229
0 0.792254 0.451408 0.021701 0.018229
0 0.649042 0.545549 0.021701 0.018229
0 0.453662 0.562676 0.021701 0.018229
0 0.893859 0.446761 0.021701 0.018229
0 0.400085 0.480958 0.021701 0.018229
0 0.428085 0.451324 0.021701 0.018229
0 0.332507 0.628254 0.021701 0.018229
0 0.661718 0.628085 0.021701 0.018229
0 0.722930 0.498197 0.021701 0.018229
0 0.341408 0.546310 0.021701 0.018229
0 0.875380 0.560648 0.021701 0.018229
0 0.883127 0.497296 0.021701 0.018229
0 0.197014 0.560423 0.021701 0.018229
0 0.181606 0.512169 0.021701 0.018229
0 0.311408 0.546732 0.021701 0.018229
0 0.086817 0.557380 0.021701 0.018229
0 0.878901 0.480958 0.021701 0.018229
0 0.376225 0.423211 0.021701 0.018229
0 0.280563 0.578366 0.021701 0.018229
0 0.190254 0.592873 0.021701 0.018229
0 0.134282 0.478930 0.021701 0.018229
0 0.277324 0.611211 0.021701 0.018229
0 0.214845 0.479493 0.021701 0.018229
0 0.428479 0.437549 0.021701 0.018229
0 0.317070 0.481831 0.021701 0.018229
0 0.426451 0.481352 0.021701 0.018229
0 0.064845 0.540141 0.021701 0.018229
0 0.594958 0.561042 0.021701 0.018229
0 0.454338 0.645352 0.021701 0.018229
0 0.900620 0.462254 0.021701 0.018229
0 0.710451 0.579352 0.021701 0.018229
0 0.661690 0.451042 0.021701 0.018229
0 0.591549 0.527972 0.021701 0.018229
0 0.276507 0.595408 0.021701 0.018229
0 0.349944 0.466423 0.021701 0.018229
0 0.272056 0.645690 0.021701 0.018229
0 0.334113 0.612845 0.021701 0.018229
0 0.784141 0.420986 0.021701 0.018229
0 0.816873 0.452169 0.021701 0.018229
0 0.396901 0.544592 0.021701 0.018229
0 0.693634 0.481014 0.021701 0.018229
0 0.845944 0.648310 0.021701 0.018229
0 0.590535 0.512423 0.021701 0.018229
0 0.479352 0.576873 0.021701 0.018229
0 0.731662 0.406366 0.021701 0.018229
0 0.776648 0.612310 0.021701 0.018229
0 0.544873 0.647324 0.021701 0.018229
0 0.481127 0.530986 0.021701 0.018229
0 0.219775 0.592113 0.021701 0.018229
0 0.916113 0.509296 0.021701 0.018229
0 0.927944 0.541577 0.021701 0.018229
0 0.820817 0.464845 0.021701 0.018229
0 0.241324 0.467944 0.021701 0.018229
0 0.218225 0.451042 0.021701 0.018229
0 0.402930 0.421718 0.021701 0.018229
0 0.511296 0.577690 0.021701 0.018229
0 0.480000 0.495944 0.021701 0.018229
0 0.874958 0.464056 0.021701 0.018229
0 0.452648 0.610676 0.021701 0.018229
0 0.884113 0.578394 0.021701 0.018229
0 0.754676 0.647803 0.021701 0.018229
0 0.763915 0.437972 0.021701 0.018229
0 0.929437 0.627972 0.021701 0.018229
0 0.395437 0.560169 0.021701 0.018229
0 0.059099 0.557042 0.021701 0.018229
0 0.580197 0.424563 0.021701 0.018229
0 0.077352 0.590507 0.021701 0.018229
0 0.569239 0.610056 0.021701 0.018229
0 0.052676 0.572930 0.021701 0.018229
0 0.302704 0.422085 0.021701 0.018229
0 0.454028 0.405887 0.021701 0.018229
0 0.100479 0.508789 0.021701 0.018229
0 0.128930 0.510479 0.021701 0.018229
0 0.075803 0.491549 0.021701 0.018229
0 0.159155 0.610789 0.021701 0.018229
0 0.557070 0.406310 0.021701 0.018229
0 0.771859 0.593437 0.021701 0.018229
0 0.362930 0.613239 0.021701 0.018229
0 0.786845 0.436535 0.021701 0.018229
0 0.313831 0.514282 0.021701 0.018229
0 0.511296 0.627831 0.021701 0.018229
0 0.168366 0.450761 0.021701 0.018229
0 0.743972 0.595155 0.021701 0.018229
0 0.668000 0.498479 0.021701 0.018229