0 0.354658 0.564393 0.061095 0.082465
0 0.293750 0.544586 0.061095 0.082465
0 0.696958 0.923802 0.061095 0.082465
0 0.844525 0.730385 0.061095 0.082465
0 0.860825 0.235444 0.061095 0.082465
0 0.980925 0.300932 0.061095 0.082465
0 0.954333 0.862885 0.061095 0.082465
0 0.158200 0.841553 0.061095 0.082465
0 0.988650 0.186701 0.061095 0.082465
0 0.297175 0.278077 0.061095 0.082465
0 0.779325 0.048121 0.061095 0.082465
0 0.810208 0.162337 0.061095 0.082465
0 0.351225 0.427322 0.061095 0.082465
0 0.062108 0.118180 0.061095 0.082465
0 0.648917 0.661849 0.061095 0.082465
0 0.055250 0.204985 0.061095 0.082465
0 0.073267 0.506524 0.061095 0.082465
0 0.827367 0.972530 0.061095 0.082465
0 0.762167 0.220207 0.061095 0.082465
0 0.616317 0.028328 0.061095 0.082465
0 0.660933 0.279601 0.061095 0.082465
0 0.986933 0.240015 0.061095 0.082465
0 0.648917 0.477589 0.061095 0.082465
0 0.876267 0.873536 0.061095 0.082465
0 0.815350 0.235444 0.061095 0.082465
0 0.914008 0.016139 0.061095 0.082465
0 0.902858 0.174527 0.061095 0.082465
0 0.757017 0.521746 0.061095 0.082465
0 0.872833 0.960340 0.061095 0.082465
0 0.541683 0.958817 0.061095 0.082465
0 0.862542 0.058787 0.061095 0.082465
0 0.072408 0.434941 0.061095 0.082465
0 0.847950 0.460828 0.061095 0.082465
0 0.857392 0.290266 0.061095 0.082465
0 0.419858 0.418195 0.061095 0.082465
0 0.074125 0.585710 0.061095 0.082465
0 0.597442 0.955784 0.061095 0.082465
0 0.803342 0.734956 0.061095 0.082465
0 0.752725 0.742574 0.061095 0.082465
0 0.545967 0.541553 0.061095 0.082465
0 0.482483 0.416672 0.061095 0.082465
0 0.944900 0.235444 0.061095 0.082465
0 0.823075 0.048121 0.061095 0.082465
0 0.701250 0.466923 0.061095 0.082465
0 0.486775 0.966435 0.061095 0.082465
0 0.562833 0.020414 0.061095 0.082465
0 0.302325 0.980148 0.061095 0.082465
0 0.485917 0.791302 0.061095 0.082465
0 0.988650 0.850695 0.061095 0.082465
0 0.228542 0.741050 0.061095 0.082465
0 0.287742 0.465399 0.061095 0.082465
0 0.285167 0.118180 0.061095 0.082465
0 0.987792 0.069438 0.061095 0.082465
0 0.601733 0.774556 0.061095 0.082465
0 0.151333 0.741050 0.061095 0.082465
0 0.425867 0.556775 0.061095 0.082465
0 0.751867 0.654246 0.061095 0.082465
0 0.975783 0.457781 0.061095 0.082465
0 0.434442 0.130355 0.061095 0.082465
0 0.896000 0.515651 0.061095 0.082465
0 0.916583 0.949689 0.061095 0.082465
0 0.749292 0.907041 0.061095 0.082465
0 0.647200 0.923802 0.061095 0.082465
0 0.557125 0.757796 0.061095 0.082465
0 0.219967 0.204985 0.061095 0.082465
0 0.648917 0.409053 0.061095 0.082465
0 0.221683 0.579615 0.061095 0.082465
0 0.352942 0.498905 0.061095 0.082465
0 0.768167 0.290266 0.061095 0.082465
0 0.944900 0.288743 0.061095 0.082465
0 0.794767 0.900947 0.061095 0.082465
0 0.803342 0.651198 0.061095 0.082465
0 0.150475 0.523269 0.061095 0.082465
0 0.926883 0.865932 0.061095 0.082465
0 0.363233 0.220207 0.061095 0.082465
0 0.223400 0.509571 0.061095 0.082465
0 0.841092 0.404482 0.061095 0.082465
0 0.844525 0.526317 0.061095 0.082465
0 0.548542 0.284172 0.061095 0.082465
0 0.704683 0.655769 0.061095 0.082465
0 0.483342 0.479112 0.061095 0.082465
0 0.935458 0.503476 0.061095 0.082465
0 0.144475 0.204985 0.061095 0.082465
0 0.007208 0.514127 0.061095 0.082465
0 0.489350 0.281124 0.061095 0.082465
0 0.800767 0.453210 0.061095 0.082465
0 0.734708 0.038979 0.061095 0.082465
0 0.082700 0.730385 0.061095 0.082465
0 0.215675 0.281124 0.061095 0.082465
0 0.708975 0.290266 0.061095 0.082465
0 0.650633 0.747145 0.061095 0.082465
0 0.550258 0.684704 0.061095 0.082465
0 0.480767 0.541553 0.061095 0.082465
0 0.951758 0.072485 0.061095 0.082465
0 0.981783 0.396864 0.061095 0.082465
0 0.485917 0.702973 0.061095 0.082465
0 0.892567 0.236967 0.061095 0.082465
0 0.086133 0.801967 0.061095 0.082465
0 0.853958 0.169956 0.061095 0.082465
0 0.433583 0.206509 0.061095 0.082465
0 0.293750 0.722766 0.061095 0.082465
0 0.423292 0.486716 0.061095 0.082465
0 0.299750 0.821760 0.061095 0.082465
0 0.892567 0.294837 0.061095 0.082465
0 0.491067 0.204985 0.061095 0.082465
0 0.369242 0.977101 0.061095 0.082465
0 0.936317 0.702973 0.061095 0.082465
0 0.805917 0.521746 0.061095 0.082465
0 0.843667 0.645104 0.061095 0.082465
0 0.927742 0.637485 0.061095 0.082465
0 0.556267 0.144068 0.061095 0.082465
0 0.993800 0.923802 0.061095 0.082465
0 0.429292 0.971006 0.061095 0.082465
0 0.649775 0.527840 0.061095 0.082465
0 0.068975 0.281124 0.061095 0.082465
0 0.984358 0.013092 0.061095 0.082465
0 0.600875 0.674038 0.061095 0.082465
0 0.008067 0.439512 0.061095 0.082465
0 0.291175 0.194320 0.061095 0.082465
0 0.970633 0.692308 0.061095 0.082465
0 0.937175 0.168432 0.061095 0.082465
0 0.145325 0.431893 0.061095 0.082465
0 0.492783 0.134926 0.061095 0.082465
0 0.909725 0.067914 0.061095 0.082465
0 0.813633 0.290266 0.061095 0.082465
0 0.355517 0.137973 0.061095 0.082465
0 0.757017 0.466923 0.061095 0.082465
0 0.883125 0.718210 0.061095 0.082465
0 0.147900 0.133402 0.061095 0.082465
0 0.365808 0.288743 0.061095 0.082465
0 0.652350 0.223254 0.061095 0.082465
0 0.089567 0.884201 0.061095 0.082465
0 0.701250 0.532411 0.061095 0.082465
0 0.360667 0.719734 0.061095 0.082465
0 0.431008 0.279601 0.061095 0.082465
0 0.803342 0.401435 0.061095 0.082465
0 0.225975 0.838521 0.061095 0.082465
0 0.787042 0.984719 0.061095 0.082465
0 0.548542 0.485192 0.061095 0.082465
0 0.012350 0.582663 0.061095 0.082465
0 0.217392 0.127308 0.061095 0.082465
0 0.015783 0.859837 0.061095 0.082465
0 0.930308 0.386213 0.061095 0.082465
0 0.551117 0.418195 0.061095 0.082465
0 0.890850 0.632914 0.061095 0.082465
0 0.892250 0.454734 0.061095 0.082465
0 0.424150 0.689275 0.061095 0.082465
0 0.598300 0.533935 0.061095 0.082465
0 0.364092 0.803491 0.061095 0.082465
0 0.427583 0.789778 0.061095 0.082465
0 0.678950 0.035947 0.061095 0.082465
0 0.008925 0.753225 0.061095 0.082465
0 0.929458 0.454734 0.061095 0.082465
0 0.706400 0.398388 0.061095 0.082465
0 0.714117 0.223254 0.061095 0.082465
0 0.714117 0.747145 0.061095 0.082465
0 0.980075 0.511095 0.061095 0.082465
0 0.141900 0.278077 0.061095 0.082465
0 0.556267 0.212604 0.061095 0.082465
0 0.220825 0.434941 0.061095 0.082465
0 0.963767 0.628358 0.061095 0.082465
0 0.964625 0.942071 0.061095 0.082465
0 0.710692 0.153210 0.061095 0.082465
0 0.832508 0.894867 0.061095 0.082465
0 0.744150 0.984719 0.061095 0.082465
0 0.150475 0.578092 0.061095 0.082465
0 0.600875 0.282648 0.061095 0.082465