0 0.212122 0.691124 0.040020 0.049479
0 0.241227 0.403043 0.040020 0.049479
0 0.672127 0.327041 0.040020 0.049479
0 0.699289 0.514232 0.040020 0.049479
0 0.398483 0.403820 0.040020 0.049479
0 0.428383 0.430964 0.040020 0.049479
0 0.277588 0.257172 0.040020 0.049479
0 0.236266 0.562453 0.040020 0.049479
0 0.494244 0.484831 0.040020 0.049479
0 0.595082 0.372659 0.040020 0.049479
0 0.316761 0.336770 0.040020 0.049479
0 0.393212 0.487294 0.040020 0.049479
0 0.540442 0.376882 0.040020 0.049479
0 0.282543 0.384007 0.040020 0.049479
0 0.353244 0.516629 0.040020 0.049479
0 0.498447 0.242996 0.040020 0.049479
0 0.394202 0.459092 0.040020 0.049479
0 0.391227 0.516629 0.040020 0.049479
0 0.511769 0.333811 0.040020 0.049479
0 0.748020 0.544270 0.040020 0.049479
0 0.550353 0.428427 0.040020 0.049479
0 0.649205 0.346292 0.040020 0.049479
0 0.824666 0.667088 0.040020 0.049479
0 0.560384 0.308567 0.040020 0.049479
0 0.588062 0.486311 0.040020 0.049479
0 0.259031 0.338109 0.040020 0.049479
0 0.864634 0.663558 0.040020 0.049479
0 0.425887 0.456910 0.040020 0.049479
0 0.326319 0.278951 0.040020 0.049479
0 0.477472 0.275356 0.040020 0.049479
0 0.327783 0.461423 0.040020 0.049479
0 0.391901 0.556039 0.040020 0.049479
0 0.527235 0.274157 0.040020 0.049479
0 0.476403 0.243493 0.040020 0.049479
0 0.342575 0.336770 0.040020 0.049479
0 0.678510 0.348895 0.040020 0.049479
0 0.282185 0.522547 0.040020 0.049479
0 0.345629 0.358483 0.040020 0.049479
0 0.551343 0.257519 0.040020 0.049479
0 0.299194 0.686760 0.040020 0.049479
0 0.461969 0.488212 0.040020 0.049479
0 0.366761 0.405019 0.040020 0.049479
0 0.501622 0.274654 0.040020 0.049479
0 0.333060 0.439710 0.040020 0.049479
0 0.504434 0.632182 0.040020 0.049479
0 0.298404 0.727650 0.040020 0.049479
0 0.557214 0.487294 0.040020 0.049479
0 0.615266 0.330140 0.040020 0.049479
0 0.364466 0.433783 0.040020 0.049479
0 0.657177 0.484831 0.040020 0.049479
0 0.476519 0.259073 0.040020 0.049479
0 0.641474 0.426096 0.040020 0.049479
0 0.486277 0.376742 0.040020 0.049479
0 0.609516 0.426096 0.040020 0.049479
0 0.845724 0.445487 0.040020 0.049479
0 0.484571 0.353830 0.040020 0.049479
0 0.689926 0.479476 0.040020 0.049479
0 0.456177 0.429485 0.040020 0.049479
0 0.667088 0.516629 0.040020 0.049479
0 0.622438 0.371742 0.040020 0.049479
0 0.613160 0.309841 0.040020 0.049479
0 0.426993 0.352135 0.040020 0.049479
0 0.335677 0.788989 0.040020 0.049479
0 0.580769 0.423277 0.040020 0.049479
0 0.327109 0.262247 0.040020 0.049479
0 0.555745 0.290871 0.040020 0.049479
0 0.582233 0.294045 0.040020 0.049479
0 0.757256 0.583043 0.040020 0.049479
0 0.492938 0.516133 0.040020 0.049479
0 0.527551 0.258371 0.040020 0.049479
0 0.309110 0.380627 0.040020 0.049479
0 0.320848 0.491386 0.040020 0.049479
0 0.383260 0.789691 0.040020 0.049479
0 0.579415 0.400861 0.040020 0.049479
0 0.318547 0.524878 0.040020 0.049479
0 0.764197 0.504363 0.040020 0.049479
0 0.828947 0.575993 0.040020 0.049479
0 0.550511 0.401845 0.040020 0.049479
0 0.627357 0.272818 0.040020 0.049479
0 0.340437 0.736114 0.040020 0.049479
0 0.653965 0.368989 0.040020 0.049479
0 0.348283 0.594185 0.040020 0.049479
0 0.516172 0.405084 0.040020 0.049479
0 0.586319 0.313642 0.040020 0.049479
0 0.537583 0.354747 0.040020 0.049479
0 0.508799 0.310543 0.040020 0.049479
0 0.563002 0.519092 0.040020 0.049479
0 0.388015 0.731882 0.040020 0.049479
0 0.499916 0.553923 0.040020 0.049479
0 0.706066 0.352566 0.040020 0.049479
0 0.672601 0.551386 0.040020 0.049479
0 0.225166 0.357144 0.040020 0.049479
0 0.487188 0.428427 0.040020 0.049479
0 0.851232 0.427865 0.040020 0.049479
0 0.282938 0.794625 0.040020 0.049479
0 0.589531 0.329438 0.040020 0.049479
0 0.342022 0.688165 0.040020 0.049479
0 0.569347 0.377238 0.040020 0.049479
0 0.528110 0.520581 0.040020 0.049479
0 0.306056 0.244616 0.040020 0.049479
0 0.597141 0.517125 0.040020 0.049479
0 0.300706 0.274513 0.040020 0.049479
0 0.460026 0.523464 0.040020 0.049479
0 0.537267 0.334654 0.040020 0.049479
0 0.305303 0.640646 0.040020 0.049479
0 0.573749 0.551386 0.040020 0.049479
0 0.453165 0.400084 0.040020 0.049479
0 0.622201 0.455927 0.040020 0.049479
0 0.620853 0.352135 0.040020 0.049479
0 0.771811 0.623024 0.040020 0.049479
0 0.484176 0.334232 0.040020 0.049479
0 0.604318 0.547509 0.040020 0.049479
0 0.326161 0.295946 0.040020 0.049479
0 0.566293 0.353193 0.040020 0.049479
0 0.806503 0.543699 0.040020 0.049479
0 0.650832 0.451058 0.040020 0.049479
0 0.848457 0.621255 0.040020 0.049479
0 0.563639 0.332191 0.040020 0.049479
0 0.645203 0.326189 0.040020 0.049479
0 0.286351 0.356086 0.040020 0.049479
0 0.310258 0.600103 0.040020 0.049479
0 0.527551 0.485890 0.040020 0.049479
0 0.220606 0.376882 0.040020 0.049479
0 0.520453 0.456629 0.040020 0.049479
0 0.718357 0.391058 0.040020 0.049479
0 0.510585 0.352912 0.040020 0.049479
0 0.535208 0.311742 0.040020 0.049479
0 0.289442 0.336770 0.040020 0.049479
0 0.497894 0.258577 0.040020 0.049479
0 0.320211 0.314635 0.040020 0.049479
0 0.531164 0.295805 0.040020 0.049479
0 0.291743 0.315337 0.040020 0.049479
0 0.636240 0.395712 0.040020 0.049479
0 0.361806 0.459663 0.040020 0.049479
0 0.484176 0.402266 0.040020 0.049479
0 0.740011 0.369841 0.040020 0.049479
0 0.457846 0.376601 0.040020 0.049479
0 0.396187 0.432659 0.040020 0.049479
0 0.549363 0.456208 0.040020 0.049479
0 0.708920 0.544551 0.040020 0.049479
0 0.277546 0.555403 0.040020 0.049479
0 0.317156 0.360534 0.040020 0.049479
0 0.747978 0.389644 0.040020 0.049479
0 0.631206 0.290234 0.040020 0.049479
0 0.287141 0.491386 0.040020 0.049479
0 0.271601 0.605393 0.040020 0.049479
0 0.211206 0.401348 0.040020 0.049479
0 0.356851 0.490187 0.040020 0.049479
0 0.252722 0.358137 0.040020 0.049479
0 0.313907 0.558933 0.040020 0.049479
0 0.458678 0.461283 0.040020 0.049479
0 0.794929 0.578951 0.040020 0.049479
0 0.592422 0.350936 0.040020 0.049479
0 0.302807 0.258858 0.040020 0.049479
0 0.808489 0.621255 0.040020 0.049479
0 0.605945 0.397191 0.040020 0.049479
0 0.713560 0.369841 0.040020 0.049479
0 0.522559 0.430468 0.040020 0.049479
0 0.632670 0.518109 0.040020 0.049479
0 0.248878 0.384363 0.040020 0.049479
0 0.299352 0.296301 0.040020 0.049479
0 0.583423 0.453034 0.040020 0.049479
0 0.523828 0.241592 0.040020 0.049479
0 0.748336 0.663558 0.040020 0.049479
0 0.620816 0.480384 0.040020 0.049479
0 0.516451 0.375122 0.040020 0.049479
0 0.349910 0.552519 0.040020 0.049479
0 0.282738 0.243212 0.040020 0.049479
0 0.712807 0.451058 0.040020 0.049479
0 0.683623 0.367584 0.040020 0.049479
0 0.266640 0.645300 0.040020 0.049479
0 0.489684 0.453240 0.040020 0.049479
0 0.579300 0.276133 0.040020 0.049479