0 0.631786 0.682286 0.052246 0.451172
0 0.543143 0.321657 0.052246 0.451172
0 0.240700 0.330190 0.052246 0.451172
0 0.237957 0.672533 0.052246 0.451172
0 0.125571 0.338724 0.052246 0.451172
0 0.551371 0.679848 0.052246 0.451172
0 0.609857 0.679848 0.052246 0.451172
0 0.491986 0.674971 0.052246 0.451172
0 0.466400 0.328971 0.052246 0.451172
0 0.319286 0.330190 0.052246 0.451172
0 0.110943 0.687162 0.052246 0.451172
0 0.756971 0.701790 0.052246 0.451172
0 0.410657 0.333848 0.052246 0.451172
0 0.311057 0.662800 0.052246 0.451172
0 0.782557 0.311924 0.052246 0.451172
0 0.047900 0.389886 0.052246 0.451172
0 0.159371 0.678629 0.052246 0.451172
0 0.584271 0.679848 0.052246 0.451172
0 0.409743 0.672533 0.052246 0.451172
0 0.708543 0.690819 0.052246 0.451172
0 0.655543 0.305829 0.052246 0.451172
0 0.344871 0.665238 0.052246 0.451172
0 0.199586 0.679848 0.052246 0.451172
0 0.368629 0.328971 0.052246 0.451172
0 0.469129 0.673752 0.052246 0.451172
0 0.070743 0.694476 0.052246 0.451172
0 0.210543 0.326533 0.052246 0.451172
0 0.501114 0.328971 0.052246 0.451172
0 0.336643 0.330190 0.052246 0.451172
0 0.093586 0.356990 0.052246 0.451172
0 0.441729 0.330190 0.052246 0.451172
0 0.289129 0.664019 0.052246 0.451172
0 0.531271 0.681067 0.052246 0.451172
0 0.686614 0.687162 0.052246 0.451172
0 0.596143 0.305829 0.052246 0.451172
0 0.374100 0.666457 0.052246 0.451172
0 0.573300 0.315581 0.052246 0.451172
0 0.431671 0.668895 0.052246 0.451172
0 0.713100 0.303390 0.052246 0.451172
0 0.684786 0.307048 0.052246 0.451172
0 0.179471 0.331410 0.052246 0.451172
0 0.661943 0.688381 0.052246 0.451172
0 0.275429 0.328971 0.052246 0.451172
0 0.629043 0.308267 0.052246 0.451172