0 0.550428 0.761389 0.059975 0.109375
0 0.660012 0.647173 0.059975 0.109375
0 0.270380 0.147663 0.059975 0.109375
0 0.543777 0.513154 0.059975 0.109375
0 0.183729 0.392647 0.059975 0.109375
0 0.121378 0.267974 0.059975 0.109375
0 0.781473 0.642647 0.059975 0.109375
0 0.456057 0.141013 0.059975 0.109375
0 0.786200 0.522304 0.059975 0.109375
0 0.122803 0.516340 0.059975 0.109375
0 0.424466 0.890523 0.059975 0.109375
0 0.394347 0.144624 0.059975 0.109375
0 0.240618 0.767320 0.059975 0.109375
0 0.362470 0.640523 0.059975 0.109375
0 0.181817 0.513154 0.059975 0.109375
0 0.485986 0.894444 0.059975 0.109375
0 0.334561 0.140359 0.059975 0.109375
0 0.295831 0.516209 0.059975 0.109375
0 0.422684 0.515196 0.059975 0.109375
0 0.121615 0.767810 0.059975 0.109375
0 0.306651 0.893954 0.059975 0.109375
0 0.570344 0.144624 0.059975 0.109375
0 0.550428 0.895408 0.059975 0.109375
0 0.723100 0.647173 0.059975 0.109375
0 0.666651 0.392843 0.059975 0.109375
0 0.786936 0.762418 0.059975 0.109375
0 0.483610 0.643464 0.059975 0.109375
0 0.208432 0.144935 0.059975 0.109375
0 0.664846 0.272386 0.059975 0.109375
0 0.478480 0.520768 0.059975 0.109375
0 0.602850 0.768954 0.059975 0.109375
0 0.303207 0.639542 0.059975 0.109375
0 0.118409 0.391013 0.059975 0.109375
0 0.245962 0.514216 0.059975 0.109375
0 0.485511 0.766013 0.059975 0.109375
0 0.724584 0.515686 0.059975 0.109375
0 0.790024 0.271242 0.059975 0.109375
0 0.181710 0.267484 0.059975 0.109375
0 0.600238 0.510114 0.059975 0.109375
0 0.413171 0.642614 0.059975 0.109375
0 0.117577 0.643791 0.059975 0.109375
0 0.301781 0.770425 0.059975 0.109375
0 0.727672 0.765686 0.059975 0.109375
0 0.726603 0.396895 0.059975 0.109375
0 0.057957 0.645098 0.059975 0.109375
0 0.059857 0.767320 0.059975 0.109375
0 0.665546 0.519248 0.059975 0.109375
0 0.062470 0.518137 0.059975 0.109375
0 0.356710 0.769003 0.059975 0.109375
0 0.057720 0.392810 0.059975 0.109375
0 0.634204 0.144444 0.059975 0.109375
0 0.782874 0.391324 0.059975 0.109375
0 0.606876 0.645654 0.059975 0.109375
0 0.422090 0.766013 0.059975 0.109375
0 0.547102 0.645654 0.059975 0.109375
0 0.363777 0.895425 0.059975 0.109375
0 0.513895 0.147663 0.059975 0.109375
0 0.729739 0.264918 0.059975 0.109375
0 0.179608 0.759869 0.059975 0.109375
0 0.059382 0.265850 0.059975 0.109375
0 0.366508 0.518301 0.059975 0.109375
0 0.665439 0.767320 0.059975 0.109375
0 0.243349 0.639542 0.059975 0.109375
0 0.180760 0.641830 0.059975 0.109375