0 0.641693 0.077375 0.131783 0.235243
0 0.362550 0.367813 0.131783 0.235243
0 0.635060 0.669062 0.131783 0.235243
0 0.220299 0.940531 0.131783 0.235243
0 0.503466 0.938438 0.131783 0.235243
0 0.781255 0.940531 0.131783 0.235243
0 0.361215 0.668969 0.131783 0.235243
0 0.782590 0.077375 0.131783 0.235243
0 0.217530 0.359375 0.131783 0.235243
0 0.087430 0.930000 0.131783 0.235243
0 0.775896 0.673125 0.131783 0.235243
0 0.918147 0.668969 0.131783 0.235243
0 0.086056 0.363750 0.131783 0.235243
0 0.354502 0.940531 0.131783 0.235243
0 0.082072 0.656344 0.131783 0.235243
0 0.499442 0.367906 0.131783 0.235243
0 0.633625 0.363687 0.131783 0.235243
0 0.486016 0.662656 0.131783 0.235243
0 0.915458 0.077375 0.131783 0.235243
0 0.910080 0.365813 0.131783 0.235243
0 0.216275 0.656344 0.131783 0.235243
0 0.637669 0.936344 0.131783 0.235243
0 0.350478 0.073156 0.131783 0.235243
0 0.774542 0.357375 0.131783 0.235243
0 0.083406 0.073156 0.131783 0.235243
0 0.229681 0.066844 0.131783 0.235243
0 0.502112 0.075281 0.131783 0.235243
0 0.924861 0.938438 0.131783 0.235243