0 0.324370 0.576519 0.118790 0.253472
0 0.680030 0.512577 0.118790 0.253472
0 0.214490 0.570962 0.118790 0.253472
0 0.189330 0.908769 0.118790 0.253472
0 0.429480 0.921558 0.118790 0.253472
0 0.084370 0.573731 0.118790 0.253472
0 0.808560 0.926288 0.118790 0.253472
0 0.805820 0.242865 0.118790 0.253472
0 0.677140 0.932962 0.118790 0.253472
0 0.200030 0.120538 0.118790 0.253472
0 0.542390 0.921558 0.118790 0.253472
0 0.680030 0.632135 0.118790 0.253472
0 0.565820 0.151115 0.118790 0.253472
0 0.911360 0.123308 0.118790 0.253472
0 0.921480 0.532038 0.118790 0.253472
0 0.201480 0.234538 0.118790 0.253472
0 0.321480 0.237308 0.118790 0.253472
0 0.668470 0.128885 0.118790 0.253472
0 0.808710 0.540365 0.118790 0.253472
0 0.088700 0.223404 0.118790 0.253472
0 0.931460 0.920731 0.118790 0.253472
0 0.447260 0.634904 0.118790 0.253472
0 0.577380 0.559827 0.118790 0.253472
0 0.911360 0.231750 0.118790 0.253472
0 0.337380 0.076058 0.118790 0.253472
0 0.807260 0.123308 0.118790 0.253472
0 0.094490 0.095519 0.118790 0.253472
0 0.434250 0.103846 0.118790 0.253472
0 0.447260 0.507000 0.118790 0.253472
0 0.668470 0.251212 0.118790 0.253472
0 0.087260 0.908769 0.118790 0.253472
0 0.331600 0.931288 0.118790 0.253472