0 0.516750 0.264547 0.190805 0.162326
0 0.301725 0.489113 0.190805 0.162326
0 0.506288 0.180340 0.190805 0.162326
0 0.488850 0.299642 0.190805 0.162326
0 0.301725 0.280340 0.190805 0.162326
0 0.400525 0.134736 0.190805 0.162326
0 0.299400 0.376830 0.190805 0.162326
0 0.287775 0.132981 0.190805 0.162326
0 0.347050 0.340000 0.190805 0.162326
0 0.552775 0.431226 0.190805 0.162326
0 0.658550 0.601396 0.190805 0.162326
0 0.551612 0.371566 0.190805 0.162326
0 0.278475 0.631226 0.190805 0.162326
0 0.616700 0.510170 0.190805 0.162326
0 0.593462 0.315434 0.190805 0.162326
0 0.599275 0.282094 0.190805 0.162326