0 0.674480 0.488737 0.087360 0.139757
0 0.340070 0.314751 0.087360 0.139757
0 0.727880 0.870302 0.087360 0.139757
0 0.376220 0.899555 0.087360 0.139757
0 0.547120 0.129075 0.087360 0.139757
0 0.344180 0.686103 0.087360 0.139757
0 0.667080 0.130534 0.087360 0.139757
0 0.478100 0.317669 0.087360 0.139757
0 0.564380 0.886388 0.087360 0.139757
0 0.601350 0.316210 0.087360 0.139757
0 0.408260 0.482883 0.087360 0.139757
0 0.303920 0.909786 0.087360 0.139757
0 0.195460 0.689021 0.087360 0.139757
0 0.290770 0.133470 0.087360 0.139757
0 0.224220 0.305979 0.087360 0.139757
0 0.468240 0.902473 0.087360 0.139757
0 0.614500 0.689021 0.087360 0.139757
0 0.269410 0.494573 0.087360 0.139757
0 0.729530 0.308897 0.087360 0.139757
0 0.529040 0.493114 0.087360 0.139757
0 0.422230 0.120302 0.087360 0.139757
0 0.738560 0.658327 0.087360 0.139757
0 0.468240 0.671477 0.087360 0.139757
0 0.195460 0.914164 0.087360 0.139757
0 0.653110 0.877616 0.087360 0.139757