0 0.215225 0.884485 0.077614 0.030382
0 0.112725 0.441504 0.077614 0.030382
0 0.611725 0.752913 0.077614 0.030382
0 0.161275 0.912263 0.077614 0.030382
0 0.530825 0.862561 0.077614 0.030382
0 0.282650 0.261680 0.077614 0.030382
0 0.484950 0.589173 0.077614 0.030382
0 0.732850 0.078198 0.077614 0.030382
0 0.903850 0.105542 0.077614 0.030382
0 0.824825 0.526301 0.077614 0.030382
0 0.455300 0.861098 0.077614 0.030382
0 0.736900 0.105542 0.077614 0.030382
0 0.080350 0.270447 0.077614 0.030382
0 0.395950 0.618401 0.077614 0.030382
0 0.436400 0.264607 0.077614 0.030382
0 0.282650 0.527764 0.077614 0.030382
0 0.819425 0.611098 0.077614 0.030382
0 0.568575 0.564309 0.077614 0.030382
0 0.123525 0.466355 0.077614 0.030382
0 0.563175 0.444431 0.077614 0.030382
0 0.703450 0.782154 0.077614 0.030382
0 0.444500 0.754377 0.077614 0.030382
0 0.528125 0.266070 0.077614 0.030382
0 0.571275 0.584783 0.077614 0.030382
0 0.700750 0.747060 0.077614 0.030382
0 0.633325 0.529228 0.077614 0.030382
0 0.479575 0.558469 0.077614 0.030382
0 0.134300 0.733902 0.077614 0.030382
0 0.220625 0.833320 0.077614 0.030382
0 0.476875 0.530691 0.077614 0.030382
0 0.644100 0.290921 0.077614 0.030382
0 0.711550 0.701734 0.077614 0.030382
0 0.827525 0.555542 0.077614 0.030382
0 0.393250 0.434201 0.077614 0.030382
0 0.441525 0.071911 0.077614 0.030382
0 0.441800 0.700285 0.077614 0.030382
0 0.223325 0.760217 0.077614 0.030382
0 0.730425 0.302615 0.077614 0.030382
0 0.441525 0.109783 0.077614 0.030382
0 0.622525 0.197358 0.077614 0.030382
0 0.306925 0.435664 0.077614 0.030382
0 0.304225 0.584783 0.077614 0.030382
0 0.285350 0.230976 0.077614 0.030382
0 0.382450 0.526301 0.077614 0.030382
0 0.360075 0.107588 0.077614 0.030382
0 0.641400 0.619864 0.077614 0.030382
0 0.207125 0.402033 0.077614 0.030382
0 0.441800 0.728062 0.077614 0.030382
0 0.900350 0.561396 0.077614 0.030382
0 0.600950 0.833320 0.077614 0.030382
0 0.356025 0.137114 0.077614 0.030382
0 0.377075 0.757290 0.077614 0.030382
0 0.735825 0.418117 0.077614 0.030382
0 0.209825 0.736829 0.077614 0.030382
0 0.603650 0.883022 0.077614 0.030382
0 0.390550 0.407886 0.077614 0.030382
0 0.525425 0.919580 0.077614 0.030382
0 0.468775 0.402033 0.077614 0.030382
0 0.741200 0.263144 0.077614 0.030382
0 0.447200 0.912263 0.077614 0.030382
0 0.838325 0.910799 0.077614 0.030382
0 0.536200 0.764607 0.077614 0.030382
0 0.474175 0.434201 0.077614 0.030382
0 0.614425 0.780691 0.077614 0.030382
0 0.536200 0.704661 0.077614 0.030382
0 0.385150 0.372791 0.077614 0.030382
0 0.908450 0.299688 0.077614 0.030382
0 0.834000 0.069729 0.077614 0.030382
0 0.541600 0.299688 0.077614 0.030382
0 0.455300 0.834783 0.077614 0.030382
0 0.735825 0.592087 0.077614 0.030382
0 0.445575 0.137114 0.077614 0.030382
0 0.429925 0.027615 0.077614 0.030382
0 0.352250 0.073957 0.077614 0.030382
0 0.845600 0.135068 0.077614 0.030382
0 0.698050 0.728062 0.077614 0.030382
0 0.832925 0.413726 0.077614 0.030382
0 0.293450 0.549688 0.077614 0.030382
0 0.298850 0.913726 0.077614 0.030382
0 0.131600 0.530691 0.077614 0.030382
0 0.293450 0.706125 0.077614 0.030382
0 0.746600 0.467818 0.077614 0.030382
0 0.638700 0.551152 0.077614 0.030382
0 0.752000 0.884485 0.077614 0.030382
0 0.676475 0.887412 0.077614 0.030382
0 0.748500 0.139173 0.077614 0.030382
0 0.123525 0.619864 0.077614 0.030382
0 0.568575 0.406423 0.077614 0.030382
0 0.733125 0.233902 0.077614 0.030382
0 0.546450 0.139173 0.077614 0.030382
0 0.622525 0.706125 0.077614 0.030382
0 0.363575 0.913726 0.077614 0.030382
0 0.312325 0.473672 0.077614 0.030382
0 0.679175 0.861098 0.077614 0.030382
0 0.080350 0.033902 0.077614 0.030382
0 0.126200 0.758753 0.077614 0.030382
0 0.837775 0.107588 0.077614 0.030382
0 0.881475 0.698821 0.077614 0.030382
0 0.298850 0.885949 0.077614 0.030382
0 0.468775 0.378645 0.077614 0.030382
0 0.217925 0.916653 0.077614 0.030382
0 0.080350 0.103496 0.077614 0.030382
0 0.404050 0.473672 0.077614 0.030382
0 0.107325 0.301152 0.077614 0.030382
0 0.876075 0.755840 0.077614 0.030382
0 0.827525 0.261680 0.077614 0.030382
0 0.293450 0.790921 0.077614 0.030382
0 0.870675 0.780691 0.077614 0.030382
0 0.231400 0.783618 0.077614 0.030382
0 0.627925 0.241220 0.077614 0.030382
0 0.687275 0.834783 0.077614 0.030382
0 0.911150 0.236829 0.077614 0.030382
0 0.568575 0.375718 0.077614 0.030382
0 0.533525 0.836247 0.077614 0.030382
0 0.830225 0.372791 0.077614 0.030382
0 0.371675 0.828930 0.077614 0.030382
0 0.565875 0.107588 0.077614 0.030382
0 0.482275 0.473672 0.077614 0.030382
0 0.913850 0.195894 0.077614 0.030382
0 0.137000 0.787995 0.077614 0.030382
0 0.358175 0.194431 0.077614 0.030382
0 0.395950 0.584783 0.077614 0.030382
0 0.215225 0.435664 0.077614 0.030382
0 0.288050 0.752913 0.077614 0.030382
0 0.274575 0.197358 0.077614 0.030382
0 0.911675 0.141355 0.077614 0.030382
0 0.778975 0.773374 0.077614 0.030382
0 0.080350 0.078198 0.077614 0.030382
0 0.832925 0.467818 0.077614 0.030382
0 0.115425 0.375718 0.077614 0.030382
0 0.228700 0.589173 0.077614 0.030382
0 0.835625 0.856707 0.077614 0.030382
0 0.714225 0.614024 0.077614 0.030382
0 0.911150 0.404959 0.077614 0.030382
0 0.562100 0.069729 0.077614 0.030382
0 0.091950 0.128645 0.077614 0.030382
0 0.112725 0.567236 0.077614 0.030382
0 0.447200 0.779228 0.077614 0.030382
0 0.749300 0.909336 0.077614 0.030382
0 0.385150 0.559932 0.077614 0.030382
0 0.209825 0.523374 0.077614 0.030382
0 0.905750 0.587710 0.077614 0.030382
0 0.139700 0.833320 0.077614 0.030382
0 0.644100 0.371328 0.077614 0.030382
0 0.368975 0.703198 0.077614 0.030382
0 0.784375 0.725136 0.077614 0.030382
0 0.822125 0.201734 0.077614 0.030382
0 0.293450 0.406423 0.077614 0.030382
0 0.657600 0.409336 0.077614 0.030382
0 0.112725 0.589173 0.077614 0.030382
0 0.768175 0.842087 0.077614 0.030382
0 0.340650 0.046626 0.077614 0.030382
0 0.900350 0.616951 0.077614 0.030382
0 0.565875 0.472209 0.077614 0.030382
0 0.606350 0.858171 0.077614 0.030382
0 0.916550 0.264607 0.077614 0.030382
0 0.611725 0.729512 0.077614 0.030382
0 0.131600 0.701734 0.077614 0.030382
0 0.738525 0.381558 0.077614 0.030382
0 0.366275 0.884485 0.077614 0.030382
0 0.374375 0.295312 0.077614 0.030382
0 0.209825 0.701734 0.077614 0.030382
0 0.525425 0.883022 0.077614 0.030382
0 0.741200 0.194431 0.077614 0.030382
0 0.829950 0.044431 0.077614 0.030382
0 0.371675 0.735366 0.077614 0.030382
0 0.867975 0.719282 0.077614 0.030382
0 0.824825 0.589173 0.077614 0.030382
0 0.568575 0.527764 0.077614 0.030382
0 0.236800 0.619864 0.077614 0.030382
0 0.290750 0.834783 0.077614 0.030382
0 0.595550 0.916653 0.077614 0.030382
0 0.358175 0.235366 0.077614 0.030382
0 0.784375 0.697358 0.077614 0.030382
0 0.838325 0.437114 0.077614 0.030382
0 0.301550 0.619864 0.077614 0.030382
0 0.217925 0.866951 0.077614 0.030382
0 0.083050 0.235366 0.077614 0.030382
0 0.209825 0.470745 0.077614 0.030382
0 0.137000 0.862561 0.077614 0.030382
0 0.843700 0.881558 0.077614 0.030382
0 0.897650 0.422507 0.077614 0.030382
0 0.285350 0.296775 0.077614 0.030382
0 0.735825 0.564309 0.077614 0.030382
0 0.673775 0.469282 0.077614 0.030382
0 0.487650 0.615488 0.077614 0.030382
0 0.212525 0.555542 0.077614 0.030382
0 0.897650 0.463442 0.077614 0.030382
0 0.371675 0.783618 0.077614 0.030382
0 0.636025 0.581856 0.077614 0.030382
0 0.368975 0.267534 0.077614 0.030382
0 0.579375 0.621328 0.077614 0.030382
0 0.776275 0.754377 0.077614 0.030382
0 0.296150 0.372791 0.077614 0.030382
0 0.760100 0.858171 0.077614 0.030382
0 0.660300 0.440041 0.077614 0.030382
0 0.099225 0.412263 0.077614 0.030382
0 0.530825 0.785068 0.077614 0.030382
0 0.290750 0.729512 0.077614 0.030382
0 0.824825 0.233902 0.077614 0.030382
0 0.636025 0.261680 0.077614 0.030382
0 0.091150 0.206125 0.077614 0.030382
0 0.827525 0.295312 0.077614 0.030382
0 0.452600 0.887412 0.077614 0.030382
0 0.278350 0.139173 0.077614 0.030382
0 0.441800 0.298225 0.077614 0.030382
0 0.290750 0.859634 0.077614 0.030382
0 0.746600 0.438577 0.077614 0.030382
0 0.538900 0.735366 0.077614 0.030382
0 0.673775 0.921043 0.077614 0.030382
0 0.727725 0.532154 0.077614 0.030382
0 0.366275 0.858171 0.077614 0.030382