0 0.481162 0.107607 0.051505 0.068576
0 0.594239 0.382458 0.051505 0.068576
0 0.837942 0.467254 0.051505 0.068576
0 0.661501 0.560822 0.051505 0.068576
0 0.542577 0.294740 0.051505 0.068576
0 0.603990 0.857607 0.051505 0.068576
0 0.779452 0.373689 0.051505 0.068576
0 0.246237 0.565209 0.051505 0.068576
0 0.481171 0.847396 0.051505 0.068576
0 0.833068 0.375149 0.051505 0.068576
0 0.354440 0.465794 0.051505 0.068576
0 0.361263 0.111989 0.051505 0.068576
0 0.538677 0.110529 0.051505 0.068576
0 0.354440 0.755269 0.051505 0.068576
0 0.595215 0.022811 0.051505 0.068576
0 0.419747 0.856177 0.051505 0.068576
0 0.592279 0.462850 0.051505 0.068576
0 0.834041 0.647081 0.051505 0.068576
0 0.538677 0.565209 0.051505 0.068576
0 0.969541 0.645618 0.051505 0.068576
0 0.969541 0.095910 0.051505 0.068576
0 0.840867 0.737723 0.051505 0.068576
0 0.598140 0.291817 0.051505 0.068576
0 0.840867 0.280121 0.051505 0.068576
0 0.652730 0.288894 0.051505 0.068576
0 0.305700 0.205557 0.051505 0.068576
0 0.972463 0.470181 0.051505 0.068576
0 0.535752 0.756728 0.051505 0.068576
0 0.246237 0.201171 0.051505 0.068576
0 0.971490 0.731877 0.051505 0.068576
0 0.241363 0.750882 0.051505 0.068576
0 0.839897 0.838614 0.051505 0.068576
0 0.541602 0.204098 0.051505 0.068576
0 0.479214 0.464331 0.051505 0.068576
0 0.543551 0.857607 0.051505 0.068576
0 0.478241 0.021347 0.051505 0.068576
0 0.300827 0.838601 0.051505 0.068576
0 0.974414 0.281580 0.051505 0.068576
0 0.246237 0.660237 0.051505 0.068576
0 0.479214 0.563745 0.051505 0.068576
0 0.597164 0.110529 0.051505 0.068576
0 0.303749 0.563745 0.051505 0.068576
0 0.670276 0.857607 0.051505 0.068576
0 0.601065 0.560822 0.051505 0.068576
0 0.835017 0.091524 0.051505 0.068576
0 0.480189 0.759656 0.051505 0.068576
0 0.663453 0.755269 0.051505 0.068576
0 0.535752 0.376612 0.051505 0.068576
0 0.304724 0.022811 0.051505 0.068576
0 0.773605 0.283043 0.051505 0.068576
0 0.184825 0.196784 0.051505 0.068576
0 0.421702 0.022811 0.051505 0.068576
0 0.418777 0.562286 0.051505 0.068576
0 0.242336 0.837137 0.051505 0.068576
0 0.657603 0.019884 0.051505 0.068576
0 0.180924 0.022811 0.051505 0.068576
0 0.362239 0.016961 0.051505 0.068576
0 0.966616 0.376612 0.051505 0.068576
0 0.302776 0.652927 0.051505 0.068576
0 0.835017 0.012574 0.051505 0.068576
0 0.959790 0.015497 0.051505 0.068576
0 0.655654 0.104679 0.051505 0.068576
0 0.182873 0.655850 0.051505 0.068576
0 0.595215 0.202635 0.051505 0.068576
0 0.776530 0.560822 0.051505 0.068576
0 0.838915 0.180706 0.051505 0.068576
0 0.241363 0.288894 0.051505 0.068576
0 0.654679 0.201171 0.051505 0.068576
0 0.778479 0.462867 0.051505 0.068576
0 0.424624 0.293276 0.051505 0.068576
0 0.427549 0.202635 0.051505 0.068576
0 0.479214 0.375149 0.051505 0.068576
0 0.669300 0.661700 0.051505 0.068576
0 0.418777 0.759656 0.051505 0.068576
0 0.301800 0.752342 0.051505 0.068576
0 0.772629 0.094447 0.051505 0.068576
0 0.180924 0.107607 0.051505 0.068576
0 0.540626 0.465794 0.051505 0.068576
0 0.779452 0.837137 0.051505 0.068576
0 0.604963 0.661700 0.051505 0.068576
0 0.769704 0.015497 0.051505 0.068576
0 0.482138 0.196784 0.051505 0.068576
0 0.353464 0.565209 0.051505 0.068576
0 0.243312 0.111989 0.051505 0.068576
0 0.308622 0.380999 0.051505 0.068576
0 0.186774 0.562286 0.051505 0.068576
0 0.305700 0.287430 0.051505 0.068576
0 0.417801 0.664623 0.051505 0.068576
0 0.242336 0.473104 0.051505 0.068576
0 0.182873 0.284507 0.051505 0.068576
0 0.185798 0.468717 0.051505 0.068576
0 0.356389 0.661700 0.051505 0.068576
0 0.243312 0.386845 0.051505 0.068576
0 0.651751 0.464313 0.051505 0.068576
0 0.652730 0.385385 0.051505 0.068576
0 0.185798 0.743573 0.051505 0.068576
0 0.481162 0.664623 0.051505 0.068576
0 0.483114 0.291817 0.051505 0.068576
0 0.973439 0.188015 0.051505 0.068576
0 0.356389 0.856147 0.051505 0.068576
0 0.184825 0.382458 0.051505 0.068576
0 0.970514 0.813749 0.051505 0.068576
0 0.538677 0.021347 0.051505 0.068576
0 0.369061 0.196784 0.051505 0.068576
0 0.539653 0.661700 0.051505 0.068576
0 0.416825 0.470181 0.051505 0.068576
0 0.182873 0.837142 0.051505 0.068576
0 0.600089 0.756728 0.051505 0.068576
0 0.301800 0.113452 0.051505 0.068576
0 0.777503 0.186552 0.051505 0.068576
0 0.973439 0.549126 0.051505 0.068576
0 0.418777 0.109066 0.051505 0.068576
0 0.307649 0.470181 0.051505 0.068576
0 0.775554 0.648541 0.051505 0.068576
0 0.833068 0.560822 0.051505 0.068576
0 0.778479 0.747960 0.051505 0.068576