0 0.773730 0.410750 0.134241 0.073785
0 0.967560 0.725077 0.134241 0.073785
0 0.974105 0.523322 0.134241 0.073785
0 0.973015 0.173905 0.134241 0.073785
0 0.463670 0.198031 0.134241 0.073785
0 0.314370 0.661186 0.134241 0.073785
0 0.780280 0.777415 0.134241 0.073785
0 0.113120 0.619082 0.134241 0.073785
0 0.297020 0.191741 0.134241 0.073785
0 0.886360 0.052853 0.134241 0.073785
0 0.885050 0.461628 0.134241 0.073785
0 0.888980 0.521273 0.134241 0.073785
0 0.292325 0.012793 0.134241 0.073785
0 0.320590 0.974930 0.134241 0.073785
0 0.883740 0.235311 0.134241 0.073785
0 0.892910 0.823027 0.134241 0.073785
0 0.781590 0.158118 0.134241 0.073785
0 0.970835 0.458995 0.134241 0.073785
0 0.665030 0.147589 0.134241 0.073785
0 0.309570 0.753878 0.134241 0.073785
0 0.667650 0.286189 0.134241 0.073785
0 0.095880 0.265425 0.134241 0.073785
0 0.775040 0.226537 0.134241 0.073785
0 0.460505 0.427562 0.134241 0.073785
0 0.883740 0.647589 0.134241 0.073785
0 0.663720 0.419518 0.134241 0.073785
0 0.463670 0.132827 0.134241 0.073785
0 0.097405 0.353878 0.134241 0.073785
0 0.476220 0.652706 0.134241 0.073785
0 0.968650 0.779169 0.134241 0.073785
0 0.781590 0.665131 0.134241 0.073785
0 0.666340 0.865131 0.134241 0.073785
0 0.976725 0.068640 0.134241 0.073785
0 0.778970 0.598466 0.134241 0.073785
0 0.978475 0.347883 0.134241 0.073785
0 0.975200 0.565720 0.134241 0.073785
0 0.888980 0.291447 0.134241 0.073785
0 0.308040 0.518058 0.134241 0.073785
0 0.662410 0.687937 0.134241 0.073785
0 0.114325 0.015278 0.134241 0.073785
0 0.778970 0.724782 0.134241 0.073785
0 0.666340 0.742324 0.134241 0.073785
0 0.314370 0.915867 0.134241 0.073785
0 0.882430 0.749344 0.134241 0.073785
0 0.785520 0.535311 0.134241 0.073785
0 0.888980 0.693202 0.134241 0.073785
0 0.784210 0.030047 0.134241 0.073785
0 0.482445 0.785452 0.134241 0.073785
0 0.666340 0.817763 0.134241 0.073785
0 0.975200 0.286477 0.134241 0.073785
0 0.777660 0.352853 0.134241 0.073785
0 0.662410 0.349344 0.134241 0.073785
0 0.120980 0.873758 0.134241 0.073785
0 0.100570 0.433845 0.134241 0.073785
0 0.468365 0.509578 0.134241 0.073785
0 0.668960 0.547589 0.134241 0.073785
0 0.455815 0.362210 0.134241 0.073785
0 0.116285 0.690717 0.134241 0.073785
0 0.081690 0.168493 0.134241 0.073785
0 0.973015 0.399049 0.134241 0.073785
0 0.303350 0.438084 0.134241 0.073785
0 0.781590 0.289692 0.134241 0.073785
0 0.891600 0.403731 0.134241 0.073785
0 0.455815 0.050656 0.134241 0.073785
0 0.077000 0.080194 0.134241 0.073785
0 0.484080 0.724347 0.134241 0.073785
0 0.120980 0.972733 0.134241 0.073785
0 0.306515 0.583262 0.134241 0.073785
0 0.297020 0.275954 0.134241 0.073785
0 0.885050 0.107240 0.134241 0.073785
0 0.665030 0.621273 0.134241 0.073785
0 0.474585 0.583262 0.134241 0.073785
0 0.303350 0.357971 0.134241 0.073785
0 0.666340 0.212505 0.134241 0.073785
0 0.976290 0.241159 0.134241 0.073785
0 0.480915 0.939109 0.134241 0.073785
0 0.668960 0.477415 0.134241 0.073785
0 0.460505 0.280194 0.134241 0.073785
0 0.886360 0.596711 0.134241 0.073785
0 0.886360 0.351098 0.134241 0.073785
0 0.892910 0.177415 0.134241 0.073785
0 0.119450 0.781212 0.134241 0.073785
0 0.105265 0.518058 0.134241 0.073785
0 0.671580 0.077415 0.134241 0.073785
0 0.786830 0.835311 0.134241 0.073785
0 0.773730 0.091447 0.134241 0.073785
0 0.668960 0.008995 0.134241 0.073785
0 0.293855 0.097006 0.134241 0.073785
0 0.968650 0.672445 0.134241 0.073785
0 0.781590 0.472150 0.134241 0.073785