0 0.844217 0.196144 0.156250 0.064236
0 0.311850 0.530011 0.156250 0.064236
0 0.181975 0.702644 0.156250 0.064236
0 0.032508 0.868078 0.156250 0.064236
0 0.898300 0.994222 0.156250 0.064236
0 0.805142 0.971233 0.156250 0.064236
0 0.158167 0.748078 0.156250 0.064236
0 0.703692 0.737900 0.156250 0.064236
0 0.810400 0.536856 0.156250 0.064236
0 0.976458 0.520533 0.156250 0.064236
0 0.123692 0.260533 0.156250 0.064236
0 0.655267 0.613867 0.156250 0.064236
0 0.623300 0.978611 0.156250 0.064236
0 0.627642 0.389478 0.156250 0.064236
0 0.010533 0.376144 0.156250 0.064236
0 0.383825 0.793867 0.156250 0.064236
0 0.249083 0.267900 0.156250 0.064236
0 0.977775 0.374222 0.156250 0.064236
0 0.969617 0.265800 0.156250 0.064236
0 0.677242 0.574922 0.156250 0.064236
0 0.666325 0.523867 0.156250 0.064236
0 0.500667 0.709133 0.156250 0.064236
0 0.430267 0.481233 0.156250 0.064236
0 0.335792 0.812111 0.156250 0.064236
0 0.037900 0.761589 0.156250 0.064236
0 0.387508 0.367022 0.156250 0.064236
0 0.268950 0.919833 0.156250 0.064236
0 0.273825 0.844222 0.156250 0.064236
0 0.951850 0.649478 0.156250 0.064236
0 0.154742 0.051756 0.156250 0.064236
0 0.418950 0.221056 0.156250 0.064236
0 0.700142 0.812644 0.156250 0.064236
0 0.963300 0.152633 0.156250 0.064236
0 0.692767 0.758433 0.156250 0.064236
0 0.967375 0.946678 0.156250 0.064236
0 0.781192 0.690189 0.156250 0.064236
0 0.968958 0.906144 0.156250 0.064236
0 0.975933 0.554222 0.156250 0.064236
0 0.024350 0.475622 0.156250 0.064236
0 0.560800 0.895800 0.156250 0.064236
0 0.342767 0.077200 0.156250 0.064236
0 0.960400 0.818433 0.156250 0.064236
0 0.976850 0.854400 0.156250 0.064236
0 0.416192 0.764744 0.156250 0.064236
0 0.639608 0.660711 0.156250 0.064236
0 0.251583 0.408256 0.156250 0.064236
0 0.481717 0.665267 0.156250 0.064236
0 0.963300 0.120356 0.156250 0.064236
0 0.968033 0.027900 0.156250 0.064236
0 0.479483 0.628433 0.156250 0.064236
0 0.145792 0.838956 0.156250 0.064236
0 0.707117 0.097556 0.156250 0.064236
0 0.973300 0.338778 0.156250 0.064236
0 0.880142 0.415444 0.156250 0.064236
0 0.445667 0.979133 0.156250 0.064236
0 0.850925 0.468256 0.156250 0.064236
0 0.947900 0.695267 0.156250 0.064236
0 0.504483 0.837200 0.156250 0.064236
0 0.843425 0.235622 0.156250 0.064236
0 0.056583 0.185100 0.156250 0.064236
0 0.962900 0.450356 0.156250 0.064236
0 0.034742 0.599478 0.156250 0.064236
0 0.966458 0.075800 0.156250 0.064236
0 0.465400 0.591589 0.156250 0.064236
0 0.030267 0.532111 0.156250 0.064236
0 0.165792 0.554922 0.156250 0.064236
0 0.032108 0.806144 0.156250 0.064236
0 0.403292 0.180711 0.156250 0.064236
0 0.553692 0.204567 0.156250 0.064236
0 0.156058 0.590889 0.156250 0.064236
0 0.854483 0.576678 0.156250 0.064236
0 0.035667 0.643344 0.156250 0.064236
0 0.965933 0.962644 0.156250 0.064236
0 0.558558 0.933344 0.156250 0.064236
0 0.682108 0.263689 0.156250 0.064236
0 0.677642 0.922811 0.156250 0.064236
0 0.033425 0.691933 0.156250 0.064236
0 0.156583 0.525267 0.156250 0.064236
0 0.530267 0.356500 0.156250 0.064236
0 0.501450 0.542989 0.156250 0.064236
0 0.954483 0.741233 0.156250 0.064236
0 0.012242 0.434744 0.156250 0.064236
0 0.476058 0.042633 0.156250 0.064236
0 0.560533 0.076144 0.156250 0.064236
0 0.108825 0.380533 0.156250 0.064236
0 0.691583 0.230533 0.156250 0.064236
0 0.970008 0.931589 0.156250 0.064236
0 0.580267 0.483689 0.156250 0.064236
0 0.986192 0.773522 0.156250 0.064236
0 0.706583 0.793522 0.156250 0.064236
0 0.165267 0.787733 0.156250 0.064236
0 0.411850 0.261589 0.156250 0.064236
0 0.860533 0.904400 0.156250 0.064236
0 0.898825 0.794222 0.156250 0.064236
0 0.299350 0.043689 0.156250 0.064236
0 0.392375 0.152633 0.156250 0.064236
0 0.113692 0.857733 0.156250 0.064236
0 0.121717 0.965444 0.156250 0.064236
0 0.972642 0.213867 0.156250 0.064236
0 0.545925 0.291767 0.156250 0.064236
0 0.421850 0.444044 0.156250 0.064236
0 0.017108 0.335978 0.156250 0.064236
0 0.253825 0.192111 0.156250 0.064236
0 0.259875 0.478778 0.156250 0.064236
0 0.265400 0.315800 0.156250 0.064236
0 0.408292 0.917378 0.156250 0.064236
0 0.870925 0.382467 0.156250 0.064236
0 0.543558 0.318778 0.156250 0.064236
0 0.256192 0.233511 0.156250 0.064236
0 0.474483 0.013167 0.156250 0.064236
0 0.337242 0.575100 0.156250 0.064236
0 0.545142 0.166144 0.156250 0.064236
0 0.337508 0.012289 0.156250 0.064236
0 0.337767 0.601056 0.156250 0.064236
0 0.249217 0.373867 0.156250 0.064236
0 0.704350 0.778433 0.156250 0.064236
0 0.110533 0.332467 0.156250 0.064236
0 0.850400 0.272989 0.156250 0.064236
0 0.832508 0.086144 0.156250 0.064236
0 0.031583 0.079833 0.156250 0.064236
0 0.837508 0.824400 0.156250 0.064236
0 0.018425 0.295622 0.156250 0.064236
0 0.702117 0.804222 0.156250 0.064236
0 0.109217 0.430711 0.156250 0.064236
0 0.696850 0.055800 0.156250 0.064236
0 0.544350 0.251233 0.156250 0.064236
0 0.017767 0.961233 0.156250 0.064236
0 0.799875 0.988611 0.156250 0.064236
0 0.666325 0.701411 0.156250 0.064236
0 0.130267 0.225444 0.156250 0.064236
0 0.873692 0.874400 0.156250 0.064236
0 0.981058 0.310178 0.156250 0.064236
0 0.163033 0.621933 0.156250 0.064236
0 0.262108 0.872289 0.156250 0.064236
0 0.720400 0.414567 0.156250 0.064236
0 0.312508 0.545622 0.156250 0.064236
0 0.798692 0.641589 0.156250 0.064236
0 0.609350 0.029478 0.156250 0.064236
0 0.186717 0.098422 0.156250 0.064236
0 0.894617 0.777900 0.156250 0.064236
0 0.851192 0.607900 0.156250 0.064236
0 0.861850 0.343511 0.156250 0.064236
0 0.687900 0.338433 0.156250 0.064236
0 0.809617 0.031411 0.156250 0.064236
0 0.350792 0.645800 0.156250 0.064236
0 0.870275 0.942111 0.156250 0.064236
0 0.977117 0.593167 0.156250 0.064236
0 0.672767 0.883344 0.156250 0.064236
0 0.262108 0.343511 0.156250 0.064236
0 0.708692 0.297900 0.156250 0.064236
0 0.709483 0.168256 0.156250 0.064236
0 0.035133 0.721933 0.156250 0.064236
0 0.246717 0.435267 0.156250 0.064236
0 0.962242 0.483344 0.156250 0.064236
0 0.422508 0.872811 0.156250 0.064236
0 0.744483 0.450011 0.156250 0.064236
0 0.112767 0.886678 0.156250 0.064236
0 0.182508 0.678956 0.156250 0.064236
0 0.359742 0.129833 0.156250 0.064236
0 0.406450 0.322989 0.156250 0.064236
0 0.977117 0.412289 0.156250 0.064236
0 0.361850 0.101589 0.156250 0.064236
0 0.011975 0.407200 0.156250 0.064236
0 0.573950 0.816678 0.156250 0.064236
0 0.844350 0.312467 0.156250 0.064236
0 0.170133 0.649311 0.156250 0.064236
0 0.813558 0.504922 0.156250 0.064236
0 0.368033 0.706322 0.156250 0.064236
0 0.014475 0.244744 0.156250 0.064236
0 0.197108 0.818078 0.156250 0.064236
0 0.051317 0.139478 0.156250 0.064236
0 0.114083 0.919656 0.156250 0.064236
0 0.170667 0.011233 0.156250 0.064236
0 0.545925 0.130711 0.156250 0.064236
0 0.140792 0.490356 0.156250 0.064236
0 0.845008 0.143167 0.156250 0.064236
0 0.576325 0.444744 0.156250 0.064236
0 0.028950 0.035967 0.156250 0.064236
0 0.201583 0.142289 0.156250 0.064236
0 0.404875 0.280356 0.156250 0.064236
0 0.663692 0.842289 0.156250 0.064236
0 0.294742 0.973344 0.156250 0.064236