0 0.175035 0.695333 0.022581 0.039062
0 0.901303 0.477604 0.022581 0.039062
0 0.009284 0.622750 0.022581 0.039062
0 0.323169 0.011167 0.022581 0.039062
0 0.835798 0.593083 0.022581 0.039062
0 0.988521 0.988417 0.022581 0.039062
0 0.992124 0.666521 0.022581 0.039062
0 0.748556 0.633146 0.022581 0.039062
0 0.499085 0.665333 0.022581 0.039062
0 0.760739 0.707417 0.022581 0.039062
0 0.448333 0.618833 0.022581 0.039062
0 0.773638 0.861146 0.022581 0.039062
0 0.586244 0.761792 0.022581 0.039062
0 0.611514 0.946833 0.022581 0.039062
0 0.626725 0.453792 0.022581 0.039062
0 0.403087 0.774521 0.022581 0.039062
0 0.804871 0.874417 0.022581 0.039062
0 0.538392 0.519146 0.022581 0.039062
0 0.561150 0.657500 0.022581 0.039062
0 0.239789 0.873750 0.022581 0.039062
0 0.904202 0.709812 0.022581 0.039062
0 0.622136 0.706583 0.022581 0.039062
0 0.222923 0.464917 0.022581 0.039062
0 0.850270 0.729896 0.022581 0.039062
0 0.493862 0.446188 0.022581 0.039062
0 0.971761 0.257646 0.022581 0.039062
0 0.548462 0.829354 0.022581 0.039062
0 0.688099 0.741271 0.022581 0.039062
0 0.344061 0.656521 0.022581 0.039062
0 0.755915 0.740458 0.022581 0.039062
0 0.681596 0.985354 0.022581 0.039062
0 0.856831 0.386875 0.022581 0.039062
0 0.057418 0.187646 0.022581 0.039062
0 0.390399 0.665833 0.022581 0.039062
0 0.283005 0.842750 0.022581 0.039062
0 0.407500 0.839146 0.022581 0.039062
0 0.639765 0.869750 0.022581 0.039062
0 0.946585 0.646521 0.022581 0.039062
0 0.931808 0.971063 0.022581 0.039062
0 0.309789 0.974938 0.022581 0.039062
0 0.822664 0.352313 0.022581 0.039062
0 0.526397 0.833271 0.022581 0.039062
0 0.721890 0.785750 0.022581 0.039062
0 0.414261 0.464104 0.022581 0.039062
0 0.864648 0.742125 0.022581 0.039062
0 0.584178 0.181563 0.022581 0.039062
0 0.372477 0.795583 0.022581 0.039062
0 0.823016 0.975146 0.022581 0.039062
0 0.769014 0.045729 0.022581 0.039062
0 0.590915 0.426604 0.022581 0.039062
0 0.179730 0.825354 0.022581 0.039062
0 0.612641 0.140792 0.022581 0.039062
0 0.905927 0.625729 0.022581 0.039062
0 0.835798 0.455500 0.022581 0.039062
0 0.401162 0.544396 0.022581 0.039062
0 0.832441 0.764250 0.022581 0.039062
0 0.438674 0.545375 0.022581 0.039062
0 0.098768 0.405562 0.022581 0.039062
0 0.672007 0.930667 0.022581 0.039062
0 0.437664 0.040542 0.022581 0.039062
0 0.282453 0.197021 0.022581 0.039062
0 0.746397 0.243729 0.022581 0.039062
0 0.655458 0.561333 0.022581 0.039062
0 0.764836 0.890396 0.022581 0.039062
0 0.919789 0.751313 0.022581 0.039062
0 0.775939 0.923000 0.022581 0.039062
0 0.273721 0.099104 0.022581 0.039062
0 0.821725 0.902958 0.022581 0.039062
0 0.621444 0.608250 0.022581 0.039062
0 0.520047 0.704500 0.022581 0.039062
0 0.920000 0.799625 0.022581 0.039062
0 0.294918 0.521604 0.022581 0.039062
0 0.250141 0.773375 0.022581 0.039062
0 0.823239 0.864542 0.022581 0.039062
0 0.701878 0.978813 0.022581 0.039062
0 0.264390 0.803583 0.022581 0.039062
0 0.686491 0.563792 0.022581 0.039062
0 0.916150 0.829208 0.022581 0.039062
0 0.620610 0.811375 0.022581 0.039062
0 0.032653 0.773375 0.022581 0.039062
0 0.601678 0.551542 0.022581 0.039062
0 0.558897 0.984604 0.022581 0.039062
0 0.536408 0.463583 0.022581 0.039062
0 0.536408 0.111458 0.022581 0.039062
0 0.992676 0.293146 0.022581 0.039062
0 0.704190 0.568688 0.022581 0.039062
0 0.425599 0.382062 0.022581 0.039062
0 0.163157 0.108063 0.022581 0.039062
0 0.316021 0.194167 0.022581 0.039062
0 0.222923 0.213333 0.022581 0.039062
0 0.785106 0.686188 0.022581 0.039062
0 0.775223 0.681292 0.022581 0.039062
0 0.619073 0.198937 0.022581 0.039062
0 0.653650 0.912792 0.022581 0.039062
0 0.046221 0.352917 0.022581 0.039062
0 0.402770 0.006854 0.022581 0.039062
0 0.444472 0.779917 0.022581 0.039062
0 0.847007 0.839729 0.022581 0.039062
0 0.138462 0.430938 0.022581 0.039062
0 0.838897 0.973438 0.022581 0.039062
0 0.992218 0.749958 0.022581 0.039062
0 0.522136 0.951688 0.022581 0.039062
0 0.877418 0.513521 0.022581 0.039062
0 0.484366 0.093500 0.022581 0.039062
0 0.490692 0.911750 0.022581 0.039062
0 0.293944 0.546521 0.022581 0.039062
0 0.973967 0.502500 0.022581 0.039062
0 0.471197 0.467938 0.022581 0.039062
0 0.825106 0.996896 0.022581 0.039062
0 0.890293 0.791083 0.022581 0.039062
0 0.153592 0.550125 0.022581 0.039062
0 0.484671 0.198417 0.022581 0.039062
0 0.873192 0.975792 0.022581 0.039062
0 0.641420 0.271771 0.022581 0.039062
0 0.655692 0.618042 0.022581 0.039062
0 0.698521 0.858979 0.022581 0.039062
0 0.738674 0.435792 0.022581 0.039062