0 0.738469 0.628166 0.069860 0.054688
0 0.817169 0.029389 0.069860 0.054688
0 0.961444 0.827758 0.069860 0.054688
0 0.110762 0.721861 0.069860 0.054688
0 0.153863 0.167880 0.069860 0.054688
0 0.380581 0.725924 0.069860 0.054688
0 0.676637 0.220829 0.069860 0.054688
0 0.316875 0.628166 0.069860 0.054688
0 0.015206 0.176033 0.069860 0.054688
0 0.022700 0.730000 0.069860 0.054688
0 0.519244 0.318601 0.069860 0.054688
0 0.187587 0.730000 0.069860 0.054688
0 0.858388 0.575217 0.069860 0.054688
0 0.530481 0.424497 0.069860 0.054688
0 0.789062 0.375625 0.069860 0.054688
0 0.879000 0.831834 0.069860 0.054688
0 0.804050 0.314524 0.069860 0.054688
0 0.425556 0.167880 0.069860 0.054688
0 0.481769 0.375625 0.069860 0.054688
0 0.326244 0.827758 0.069860 0.054688
0 0.603563 0.428573 0.069860 0.054688
0 0.367469 0.978478 0.069860 0.054688
0 0.288769 0.171957 0.069860 0.054688
0 0.153863 0.070122 0.069860 0.054688
0 0.998919 0.575217 0.069860 0.054688
0 0.433050 0.261562 0.069860 0.054688
0 0.938962 0.171957 0.069860 0.054688
0 0.017075 0.782962 0.069860 0.054688
0 0.030194 0.827758 0.069860 0.054688
0 0.155737 0.880720 0.069860 0.054688
0 0.333738 0.929592 0.069860 0.054688
0 0.963319 0.526332 0.069860 0.054688
0 0.721606 0.082337 0.069860 0.054688
0 0.925844 0.371549 0.069860 0.054688
0 0.365594 0.770734 0.069860 0.054688
0 0.165106 0.827758 0.069860 0.054688
0 0.789062 0.982554 0.069860 0.054688
0 0.359975 0.176033 0.069860 0.054688
0 0.359975 0.477459 0.069860 0.054688
0 0.277531 0.367473 0.069860 0.054688
0 0.879000 0.941821 0.069860 0.054688
0 0.320625 0.318601 0.069860 0.054688
0 0.011456 0.371549 0.069860 0.054688
0 0.065794 0.978478 0.069860 0.054688
0 0.020825 0.571141 0.069860 0.054688
0 0.573581 0.583356 0.069860 0.054688
0 0.931469 0.078261 0.069860 0.054688
0 0.893994 0.025312 0.069860 0.054688
0 0.532356 0.929592 0.069860 0.054688
0 0.022700 0.514117 0.069860 0.054688
0 0.142619 0.269715 0.069860 0.054688
0 0.856519 0.974402 0.069860 0.054688
0 0.590444 0.628166 0.069860 0.054688
0 0.075163 0.176033 0.069860 0.054688
0 0.961444 0.224905 0.069860 0.054688
0 0.886494 0.632242 0.069860 0.054688
0 0.056425 0.224905 0.069860 0.054688
0 0.669144 0.526332 0.069860 0.054688
0 0.230688 0.575217 0.069860 0.054688
0 0.849019 0.261562 0.069860 0.054688
0 0.925844 0.273791 0.069860 0.054688
0 0.674762 0.730000 0.069860 0.054688
0 0.498631 0.571141 0.069860 0.054688
0 0.112638 0.127147 0.069860 0.054688
0 0.080787 0.774810 0.069860 0.054688
0 0.423681 0.367473 0.069860 0.054688
0 0.805925 0.530408 0.069860 0.054688
0 0.824662 0.620027 0.069860 0.054688
0 0.556719 0.469307 0.069860 0.054688
0 0.221319 0.265639 0.069860 0.054688
0 0.959575 0.330815 0.069860 0.054688
0 0.719731 0.778886 0.069860 0.054688
0 0.112638 0.322663 0.069860 0.054688
0 0.828412 0.220829 0.069860 0.054688
0 0.637288 0.583356 0.069860 0.054688
0 0.290644 0.571141 0.069860 0.054688
0 0.365594 0.371549 0.069860 0.054688
0 0.982056 0.473383 0.069860 0.054688
0 0.918350 0.884796 0.069860 0.054688
0 0.637288 0.269715 0.069860 0.054688
0 0.251294 0.933668 0.069860 0.054688
0 0.671012 0.925530 0.069860 0.054688
0 0.425556 0.868492 0.069860 0.054688
0 0.667269 0.029389 0.069860 0.054688
0 0.356225 0.074198 0.069860 0.054688
0 0.890244 0.212690 0.069860 0.054688
0 0.813419 0.827758 0.069860 0.054688
0 0.283150 0.978478 0.069860 0.054688
0 0.234431 0.070122 0.069860 0.054688
0 0.185712 0.941821 0.069860 0.054688
0 0.826537 0.933668 0.069860 0.054688
0 0.740344 0.029389 0.069860 0.054688
0 0.890244 0.416359 0.069860 0.054688
0 0.588569 0.171957 0.069860 0.054688
0 0.987681 0.371549 0.069860 0.054688
0 0.009581 0.469307 0.069860 0.054688
0 0.755331 0.428573 0.069860 0.054688
0 0.395575 0.114932 0.069860 0.054688
0 0.065794 0.571141 0.069860 0.054688
0 0.983931 0.978478 0.069860 0.054688
0 0.532356 0.831834 0.069860 0.054688
0 0.253169 0.131223 0.069860 0.054688
0 0.669144 0.640394 0.069860 0.054688
0 0.363719 0.587432 0.069860 0.054688
0 0.626044 0.689266 0.069860 0.054688
0 0.742219 0.937745 0.069860 0.054688
0 0.980181 0.681128 0.069860 0.054688
0 0.573581 0.086413 0.069860 0.054688
0 0.255044 0.424497 0.069860 0.054688
0 0.033944 0.123071 0.069860 0.054688
0 0.440544 0.677052 0.069860 0.054688
0 0.163231 0.982554 0.069860 0.054688
0 0.063919 0.677052 0.069860 0.054688
0 0.757206 0.734076 0.069860 0.054688
0 0.397450 0.628166 0.069860 0.054688
0 0.256919 0.220829 0.069860 0.054688
0 0.922100 0.469307 0.069860 0.054688
0 0.028319 0.017160 0.069860 0.054688
0 0.963319 0.933668 0.069860 0.054688
0 0.850894 0.477459 0.069860 0.054688
0 0.918350 0.782962 0.069860 0.054688
0 0.183844 0.025312 0.069860 0.054688
0 0.712237 0.689266 0.069860 0.054688
0 0.363719 0.884796 0.069860 0.054688
0 0.635412 0.367473 0.069860 0.054688
0 0.654150 0.966264 0.069860 0.054688
0 0.290644 0.473383 0.069860 0.054688
0 0.719731 0.176033 0.069860 0.054688
0 0.562337 0.273791 0.069860 0.054688
0 0.648531 0.782962 0.069860 0.054688
0 0.253169 0.318601 0.069860 0.054688
0 0.318750 0.118995 0.069860 0.054688
0 0.474269 0.725924 0.069860 0.054688
0 0.873381 0.518193 0.069860 0.054688
0 0.779694 0.689266 0.069860 0.054688
0 0.854644 0.884796 0.069860 0.054688
0 0.022700 0.078261 0.069860 0.054688
0 0.532356 0.632242 0.069860 0.054688
0 0.234431 0.970326 0.069860 0.054688
0 0.208200 0.872568 0.069860 0.054688
0 0.226938 0.677052 0.069860 0.054688
0 0.086406 0.880720 0.069860 0.054688
0 0.982056 0.774810 0.069860 0.054688
0 0.101394 0.420435 0.069860 0.054688
0 0.654150 0.163804 0.069860 0.054688
0 0.680381 0.322663 0.069860 0.054688
0 0.270031 0.681128 0.069860 0.054688
0 0.421806 0.974402 0.069860 0.054688
0 0.180094 0.220829 0.069860 0.054688
0 0.772200 0.880720 0.069860 0.054688
0 0.792806 0.579293 0.069860 0.054688
0 0.011456 0.689266 0.069860 0.054688
0 0.219444 0.371549 0.069860 0.054688
0 0.397450 0.322663 0.069860 0.054688
0 0.993300 0.086413 0.069860 0.054688
0 0.093900 0.518193 0.069860 0.054688
0 0.075163 0.363397 0.069860 0.054688
0 0.380581 0.929592 0.069860 0.054688
0 0.181969 0.127147 0.069860 0.054688
0 0.283150 0.070122 0.069860 0.054688
0 0.893994 0.725924 0.069860 0.054688
0 0.108894 0.021236 0.069860 0.054688
0 0.794681 0.273791 0.069860 0.054688
0 0.457406 0.624090 0.069860 0.054688
0 0.530481 0.220829 0.069860 0.054688
0 0.022700 0.624090 0.069860 0.054688
0 0.745962 0.216766 0.069860 0.054688
0 0.637288 0.473383 0.069860 0.054688
0 0.386206 0.025312 0.069860 0.054688
0 0.819044 0.106780 0.069860 0.054688
0 0.968944 0.029389 0.069860 0.054688
0 0.433050 0.485598 0.069860 0.054688
0 0.732850 0.522269 0.069860 0.054688
0 0.564213 0.880720 0.069860 0.054688
0 0.594194 0.326739 0.069860 0.054688
0 0.455531 0.216766 0.069860 0.054688
0 0.035812 0.424497 0.069860 0.054688
0 0.504250 0.795177 0.069860 0.054688
0 0.236306 0.171957 0.069860 0.054688
0 0.603563 0.021236 0.069860 0.054688
0 0.847150 0.778886 0.069860 0.054688
0 0.206325 0.473383 0.069860 0.054688
0 0.980181 0.269715 0.069860 0.054688
0 0.530481 0.717785 0.069860 0.054688
0 0.459281 0.021236 0.069860 0.054688
0 0.603563 0.925530 0.069860 0.054688
0 0.822788 0.730000 0.069860 0.054688
0 0.715987 0.281929 0.069860 0.054688
0 0.101394 0.628166 0.069860 0.054688
0 0.539850 0.029389 0.069860 0.054688
0 0.982056 0.872568 0.069860 0.054688
0 0.714112 0.872568 0.069860 0.054688
0 0.809675 0.424497 0.069860 0.054688
0 0.103269 0.835910 0.069860 0.054688
0 0.077037 0.273791 0.069860 0.054688
0 0.251294 0.624090 0.069860 0.054688
0 0.468650 0.831834 0.069860 0.054688
0 0.324375 0.725924 0.069860 0.054688
0 0.513619 0.522269 0.069860 0.054688
0 0.318750 0.424497 0.069860 0.054688
0 0.940837 0.970326 0.069860 0.054688
0 0.388081 0.416359 0.069860 0.054688
0 0.459281 0.114932 0.069860 0.054688
0 0.020825 0.884796 0.069860 0.054688
0 0.854644 0.082337 0.069860 0.054688
0 0.708487 0.583356 0.069860 0.054688
0 0.135125 0.579293 0.069860 0.054688
0 0.506125 0.880720 0.069860 0.054688
0 0.361844 0.269715 0.069860 0.054688
0 0.144494 0.469307 0.069860 0.054688
0 0.952075 0.632242 0.069860 0.054688
0 0.612931 0.110856 0.069860 0.054688
0 0.496756 0.066046 0.069860 0.054688
0 0.582950 0.974402 0.069860 0.054688
0 0.080787 0.086413 0.069860 0.054688
0 0.976437 0.123071 0.069860 0.054688
0 0.448037 0.326739 0.069860 0.054688
0 0.605431 0.224905 0.069860 0.054688
0 0.206325 0.782962 0.069860 0.054688
0 0.858388 0.176033 0.069860 0.054688
0 0.468650 0.424497 0.069860 0.054688
0 0.513619 0.685190 0.069860 0.054688
0 0.567956 0.778886 0.069860 0.054688
0 0.015206 0.318601 0.069860 0.054688
0 0.502375 0.171957 0.069860 0.054688
0 0.783438 0.485598 0.069860 0.054688
0 0.393700 0.212690 0.069860 0.054688
0 0.017075 0.974402 0.069860 0.054688
0 0.963319 0.420435 0.069860 0.054688
0 0.294394 0.273791 0.069860 0.054688
0 0.442419 0.933668 0.069860 0.054688
0 0.255044 0.730000 0.069860 0.054688
0 0.699119 0.481535 0.069860 0.054688
0 0.729100 0.986630 0.069860 0.054688
0 0.429300 0.778886 0.069860 0.054688
0 0.597938 0.827758 0.069860 0.054688
0 0.461156 0.522269 0.069860 0.054688
0 0.241925 0.514117 0.069860 0.054688
0 0.931469 0.685190 0.069860 0.054688
0 0.131375 0.937745 0.069860 0.054688
0 0.144494 0.677052 0.069860 0.054688
0 0.646656 0.880720 0.069860 0.054688
0 0.596063 0.734076 0.069860 0.054688
0 0.146369 0.371549 0.069860 0.054688
0 0.431175 0.571141 0.069860 0.054688
0 0.567956 0.681128 0.069860 0.054688
0 0.075163 0.477459 0.069860 0.054688
0 0.699119 0.371549 0.069860 0.054688
0 0.676637 0.827758 0.069860 0.054688
0 0.374962 0.677052 0.069860 0.054688
0 0.273781 0.876644 0.069860 0.054688
0 0.562337 0.379701 0.069860 0.054688
0 0.892119 0.322663 0.069860 0.054688
0 0.247550 0.835910 0.069860 0.054688
0 0.661644 0.428573 0.069860 0.054688
0 0.170725 0.611875 0.069860 0.054688
0 0.860263 0.375625 0.069860 0.054688
0 0.989550 0.180095 0.069860 0.054688
0 0.912731 0.579293 0.069860 0.054688
0 0.183844 0.518193 0.069860 0.054688
0 0.753463 0.839986 0.069860 0.054688
0 0.316875 0.518193 0.069860 0.054688
0 0.528613 0.118995 0.069860 0.054688
0 0.393700 0.819620 0.069860 0.054688
0 0.187587 0.318601 0.069860 0.054688
0 0.781569 0.774810 0.069860 0.054688
0 0.742219 0.127147 0.069860 0.054688
0 0.850894 0.685190 0.069860 0.054688
0 0.296269 0.770734 0.069860 0.054688
0 0.740344 0.318601 0.069860 0.054688
0 0.485513 0.465231 0.069860 0.054688
0 0.487388 0.269715 0.069860 0.054688
0 0.798431 0.180095 0.069860 0.054688
0 0.506125 0.974402 0.069860 0.054688
0 0.144494 0.770734 0.069860 0.054688
0 0.180094 0.420435 0.069860 0.054688
0 0.418056 0.074198 0.069860 0.054688
0 0.320625 0.212690 0.069860 0.054688
0 0.648531 0.074198 0.069860 0.054688
0 0.605431 0.522269 0.069860 0.054688
0 0.674762 0.110856 0.069860 0.054688
0 0.391825 0.518193 0.069860 0.054688
0 0.022700 0.933668 0.069860 0.054688
0 0.957700 0.730000 0.069860 0.054688
0 0.013331 0.277867 0.069860 0.054688
0 0.884625 0.123071 0.069860 0.054688
0 0.255044 0.021236 0.069860 0.054688
0 0.118262 0.220829 0.069860 0.054688
0 0.326244 0.017160 0.069860 0.054688
0 0.798431 0.086413 0.069860 0.054688