0 0.848516 0.622571 0.321462 0.062500
0 0.481044 0.893486 0.321462 0.062500
0 0.502735 0.375883 0.321462 0.062500
0 0.153330 0.459590 0.321462 0.062500
0 0.499120 0.452981 0.321462 0.062500
0 0.155738 0.776751 0.321462 0.062500
0 0.155738 0.505836 0.321462 0.062500
0 0.838878 0.122603 0.321462 0.062500
0 0.502735 0.104984 0.321462 0.062500
0 0.155738 0.607161 0.321462 0.062500
0 0.156946 0.278975 0.321462 0.062500
0 0.503934 0.558691 0.321462 0.062500
0 0.153330 0.067539 0.321462 0.062500
0 0.155738 0.556498 0.321462 0.062500
0 0.150923 0.120394 0.321462 0.062500
0 0.485867 0.215110 0.321462 0.062500
0 0.830449 0.014669 0.321462 0.062500
0 0.162968 0.226120 0.321462 0.062500
0 0.841286 0.446372 0.321462 0.062500
0 0.847308 0.668817 0.321462 0.062500
0 0.155738 0.677634 0.321462 0.062500
0 0.855746 0.871451 0.321462 0.062500
0 0.848516 0.228312 0.321462 0.062500
0 0.487066 0.719479 0.321462 0.062500
0 0.503934 0.069732 0.321462 0.062500
0 0.495505 0.622571 0.321462 0.062500
0 0.499120 0.334038 0.321462 0.062500
0 0.842494 0.558691 0.321462 0.062500
0 0.842494 0.501435 0.321462 0.062500
0 0.844901 0.393502 0.321462 0.062500
0 0.503934 0.166656 0.321462 0.062500
0 0.503934 0.023486 0.321462 0.062500
0 0.501527 0.668817 0.321462 0.062500
0 0.159353 0.025694 0.321462 0.062500
0 0.150923 0.408927 0.321462 0.062500
0 0.509957 0.281183 0.321462 0.062500
0 0.840086 0.069732 0.321462 0.062500
0 0.507550 0.501435 0.321462 0.062500
0 0.848516 0.265757 0.321462 0.062500
0 0.152123 0.349464 0.321462 0.062500
0 0.850923 0.719479 0.321462 0.062500
0 0.479836 0.798770 0.321462 0.062500
0 0.852131 0.776751 0.321462 0.062500
0 0.159353 0.177666 0.321462 0.062500
0 0.168991 0.873659 0.321462 0.062500
0 0.155738 0.721688 0.321462 0.062500
0 0.843701 0.331845 0.321462 0.062500
0 0.837670 0.168849 0.321462 0.062500