0 0.435316 0.691138 0.083821 0.086806
0 0.510179 0.289376 0.083821 0.086806
0 0.063626 0.787615 0.083821 0.086806
0 0.699299 0.536752 0.083821 0.086806
0 0.414299 0.215688 0.083821 0.086806
0 0.867418 0.459560 0.083821 0.086806
0 0.508860 0.210422 0.083821 0.086806
0 0.528558 0.984110 0.083821 0.086806
0 0.868736 0.361303 0.083821 0.086806
0 0.699299 0.612183 0.083821 0.086806
0 0.701923 0.689376 0.083821 0.086806
0 0.678283 0.134991 0.083821 0.086806
0 0.519368 0.775339 0.083821 0.086806
0 0.335495 0.545523 0.083821 0.086806
0 0.772857 0.129725 0.083821 0.086806
0 0.690110 0.373578 0.083821 0.086806
0 0.595549 0.373578 0.083821 0.086806
0 0.971168 0.912183 0.083821 0.086806
0 0.258008 0.926220 0.083821 0.086806
0 0.971168 0.685872 0.083821 0.086806
0 0.613929 0.847266 0.083821 0.086806
0 0.420865 0.291138 0.083821 0.086806
0 0.080701 0.540257 0.083821 0.086806
0 0.796497 0.680606 0.083821 0.086806
0 0.599492 0.292881 0.083821 0.086806
0 0.330247 0.054294 0.083821 0.086806
0 0.695357 0.454294 0.083821 0.086806
0 0.615247 0.980606 0.083821 0.086806
0 0.067569 0.934991 0.083821 0.086806
0 0.980371 0.964807 0.083821 0.086806
0 0.860852 0.134991 0.083821 0.086806
0 0.770220 0.057798 0.083821 0.086806
0 0.415618 0.131486 0.083821 0.086806
0 0.961978 0.594642 0.083821 0.086806
0 0.972486 0.754294 0.083821 0.086806
0 0.963297 0.371835 0.083821 0.086806
0 0.145055 0.291138 0.083821 0.086806
0 0.008462 0.626220 0.083821 0.086806
0 0.959354 0.212183 0.083821 0.086806
0 0.807005 0.905174 0.083821 0.086806
0 0.782047 0.296385 0.083821 0.086806
0 0.867418 0.294642 0.083821 0.086806
0 0.411676 0.052532 0.083821 0.086806
0 0.959354 0.285872 0.083821 0.086806
0 0.011085 0.547266 0.083821 0.086806
0 0.683544 0.208679 0.083821 0.086806
0 0.851662 0.050771 0.083821 0.086806
0 0.154245 0.219193 0.083821 0.086806
0 0.595549 0.206917 0.083821 0.086806
0 0.331552 0.387615 0.083821 0.086806
0 0.518049 0.449028 0.083821 0.086806
0 0.507555 0.045523 0.083821 0.086806
0 0.334176 0.775339 0.083821 0.086806
0 0.887115 0.929725 0.083821 0.086806
0 0.070192 0.856037 0.083821 0.086806
0 0.252747 0.985872 0.083821 0.086806
0 0.426113 0.612183 0.083821 0.086806
0 0.771538 0.205156 0.083821 0.086806
0 0.976429 0.824459 0.083821 0.086806
0 0.239615 0.368330 0.083821 0.086806
0 0.884492 0.982367 0.083821 0.086806
0 0.057060 0.287615 0.083821 0.086806
0 0.070192 0.703413 0.083821 0.086806
0 0.416923 0.980606 0.083821 0.086806
0 0.172637 0.447266 0.083821 0.086806
0 0.159505 0.536752 0.083821 0.086806
0 0.432692 0.770073 0.083821 0.086806
0 0.235673 0.298147 0.083821 0.086806
0 0.520687 0.533229 0.083821 0.086806
0 0.339437 0.933229 0.083821 0.086806
0 0.960673 0.438495 0.083821 0.086806
0 0.243558 0.854294 0.083821 0.086806
0 0.238310 0.208679 0.083821 0.086806
0 0.704560 0.773596 0.083821 0.086806
0 0.148997 0.133229 0.083821 0.086806
0 0.256690 0.684110 0.083821 0.086806
0 0.427431 0.845523 0.083821 0.086806
0 0.346003 0.456037 0.083821 0.086806
0 0.518049 0.843761 0.083821 0.086806
0 0.607363 0.454294 0.083821 0.086806
0 0.254066 0.768330 0.083821 0.086806
0 0.594231 0.127963 0.083821 0.086806
0 0.250124 0.054294 0.083821 0.086806
0 0.701923 0.849028 0.083821 0.086806
0 0.152940 0.050771 0.083821 0.086806
0 0.159505 0.617450 0.083821 0.086806
0 0.518049 0.694642 0.083821 0.086806
0 0.609986 0.612183 0.083821 0.086806
0 0.876607 0.685872 0.083821 0.086806
0 0.254066 0.445523 0.083821 0.086806
0 0.427431 0.452532 0.083821 0.086806
0 0.612624 0.773596 0.083821 0.086806
0 0.507555 0.126220 0.083821 0.086806
0 0.704560 0.982367 0.083821 0.086806
0 0.884492 0.854294 0.083821 0.086806
0 0.701923 0.924459 0.083821 0.086806
0 0.507555 0.368330 0.083821 0.086806
0 0.612624 0.926220 0.083821 0.086806
0 0.259313 0.527982 0.083821 0.086806
0 0.427431 0.933229 0.083821 0.086806
0 0.611305 0.531486 0.083821 0.086806
0 0.950165 0.129725 0.083821 0.086806
0 0.323681 0.220954 0.083821 0.086806
0 0.944904 0.045523 0.083821 0.086806
0 0.875302 0.601651 0.083821 0.086806
0 0.155563 0.985872 0.083821 0.086806
0 0.780728 0.375339 0.083821 0.086806
0 0.072816 0.450771 0.083821 0.086806
0 0.885797 0.771835 0.083821 0.086806
0 0.787294 0.524459 0.083821 0.086806
0 0.608681 0.692881 0.083821 0.086806
0 0.518049 0.608679 0.083821 0.086806
0 0.339437 0.691138 0.083821 0.086806
0 0.679602 0.052532 0.083821 0.086806
0 0.791236 0.608679 0.083821 0.086806
0 0.059684 0.375339 0.083821 0.086806
0 0.340755 0.847266 0.083821 0.086806
0 0.430055 0.540257 0.083821 0.086806
0 0.336813 0.620954 0.083821 0.086806
0 0.332871 0.320954 0.083821 0.086806
0 0.795179 0.840257 0.083821 0.086806
0 0.323681 0.136752 0.083821 0.086806
0 0.243558 0.134991 0.083821 0.086806
0 0.595549 0.050771 0.083821 0.086806
0 0.067569 0.054294 0.083821 0.086806
0 0.068874 0.138495 0.083821 0.086806
0 0.871360 0.534991 0.083821 0.086806
0 0.151621 0.377101 0.083821 0.086806
0 0.015027 0.454294 0.083821 0.086806
0 0.071511 0.985872 0.083821 0.086806
0 0.783365 0.443761 0.083821 0.086806
0 0.255385 0.613945 0.083821 0.086806
0 0.336813 0.985872 0.083821 0.086806
0 0.796497 0.761303 0.083821 0.086806
0 0.080701 0.617450 0.083821 0.086806
0 0.521992 0.927982 0.083821 0.086806
0 0.418242 0.375339 0.083821 0.086806
0 0.686168 0.292881 0.083821 0.086806
0 0.803063 0.980606 0.083821 0.086806
0 0.860852 0.199908 0.083821 0.086806
0 0.054437 0.208679 0.083821 0.086806
0 0.952788 0.513945 0.083821 0.086806