0 0.257297 0.358292 0.149341 0.235243
0 0.749734 0.221458 0.149341 0.235243
0 0.438883 0.070583 0.149341 0.235243
0 0.044141 0.337250 0.149341 0.235243
0 0.299734 0.063556 0.149341 0.235243
0 0.800062 0.398653 0.149341 0.235243
0 0.977695 0.360056 0.149341 0.235243
0 0.280000 0.207417 0.149341 0.235243
0 0.728023 0.060056 0.149341 0.235243
0 0.425063 0.249528 0.149341 0.235243
0 0.583945 0.214444 0.149341 0.235243
0 0.380656 0.854792 0.149341 0.235243
0 0.936250 0.177597 0.149341 0.235243
0 0.860266 0.810931 0.149341 0.235243
0 0.209930 0.567069 0.149341 0.235243
0 0.036250 0.572333 0.149341 0.235243
0 0.584930 0.060056 0.149341 0.235243
0 0.848422 0.588125 0.149341 0.235243
0 0.131969 0.053028 0.149341 0.235243
0 0.895789 0.046014 0.149341 0.235243
0 0.084602 0.212681 0.149341 0.235243
0 0.400391 0.498653 0.149341 0.235243
0 0.176375 0.814444 0.149341 0.235243
0 0.642172 0.384611 0.149341 0.235243
0 0.638219 0.595139 0.149341 0.235243