0 0.612660 0.204701 0.038841 0.081597
0 0.578480 0.166317 0.038841 0.081597
0 0.499380 0.599491 0.038841 0.081597
0 0.723140 0.190988 0.038841 0.081597
0 0.537580 0.294251 0.038841 0.081597
0 0.578480 0.076766 0.038841 0.081597
0 0.141440 0.729192 0.038841 0.081597
0 0.532080 0.348174 0.038841 0.081597
0 0.729860 0.321677 0.038841 0.081597
0 0.128020 0.268653 0.038841 0.081597
0 0.529640 0.383802 0.038841 0.081597
0 0.680420 0.407545 0.038841 0.081597
0 0.516220 0.305210 0.038841 0.081597
0 0.303200 0.692635 0.038841 0.081597
0 0.643180 0.341766 0.038841 0.081597
0 0.239720 0.696287 0.038841 0.081597
0 0.776200 0.034341 0.038841 0.081597
0 0.837280 0.080419 0.038841 0.081597
0 0.624260 0.263174 0.038841 0.081597
0 0.390480 0.695389 0.038841 0.081597
0 0.411240 0.641467 0.038841 0.081597
0 0.930660 0.318922 0.038841 0.081597
0 0.166460 0.720060 0.038841 0.081597
0 0.471040 0.358204 0.038841 0.081597
0 0.428320 0.181856 0.038841 0.081597
0 0.238500 0.095060 0.038841 0.081597
0 0.972180 0.265000 0.038841 0.081597
0 0.483860 0.142575 0.038841 0.081597
0 0.451520 0.540958 0.038841 0.081597
0 0.829960 0.359132 0.038841 0.081597
0 0.203700 0.334461 0.038841 0.081597
0 0.734740 0.515389 0.038841 0.081597
0 0.565040 0.316168 0.038841 0.081597
0 0.048660 0.521766 0.038841 0.081597
0 0.430020 0.025539 0.038841 0.081597
0 0.372160 0.535479 0.038841 0.081597
0 0.173800 0.679850 0.038841 0.081597
0 0.710320 0.117904 0.038841 0.081597
0 0.560160 0.470599 0.038841 0.081597
0 0.689060 0.046677 0.038841 0.081597
0 0.894040 0.125210 0.038841 0.081597
0 0.313560 0.747455 0.038841 0.081597
0 0.605340 0.331707 0.038841 0.081597
0 0.959360 0.148952 0.038841 0.081597
0 0.408180 0.339012 0.038841 0.081597
0 0.850100 0.186437 0.038841 0.081597
0 0.007760 0.477006 0.038841 0.081597
0 0.607820 0.010269 0.038841 0.081597
0 0.425280 0.079521 0.038841 0.081597
0 0.162200 0.283293 0.038841 0.081597
0 0.376440 0.226647 0.038841 0.081597
0 0.918460 0.234850 0.038841 0.081597
0 0.647460 0.419431 0.038841 0.081597
0 0.488640 0.519072 0.038841 0.081597
0 0.989880 0.394760 0.038841 0.081597
0 0.883060 0.373743 0.038841 0.081597
0 0.762820 0.276886 0.038841 0.081597
0 0.996600 0.184611 0.038841 0.081597
0 0.585200 0.332635 0.038841 0.081597
0 0.366680 0.729192 0.038841 0.081597
0 0.751220 0.190090 0.038841 0.081597
0 0.216520 0.633263 0.038841 0.081597
0 0.047440 0.603084 0.038841 0.081597
0 0.845220 0.136168 0.038841 0.081597
0 0.391700 0.656108 0.038841 0.081597
0 0.834840 0.272305 0.038841 0.081597
0 0.269580 0.046407 0.038841 0.081597
0 0.809200 0.498922 0.038841 0.081597
0 0.781120 0.464222 0.038841 0.081597
0 0.957400 0.300599 0.038841 0.081597
0 0.211020 0.684431 0.038841 0.081597
0 0.676140 0.333533 0.038841 0.081597
0 0.348980 0.359132 0.038841 0.081597
0 0.308680 0.295150 0.038841 0.081597
0 0.084680 0.438623 0.038841 0.081597
0 0.797600 0.282365 0.038841 0.081597
0 0.210780 0.019311 0.038841 0.081597
0 0.381940 0.502575 0.038841 0.081597
0 0.916660 0.007455 0.038841 0.081597
0 0.533300 0.507156 0.038841 0.081597
0 0.711540 0.508054 0.038841 0.081597
0 0.907480 0.080419 0.038841 0.081597
0 0.546120 0.487036 0.038841 0.081597
0 0.908080 0.456886 0.038841 0.081597
0 0.363620 0.283293 0.038841 0.081597
0 0.124340 0.221138 0.038841 0.081597
0 0.206140 0.737425 0.038841 0.081597
0 0.289160 0.120629 0.038841 0.081597
0 0.728020 0.234850 0.038841 0.081597
0 0.808600 0.086826 0.038841 0.081597
0 0.594960 0.140749 0.038841 0.081597
0 0.374600 0.254970 0.038841 0.081597
0 0.892120 0.013802 0.038841 0.081597
0 0.695060 0.348174 0.038841 0.081597
0 0.541860 0.416707 0.038841 0.081597
0 0.139600 0.763922 0.038841 0.081597
0 0.317240 0.402066 0.038841 0.081597
0 0.226900 0.748383 0.038841 0.081597
0 0.869020 0.679850 0.038841 0.081597
0 0.869640 0.392934 0.038841 0.081597
0 0.350980 0.026946 0.038841 0.081597
0 0.835600 0.217964 0.038841 0.081597
0 0.959960 0.072216 0.038841 0.081597
0 0.278160 0.491617 0.038841 0.081597
0 0.621200 0.309790 0.038841 0.081597
0 0.966680 0.449581 0.038841 0.081597
0 0.691400 0.490719 0.038841 0.081597
0 0.494860 0.312515 0.038841 0.081597
0 0.806760 0.391108 0.038841 0.081597
0 0.552240 0.382874 0.038841 0.081597
0 0.464220 0.405030 0.038841 0.081597
0 0.334320 0.754790 0.038841 0.081597
0 0.871460 0.597605 0.038841 0.081597
0 0.766480 0.504401 0.038841 0.081597
0 0.380720 0.356377 0.038841 0.081597
0 0.980720 0.212006 0.038841 0.081597
0 0.315400 0.160838 0.038841 0.081597
0 0.258640 0.084072 0.038841 0.081597
0 0.334940 0.459641 0.038841 0.081597
0 0.444200 0.261347 0.038841 0.081597
0 0.865640 0.008443 0.038841 0.081597
0 0.954480 0.391108 0.038841 0.081597
0 0.518040 0.416707 0.038841 0.081597
0 0.319680 0.503503 0.038841 0.081597
0 0.944700 0.216587 0.038841 0.081597
0 0.856200 0.416707 0.038841 0.081597
0 0.950020 0.022605 0.038841 0.081597
0 0.922120 0.630509 0.038841 0.081597