0 0.842750 0.678422 0.093750 0.094618
0 0.266719 0.310000 0.093750 0.094618
0 0.556187 0.399172 0.093750 0.094618
0 0.344203 0.782219 0.093750 0.094618
0 0.763797 0.679875 0.093750 0.094618
0 0.171687 0.853859 0.093750 0.094618
0 0.948016 0.399172 0.093750 0.094618
0 0.945078 0.254437 0.093750 0.094618
0 0.196547 0.241281 0.093750 0.094618
0 0.794500 0.329000 0.093750 0.094618
0 0.728703 0.858234 0.093750 0.094618
0 0.265266 0.777828 0.093750 0.094618
0 0.450937 0.861172 0.093750 0.094618
0 0.168766 0.675500 0.093750 0.094618
0 0.564969 0.248594 0.093750 0.094618
0 0.186312 0.374328 0.093750 0.094618
0 0.876375 0.254437 0.093750 0.094618
0 0.548891 0.769062 0.093750 0.094618
0 0.714094 0.257359 0.093750 0.094618
0 0.252109 0.862625 0.093750 0.094618
0 0.415844 0.390406 0.093750 0.094618
0 0.083969 0.852391 0.093750 0.094618
0 0.953859 0.331922 0.093750 0.094618
0 0.133687 0.304141 0.093750 0.094618
0 0.816422 0.766141 0.093750 0.094618
0 0.347125 0.317312 0.093750 0.094618
0 0.926078 0.858234 0.093750 0.094618
0 0.366141 0.671109 0.093750 0.094618
0 0.072281 0.305609 0.093750 0.094618
0 0.929000 0.687187 0.093750 0.094618
0 0.333969 0.855313 0.093750 0.094618
0 0.559125 0.679875 0.093750 0.094618
0 0.260875 0.672563 0.093750 0.094618
0 0.139531 0.245672 0.093750 0.094618
0 0.281344 0.241281 0.093750 0.094618
0 0.338359 0.384562 0.093750 0.094618
0 0.130750 0.374328 0.093750 0.094618
0 0.651219 0.247125 0.093750 0.094618
0 0.645375 0.769062 0.093750 0.094618
0 0.633687 0.397719 0.093750 0.094618
0 0.060578 0.669641 0.093750 0.094618
0 0.541578 0.856781 0.093750 0.094618
0 0.793031 0.248594 0.093750 0.094618
0 0.069359 0.241281 0.093750 0.094618
0 0.455312 0.678422 0.093750 0.094618
0 0.738938 0.774906 0.093750 0.094618
0 0.426078 0.320234 0.093750 0.094618
0 0.266719 0.380172 0.093750 0.094618
0 0.059125 0.369937 0.093750 0.094618
0 0.417312 0.245672 0.093750 0.094618
0 0.171687 0.777828 0.093750 0.094618
0 0.480172 0.386016 0.093750 0.094618
0 0.933391 0.764672 0.093750 0.094618
0 0.708234 0.400641 0.093750 0.094618
0 0.556187 0.326078 0.093750 0.094618
0 0.655609 0.679875 0.093750 0.094618
0 0.873453 0.331922 0.093750 0.094618
0 0.493328 0.248594 0.093750 0.094618
0 0.639531 0.323156 0.093750 0.094618
0 0.635141 0.848016 0.093750 0.094618
0 0.819359 0.855313 0.093750 0.094618
0 0.347125 0.242750 0.093750 0.094618
0 0.858828 0.406484 0.093750 0.094618
0 0.478703 0.327547 0.093750 0.094618
0 0.803266 0.406484 0.093750 0.094618
0 0.728703 0.327547 0.093750 0.094618
0 0.081047 0.763219 0.093750 0.094618
0 0.442156 0.771984 0.093750 0.094618
0 0.195078 0.311453 0.093750 0.094618