0 0.287596 0.728073 0.052189 0.064236
0 0.141009 0.410826 0.052189 0.064236
0 0.696172 0.684220 0.052189 0.064236
0 0.106024 0.679817 0.052189 0.064236
0 0.485252 0.124266 0.052189 0.064236
0 0.308398 0.410826 0.052189 0.064236
0 0.331098 0.859633 0.052189 0.064236
0 0.256380 0.619908 0.052189 0.064236
0 0.693323 0.434220 0.052189 0.064236
0 0.524036 0.472248 0.052189 0.064236
0 0.115490 0.611101 0.052189 0.064236
0 0.205312 0.565780 0.052189 0.064236
0 0.284777 0.840642 0.052189 0.064236
0 0.647923 0.288028 0.052189 0.064236
0 0.471068 0.906422 0.052189 0.064236
0 0.853145 0.855275 0.052189 0.064236
0 0.612938 0.630138 0.052189 0.064236
0 0.612938 0.859633 0.052189 0.064236
0 0.077656 0.565780 0.052189 0.064236
0 0.681988 0.239771 0.052189 0.064236
0 0.657389 0.673991 0.052189 0.064236
0 0.803976 0.793853 0.052189 0.064236
0 0.442700 0.331881 0.052189 0.064236
0 0.523086 0.523394 0.052189 0.064236
0 0.349080 0.562890 0.052189 0.064236
0 0.382166 0.739771 0.052189 0.064236
0 0.849377 0.327477 0.052189 0.064236
0 0.235579 0.843578 0.052189 0.064236
0 0.044540 0.837706 0.052189 0.064236
0 0.760475 0.238303 0.052189 0.064236
0 0.606320 0.578945 0.052189 0.064236
0 0.837062 0.625734 0.052189 0.064236
0 0.809644 0.330413 0.052189 0.064236
0 0.691424 0.530688 0.052189 0.064236
0 0.480534 0.668119 0.052189 0.064236
0 0.520267 0.252936 0.052189 0.064236
0 0.390682 0.375734 0.052189 0.064236
0 0.331098 0.733945 0.052189 0.064236
0 0.251662 0.561422 0.052189 0.064236
0 0.695223 0.568716 0.052189 0.064236
0 0.155193 0.279266 0.052189 0.064236
0 0.129674 0.194450 0.052189 0.064236
0 0.607270 0.375734 0.052189 0.064236
0 0.472018 0.853807 0.052189 0.064236
0 0.629970 0.051193 0.052189 0.064236
0 0.436083 0.511697 0.052189 0.064236
0 0.232760 0.788028 0.052189 0.064236
0 0.480534 0.419587 0.052189 0.064236
0 0.426617 0.792385 0.052189 0.064236
0 0.755757 0.153532 0.052189 0.064236
0 0.653591 0.630138 0.052189 0.064236
0 0.228961 0.368440 0.052189 0.064236
0 0.430415 0.729541 0.052189 0.064236
0 0.693323 0.469312 0.052189 0.064236
0 0.208160 0.616972 0.052189 0.064236
0 0.480534 0.334817 0.052189 0.064236
0 0.525935 0.785092 0.052189 0.064236
0 0.731157 0.295321 0.052189 0.064236
0 0.484303 0.241239 0.052189 0.064236
0 0.263947 0.416651 0.052189 0.064236
0 0.284777 0.896193 0.052189 0.064236
0 0.135341 0.467844 0.052189 0.064236
0 0.479585 0.624266 0.052189 0.064236
0 0.525935 0.621330 0.052189 0.064236
0 0.837062 0.198853 0.052189 0.064236
0 0.200593 0.270459 0.052189 0.064236
0 0.058724 0.720780 0.052189 0.064236
0 0.196825 0.722248 0.052189 0.064236
0 0.256380 0.157890 0.052189 0.064236
0 0.437033 0.377202 0.052189 0.064236
0 0.488101 0.162294 0.052189 0.064236
0 0.523086 0.577477 0.052189 0.064236
0 0.528754 0.160826 0.052189 0.064236
0 0.060623 0.679817 0.052189 0.064236
0 0.784125 0.055550 0.052189 0.064236
0 0.682908 0.301193 0.052189 0.064236
0 0.170326 0.195917 0.052189 0.064236
0 0.188309 0.771927 0.052189 0.064236
0 0.391632 0.472248 0.052189 0.064236
0 0.695223 0.631606 0.052189 0.064236
0 0.807745 0.293853 0.052189 0.064236
0 0.199644 0.668119 0.052189 0.064236
0 0.665905 0.858211 0.052189 0.064236
0 0.216677 0.156422 0.052189 0.064236
0 0.641306 0.119908 0.052189 0.064236
0 0.620504 0.798257 0.052189 0.064236
0 0.565638 0.523394 0.052189 0.064236
0 0.846528 0.741239 0.052189 0.064236
0 0.894777 0.802661 0.052189 0.064236
0 0.564718 0.326009 0.052189 0.064236
0 0.604421 0.523394 0.052189 0.064236
0 0.568487 0.286560 0.052189 0.064236
0 0.756677 0.200321 0.052189 0.064236
0 0.890030 0.695917 0.052189 0.064236
0 0.646973 0.576009 0.052189 0.064236
0 0.222344 0.081881 0.052189 0.064236
0 0.527834 0.090642 0.052189 0.064236
0 0.340564 0.612569 0.052189 0.064236
0 0.236528 0.328945 0.052189 0.064236
0 0.278160 0.282156 0.052189 0.064236
0 0.150475 0.317248 0.052189 0.064236
0 0.475816 0.726606 0.052189 0.064236
0 0.751009 0.090642 0.052189 0.064236
0 0.445549 0.046789 0.052189 0.064236
0 0.247893 0.191514 0.052189 0.064236
0 0.674421 0.054083 0.052189 0.064236
0 0.646024 0.244174 0.052189 0.064236
0 0.212878 0.198853 0.052189 0.064236
0 0.221395 0.464908 0.052189 0.064236
0 0.267745 0.046789 0.052189 0.064236
0 0.792641 0.690046 0.052189 0.064236
0 0.480534 0.285092 0.052189 0.064236
0 0.523086 0.368440 0.052189 0.064236
0 0.718872 0.121330 0.052189 0.064236
0 0.577003 0.739771 0.052189 0.064236
0 0.265846 0.473670 0.052189 0.064236
0 0.258279 0.118440 0.052189 0.064236
0 0.559970 0.247064 0.052189 0.064236
0 0.404866 0.172523 0.052189 0.064236
0 0.438932 0.423991 0.052189 0.064236
0 0.473917 0.789495 0.052189 0.064236
0 0.423798 0.855275 0.052189 0.064236
0 0.264896 0.084817 0.052189 0.064236
0 0.691424 0.381606 0.052189 0.064236
0 0.605371 0.333349 0.052189 0.064236
0 0.481484 0.374266 0.052189 0.064236
0 0.083323 0.517569 0.052189 0.064236
0 0.229911 0.893303 0.052189 0.064236
0 0.710356 0.058486 0.052189 0.064236
0 0.715074 0.095046 0.052189 0.064236
0 0.744392 0.054083 0.052189 0.064236
0 0.144807 0.726606 0.052189 0.064236
0 0.736825 0.383028 0.052189 0.064236
0 0.675341 0.165229 0.052189 0.064236
0 0.749110 0.776330 0.052189 0.064236
0 0.315015 0.279266 0.052189 0.064236
0 0.690475 0.339174 0.052189 0.064236
0 0.296113 0.555550 0.052189 0.064236
0 0.700890 0.802661 0.052189 0.064236
0 0.786944 0.125734 0.052189 0.064236
0 0.483383 0.081881 0.052189 0.064236
0 0.384065 0.685688 0.052189 0.064236
0 0.652671 0.513165 0.052189 0.064236
0 0.794510 0.638899 0.052189 0.064236
0 0.484303 0.195917 0.052189 0.064236
0 0.659288 0.744174 0.052189 0.064236
0 0.577953 0.687156 0.052189 0.064236
0 0.355697 0.285092 0.052189 0.064236
0 0.397300 0.321651 0.052189 0.064236
0 0.254510 0.669587 0.052189 0.064236
0 0.525935 0.207615 0.052189 0.064236
0 0.300831 0.116972 0.052189 0.064236
0 0.123976 0.562890 0.052189 0.064236
0 0.126825 0.508761 0.052189 0.064236
0 0.069139 0.621330 0.052189 0.064236
0 0.163709 0.614037 0.052189 0.064236
0 0.799258 0.203211 0.052189 0.064236
0 0.350030 0.514633 0.052189 0.064236
0 0.564718 0.157890 0.052189 0.064236
0 0.565638 0.380138 0.052189 0.064236
0 0.125875 0.239771 0.052189 0.064236
0 0.612938 0.467844 0.052189 0.064236
0 0.174125 0.899128 0.052189 0.064236
0 0.521187 0.289495 0.052189 0.064236
0 0.751958 0.739771 0.052189 0.064236
0 0.336795 0.673991 0.052189 0.064236
0 0.524985 0.742706 0.052189 0.064236
0 0.420000 0.918119 0.052189 0.064236
0 0.566588 0.467844 0.052189 0.064236
0 0.371780 0.907890 0.052189 0.064236
0 0.220445 0.410826 0.052189 0.064236
0 0.846528 0.290963 0.052189 0.064236
0 0.442700 0.089174 0.052189 0.064236
0 0.391632 0.425459 0.052189 0.064236
0 0.350979 0.426927 0.052189 0.064236
0 0.434184 0.624266 0.052189 0.064236
0 0.748190 0.630138 0.052189 0.064236
0 0.132493 0.782156 0.052189 0.064236
0 0.572255 0.905000 0.052189 0.064236
0 0.765193 0.283624 0.052189 0.064236
0 0.158042 0.678349 0.052189 0.064236
0 0.220445 0.114037 0.052189 0.064236
0 0.787893 0.163761 0.052189 0.064236
0 0.181691 0.831881 0.052189 0.064236
0 0.675341 0.090642 0.052189 0.064236
0 0.276261 0.375734 0.052189 0.064236
0 0.565638 0.204679 0.052189 0.064236
0 0.525935 0.049725 0.052189 0.064236
0 0.881513 0.638899 0.052189 0.064236
0 0.751009 0.672523 0.052189 0.064236
0 0.529703 0.687156 0.052189 0.064236
0 0.890979 0.742706 0.052189 0.064236
0 0.314095 0.326009 0.052189 0.064236
0 0.608220 0.426927 0.052189 0.064236
0 0.302730 0.042385 0.052189 0.064236
0 0.518368 0.858211 0.052189 0.064236
0 0.524985 0.119908 0.052189 0.064236
0 0.718872 0.163761 0.052189 0.064236
0 0.404866 0.286560 0.052189 0.064236
0 0.524985 0.326009 0.052189 0.064236
0 0.838012 0.254404 0.052189 0.064236
0 0.482433 0.043853 0.052189 0.064236
0 0.350030 0.372798 0.052189 0.064236
0 0.442700 0.472248 0.052189 0.064236
0 0.427567 0.673991 0.052189 0.064236
0 0.777507 0.434220 0.052189 0.064236
0 0.195875 0.320183 0.052189 0.064236
0 0.162760 0.235367 0.052189 0.064236
0 0.702789 0.742706 0.052189 0.064236
0 0.480534 0.567248 0.052189 0.064236
0 0.385964 0.618440 0.052189 0.064236
0 0.803027 0.241239 0.052189 0.064236
0 0.847478 0.684220 0.052189 0.064236
0 0.481484 0.511697 0.052189 0.064236
0 0.437033 0.194450 0.052189 0.064236
0 0.302730 0.084817 0.052189 0.064236
0 0.599703 0.242706 0.052189 0.064236
0 0.190178 0.368440 0.052189 0.064236
0 0.228012 0.043853 0.052189 0.064236
0 0.643205 0.203211 0.052189 0.064236
0 0.603472 0.290963 0.052189 0.064236
0 0.441751 0.239771 0.052189 0.064236
0 0.354748 0.333349 0.052189 0.064236
0 0.607270 0.124266 0.052189 0.064236
0 0.151424 0.080413 0.052189 0.064236
0 0.334896 0.115505 0.052189 0.064236
0 0.733976 0.339174 0.052189 0.064236
0 0.571335 0.630138 0.052189 0.064236
0 0.177893 0.165229 0.052189 0.064236
0 0.132493 0.842110 0.052189 0.064236
0 0.650772 0.328945 0.052189 0.064236
0 0.263027 0.510229 0.052189 0.064236
0 0.175074 0.507339 0.052189 0.064236
0 0.244095 0.228073 0.052189 0.064236
0 0.144807 0.369908 0.052189 0.064236
0 0.855045 0.372798 0.052189 0.064236
0 0.746291 0.584817 0.052189 0.064236
0 0.334896 0.153532 0.052189 0.064236
0 0.387864 0.518991 0.052189 0.064236
0 0.801128 0.742706 0.052189 0.064236
0 0.810593 0.375734 0.052189 0.064236
0 0.186409 0.418119 0.052189 0.064236
0 0.803976 0.858211 0.052189 0.064236
0 0.575104 0.795321 0.052189 0.064236