0 0.915548 0.221781 0.107422 0.151693
0 0.525531 0.253356 0.107422 0.151693
0 0.467123 0.259658 0.107422 0.151693
0 0.107123 0.501781 0.107422 0.151693
0 0.890274 0.569132 0.107422 0.151693
0 0.871336 0.745982 0.107422 0.151693
0 0.639229 0.293356 0.107422 0.151693
0 0.784486 0.939658 0.107422 0.151693
0 0.056592 0.356507 0.107422 0.151693
0 0.042380 0.558607 0.107422 0.151693
0 0.697637 0.941781 0.107422 0.151693
0 0.405531 0.472306 0.107422 0.151693
0 0.358168 0.322831 0.107422 0.151693
0 0.340805 0.927032 0.107422 0.151693
0 0.628168 0.194406 0.107422 0.151693
0 0.544486 0.745982 0.107422 0.151693
0 0.377123 0.594406 0.107422 0.151693
0 0.377123 0.796507 0.107422 0.151693
0 0.039229 0.623881 0.107422 0.151693
0 0.752911 0.219658 0.107422 0.151693
0 0.018699 0.352306 0.107422 0.151693
0 0.039229 0.463881 0.107422 0.151693
0 0.247637 0.514406 0.107422 0.151693
0 0.135531 0.788082 0.107422 0.151693
0 0.137123 0.310183 0.107422 0.151693
0 0.353442 0.270183 0.107422 0.151693
0 0.767123 0.577557 0.107422 0.151693
0 0.250805 0.444932 0.107422 0.151693
0 0.272911 0.750183 0.107422 0.151693
0 0.827123 0.207032 0.107422 0.151693
0 0.159229 0.501781 0.107422 0.151693
0 0.025017 0.735457 0.107422 0.151693
0 0.492380 0.590183 0.107422 0.151693
0 0.648699 0.701781 0.107422 0.151693
0 0.171849 0.903881 0.107422 0.151693
0 0.896592 0.451256 0.107422 0.151693
0 0.962911 0.733356 0.107422 0.151693
0 0.343955 0.463881 0.107422 0.151693
0 0.124486 0.905982 0.107422 0.151693
0 0.899743 0.927032 0.107422 0.151693
0 0.883955 0.345982 0.107422 0.151693
0 0.059743 0.743881 0.107422 0.151693
0 0.042380 0.863881 0.107422 0.151693
0 0.279229 0.305982 0.107422 0.151693
0 0.397637 0.933356 0.107422 0.151693
0 0.602911 0.444932 0.107422 0.151693
0 0.669229 0.432306 0.107422 0.151693
0 0.754486 0.417557 0.107422 0.151693
0 0.626592 0.939658 0.107422 0.151693
0 0.482911 0.407032 0.107422 0.151693
0 0.498699 0.905982 0.107422 0.151693
0 0.505017 0.497557 0.107422 0.151693
0 0.373955 0.720708 0.107422 0.151693
0 0.220805 0.750183 0.107422 0.151693
0 0.143425 0.615457 0.107422 0.151693
0 0.463955 0.739658 0.107422 0.151693
0 0.655017 0.583881 0.107422 0.151693
0 0.913955 0.990183 0.107422 0.151693
0 0.770274 0.733356 0.107422 0.151693
0 0.509743 0.979658 0.107422 0.151693
0 0.140274 0.716507 0.107422 0.151693
0 0.219229 0.322831 0.107422 0.151693
0 0.263425 0.889132 0.107422 0.151693
0 0.250805 0.602831 0.107422 0.151693
0 0.137123 0.373356 0.107422 0.151693
0 0.655017 0.790183 0.107422 0.151693