0 0.498750 0.694900 0.073785 0.208333
0 0.423337 0.461600 0.073785 0.208333
0 0.639100 0.504600 0.073785 0.208333
0 0.694050 0.735113 0.073785 0.208333
0 0.798462 0.535550 0.073785 0.208333
0 0.785787 0.750587 0.073785 0.208333
0 0.610225 0.498875 0.073785 0.208333
0 0.696850 0.516537 0.073785 0.208333
0 0.362062 0.451000 0.073785 0.208333
0 0.324650 0.441737 0.073785 0.208333
0 0.437475 0.682962 0.073785 0.208333
0 0.765325 0.532750 0.073785 0.208333
0 0.151900 0.618762 0.073785 0.208333
0 0.828800 0.543350 0.073785 0.208333
0 0.464888 0.686500 0.073785 0.208333
0 0.123750 0.611688 0.073785 0.208333
0 0.601700 0.714637 0.073785 0.208333
0 0.448675 0.470000 0.073785 0.208333
0 0.665913 0.510937 0.073785 0.208333
0 0.858400 0.548950 0.073785 0.208333
0 0.231575 0.422000 0.073785 0.208333
0 0.890075 0.555288 0.073785 0.208333
0 0.207575 0.413587 0.073785 0.208333
0 0.391662 0.455875 0.073785 0.208333
0 0.723050 0.742913 0.073785 0.208333
0 0.091950 0.605363 0.073785 0.208333
0 0.856212 0.761188 0.073785 0.208333
0 0.374000 0.666762 0.073785 0.208333
0 0.315512 0.655425 0.073785 0.208333
0 0.217437 0.633625 0.073785 0.208333
0 0.268250 0.427000 0.073785 0.208333
0 0.182237 0.626563 0.073785 0.208333
0 0.578438 0.494737 0.073785 0.208333
0 0.758988 0.747775 0.073785 0.208333
0 0.146900 0.398362 0.073785 0.208333
0 0.346463 0.661038 0.073785 0.208333
0 0.636300 0.720975 0.073785 0.208333
0 0.822338 0.756912 0.073785 0.208333
0 0.251312 0.639225 0.073785 0.208333
0 0.298588 0.434063 0.073785 0.208333
0 0.666637 0.733037 0.073785 0.208333
0 0.513612 0.479137 0.073785 0.208333
0 0.177362 0.414200 0.073785 0.208333
0 0.479750 0.474875 0.073785 0.208333
0 0.538225 0.702700 0.073785 0.208333
0 0.570025 0.709037 0.073785 0.208333
0 0.280187 0.646900 0.073785 0.208333
0 0.731450 0.524950 0.073785 0.208333
0 0.546750 0.487662 0.073785 0.208333
0 0.405675 0.674437 0.073785 0.208333