0 0.955010 0.622213 0.076321 0.095486
0 0.605952 0.614587 0.076321 0.095486
0 0.467475 0.273467 0.076321 0.095486
0 0.254609 0.418133 0.076321 0.095486
0 0.423988 0.364827 0.076321 0.095486
0 0.391944 0.494267 0.076321 0.095486
0 0.594509 0.271920 0.076321 0.095486
0 0.662024 0.495787 0.076321 0.095486
0 0.909238 0.268880 0.076321 0.095486
0 0.106954 0.642000 0.076321 0.095486
0 0.256894 0.320667 0.076321 0.095486
0 0.691784 0.290213 0.076321 0.095486
0 0.593367 0.331333 0.076321 0.095486
0 0.565892 0.418133 0.076321 0.095486
0 0.648297 0.418133 0.076321 0.095486
0 0.225992 0.619147 0.076321 0.095486
0 0.011964 0.616107 0.076321 0.095486
0 0.956152 0.271920 0.076321 0.095486
0 0.562465 0.268880 0.076321 0.095486
0 0.292365 0.296293 0.076321 0.095486
0 0.872605 0.345040 0.076321 0.095486
0 0.929840 0.290213 0.076321 0.095486
0 0.845150 0.492747 0.076321 0.095486
0 0.486934 0.421173 0.076321 0.095486
0 0.377054 0.320667 0.076321 0.095486
0 0.732986 0.620667 0.076321 0.095486
0 0.570481 0.492747 0.076321 0.095486
0 0.483487 0.495787 0.076321 0.095486
0 0.217976 0.355680 0.076321 0.095486
0 0.982485 0.335893 0.076321 0.095486
0 0.554449 0.366347 0.076321 0.095486
0 0.492645 0.290213 0.076321 0.095486
0 0.330140 0.270400 0.076321 0.095486
0 0.743287 0.363307 0.076321 0.095486
0 0.378196 0.278027 0.076321 0.095486
0 0.339299 0.294773 0.076321 0.095486
0 0.639138 0.294773 0.076321 0.095486
0 0.980200 0.296293 0.076321 0.095486
0 0.405671 0.418133 0.076321 0.095486
0 0.491503 0.363307 0.076321 0.095486
0 0.818818 0.270400 0.076321 0.095486
0 0.865752 0.270400 0.076321 0.095486
0 0.187074 0.503413 0.076321 0.095486
0 0.483487 0.614587 0.076321 0.095486
0 0.365611 0.625253 0.076321 0.095486
0 0.776473 0.270400 0.076321 0.095486
0 0.355311 0.352640 0.076321 0.095486
0 0.652886 0.325227 0.076321 0.095486
0 0.514389 0.276507 0.076321 0.095486
0 0.927555 0.366347 0.076321 0.095486
0 0.845150 0.625253 0.076321 0.095486
0 0.988196 0.358747 0.076321 0.095486
0 0.781062 0.408987 0.076321 0.095486
0 0.618537 0.367867 0.076321 0.095486
0 0.760461 0.497333 0.076321 0.095486
0 0.296954 0.360267 0.076321 0.095486
0 0.832565 0.302400 0.076321 0.095486
0 0.286653 0.486667 0.076321 0.095486
0 0.735271 0.278027 0.076321 0.095486
0 0.593367 0.296293 0.076321 0.095486
0 0.708958 0.328267 0.076321 0.095486
0 0.430842 0.326747 0.076321 0.095486
0 0.166473 0.418133 0.076321 0.095486
0 0.442285 0.296293 0.076321 0.095486
0 0.322124 0.329813 0.076321 0.095486
0 0.328998 0.412027 0.076321 0.095486
0 0.993928 0.425733 0.076321 0.095486
0 0.428557 0.268880 0.076321 0.095486
0 0.649439 0.270400 0.076321 0.095486
0 0.489218 0.313040 0.076321 0.095486
0 0.539579 0.296293 0.076321 0.095486
0 0.687214 0.273467 0.076321 0.095486
0 0.718116 0.416613 0.076321 0.095486
0 0.093226 0.497333 0.076321 0.095486
0 0.930982 0.325227 0.076321 0.095486
0 0.545291 0.323707 0.076321 0.095486
0 0.393086 0.294773 0.076321 0.095486
0 0.678056 0.366347 0.076321 0.095486
0 0.872605 0.296293 0.076321 0.095486