0 0.813036 0.607709 0.153595 0.095486
0 0.519586 0.066981 0.153595 0.095486
0 0.101622 0.289416 0.153595 0.095486
0 0.375847 0.829517 0.153595 0.095486
0 0.530982 0.494928 0.153595 0.095486
0 0.574856 0.820742 0.153595 0.095486
0 0.199667 0.073069 0.153595 0.095486
0 0.646937 0.266859 0.153595 0.095486
0 0.850640 0.372125 0.153595 0.095486
0 0.197207 0.493674 0.153595 0.095486
0 0.306901 0.181650 0.153595 0.095486
0 0.294360 0.932277 0.153595 0.095486
0 0.410324 0.491174 0.153595 0.095486
0 0.642234 0.402197 0.153595 0.095486
0 0.839676 0.269366 0.153595 0.095486
0 0.358613 0.598941 0.153595 0.095486
0 0.552919 0.912226 0.153595 0.095486
0 0.718910 0.074085 0.153595 0.095486
0 0.845937 0.456081 0.153595 0.095486
0 0.740955 0.167860 0.153595 0.095486
0 0.045216 0.285656 0.153595 0.095486
0 0.703342 0.602702 0.153595 0.095486
0 0.424423 0.270620 0.153595 0.095486
0 0.756622 0.276888 0.153595 0.095486
0 0.107892 0.176635 0.153595 0.095486
0 0.408757 0.161599 0.153595 0.095486
0 0.301225 0.070022 0.153595 0.095486
0 0.515306 0.166607 0.153595 0.095486
0 0.530982 0.274380 0.153595 0.095486
0 0.755054 0.368365 0.153595 0.095486
0 0.643802 0.492421 0.153595 0.095486
0 0.579559 0.711722 0.153595 0.095486
0 0.695514 0.914733 0.153595 0.095486
0 0.634396 0.160346 0.153595 0.095486
0 0.849072 0.171621 0.153595 0.095486
0 0.599928 0.598941 0.153595 0.095486
0 0.780126 0.813228 0.153595 0.095486
0 0.151766 0.729265 0.153595 0.095486
0 0.808333 0.913480 0.153595 0.095486
0 0.264595 0.389669 0.153595 0.095486
0 0.239523 0.581398 0.153595 0.095486
0 0.377414 0.721751 0.153595 0.095486
0 0.485532 0.607709 0.153595 0.095486
0 0.294360 0.496182 0.153595 0.095486
0 0.769162 0.707961 0.153595 0.095486
0 0.747225 0.463602 0.153595 0.095486
0 0.195649 0.285656 0.153595 0.095486
0 0.465162 0.383401 0.153595 0.095486
0 0.432261 0.926009 0.153595 0.095486