0 0.504150 0.906397 0.226273 0.114583
0 0.721699 0.150074 0.226273 0.114583
0 0.940408 0.964118 0.226273 0.114583
0 0.299477 0.876397 0.226273 0.114583
0 0.304150 0.980074 0.226273 0.114583
0 0.949771 0.545000 0.226273 0.114583
0 0.049183 0.537794 0.226273 0.114583
0 0.284265 0.795882 0.226273 0.114583
0 0.505327 0.545000 0.226273 0.114583
0 0.049183 0.023946 0.226273 0.114583
0 0.493627 0.134461 0.226273 0.114583
0 0.684265 0.886936 0.226273 0.114583
0 0.927549 0.107966 0.226273 0.114583
0 0.045670 0.416740 0.226273 0.114583
0 0.924036 0.206397 0.226273 0.114583
0 0.935735 0.034289 0.226273 0.114583
0 0.277255 0.139730 0.226273 0.114583
0 0.297124 0.697451 0.226273 0.114583
0 0.281928 0.422181 0.226273 0.114583
0 0.498301 0.725686 0.226273 0.114583
0 0.049183 0.311667 0.226273 0.114583
0 0.945082 0.415000 0.226273 0.114583
0 0.056193 0.636054 0.226273 0.114583
0 0.727549 0.050074 0.226273 0.114583
0 0.278415 0.016912 0.226273 0.114583
0 0.057369 0.911667 0.226273 0.114583
0 0.933399 0.881667 0.226273 0.114583
0 0.663219 0.964118 0.226273 0.114583
0 0.498301 0.630956 0.226273 0.114583
0 0.728709 0.436225 0.226273 0.114583
0 0.508824 0.980074 0.226273 0.114583
0 0.283088 0.520270 0.226273 0.114583
0 0.499477 0.462353 0.226273 0.114583
0 0.938072 0.723946 0.226273 0.114583
0 0.936895 0.809902 0.226273 0.114583
0 0.505327 0.229020 0.226273 0.114583
0 0.276078 0.230784 0.226273 0.114583
0 0.288938 0.608162 0.226273 0.114583
0 0.474902 0.027279 0.226273 0.114583
0 0.500637 0.339559 0.226273 0.114583
0 0.281928 0.337794 0.226273 0.114583
0 0.738072 0.650074 0.226273 0.114583
0 0.718186 0.822010 0.226273 0.114583
0 0.731046 0.737990 0.226273 0.114583
0 0.049183 0.115000 0.226273 0.114583
0 0.500637 0.815000 0.226273 0.114583
0 0.725196 0.266054 0.226273 0.114583
0 0.947418 0.323946 0.226273 0.114583
0 0.048007 0.729216 0.226273 0.114583
0 0.056193 0.220245 0.226273 0.114583
0 0.735735 0.548505 0.226273 0.114583
0 0.056193 0.811667 0.226273 0.114583
0 0.056193 0.976569 0.226273 0.114583
0 0.724036 0.346569 0.226273 0.114583
0 0.939232 0.634289 0.226273 0.114583