0 0.342829 0.284626 0.210970 0.046007
0 0.974166 0.351574 0.210970 0.046007
0 0.344031 0.742342 0.210970 0.046007
0 0.345244 0.539251 0.210970 0.046007
0 0.344031 0.342879 0.210970 0.046007
0 0.977772 0.077313 0.210970 0.046007
0 0.975368 0.503340 0.210970 0.046007
0 0.813917 0.831382 0.210970 0.046007
0 0.976570 0.226833 0.210970 0.046007
0 0.816332 0.684088 0.210970 0.046007
0 0.118736 0.233301 0.210970 0.046007
0 0.812715 0.650845 0.210970 0.046007
0 0.122352 0.311631 0.210970 0.046007
0 0.116321 0.429904 0.210970 0.046007
0 0.574155 0.278157 0.210970 0.046007
0 0.577772 0.434376 0.210970 0.046007
0 0.342829 0.639674 0.210970 0.046007
0 0.344031 0.394203 0.210970 0.046007
0 0.576570 0.034702 0.210970 0.046007
0 0.822352 0.074856 0.210970 0.046007
0 0.978984 0.150729 0.210970 0.046007
0 0.980187 0.757946 0.210970 0.046007
0 0.342829 0.574971 0.210970 0.046007
0 0.822352 0.007908 0.210970 0.046007
0 0.569337 0.795662 0.210970 0.046007
0 0.345244 0.853685 0.210970 0.046007
0 0.975368 0.615125 0.210970 0.046007
0 0.578974 0.389750 0.210970 0.046007
0 0.570549 0.686545 0.210970 0.046007
0 0.569337 0.117486 0.210970 0.046007
0 0.340425 0.789194 0.210970 0.046007
0 0.569337 0.161900 0.210970 0.046007
0 0.341627 0.822457 0.210970 0.046007
0 0.119938 0.010365 0.210970 0.046007
0 0.972953 0.394203 0.210970 0.046007
0 0.340425 0.086238 0.210970 0.046007
0 0.123554 0.467620 0.210970 0.046007
0 0.816332 0.559347 0.210970 0.046007
0 0.125959 0.280173 0.210970 0.046007
0 0.810301 0.518944 0.210970 0.046007
0 0.576570 0.240230 0.210970 0.046007
0 0.568135 0.195585 0.210970 0.046007
0 0.124756 0.940729 0.210970 0.046007
0 0.981389 0.824894 0.210970 0.046007
0 0.574155 0.072860 0.210970 0.046007
0 0.112705 0.159885 0.210970 0.046007
0 0.815130 0.755509 0.210970 0.046007
0 0.342829 0.119501 0.210970 0.046007
0 0.816332 0.724261 0.210970 0.046007
0 0.118736 0.641689 0.210970 0.046007
0 0.340425 0.472303 0.210970 0.046007
0 0.977772 0.576967 0.210970 0.046007
0 0.982591 0.860614 0.210970 0.046007
0 0.819948 0.144261 0.210970 0.046007
0 0.109098 0.046084 0.210970 0.046007
0 0.980187 0.719789 0.210970 0.046007
0 0.569337 0.715336 0.210970 0.046007
0 0.978984 0.037159 0.210970 0.046007
0 0.822352 0.110576 0.210970 0.046007
0 0.578974 0.324798 0.210970 0.046007
0 0.345244 0.007908 0.210970 0.046007
0 0.341627 0.164357 0.210970 0.046007
0 0.565720 0.856142 0.210970 0.046007
0 0.580187 0.608215 0.210970 0.046007
0 0.574155 0.643916 0.210970 0.046007
0 0.583793 0.469866 0.210970 0.046007
0 0.564518 0.896315 0.210970 0.046007
0 0.119938 0.784741 0.210970 0.046007
0 0.819948 0.416296 0.210970 0.046007
0 0.118736 0.349578 0.210970 0.046007
0 0.815130 0.900787 0.210970 0.046007
0 0.566933 0.817985 0.210970 0.046007
0 0.821150 0.193148 0.210970 0.046007
0 0.344031 0.309175 0.210970 0.046007
0 0.117523 0.391747 0.210970 0.046007
0 0.818736 0.461152 0.210970 0.046007
0 0.341627 0.510019 0.210970 0.046007
0 0.570549 0.749021 0.210970 0.046007
0 0.818736 0.224607 0.210970 0.046007
0 0.122352 0.717793 0.210970 0.046007
0 0.819948 0.342879 0.210970 0.046007
0 0.974166 0.273474 0.210970 0.046007
0 0.816332 0.601516 0.210970 0.046007
0 0.344031 0.711094 0.210970 0.046007
0 0.112705 0.130653 0.210970 0.046007
0 0.818736 0.311631 0.210970 0.046007
0 0.123554 0.896315 0.210970 0.046007
0 0.342829 0.422994 0.210970 0.046007
0 0.117523 0.605988 0.210970 0.046007
0 0.563316 0.925106 0.210970 0.046007
0 0.972953 0.304722 0.210970 0.046007
0 0.976570 0.652841 0.210970 0.046007
0 0.341627 0.204530 0.210970 0.046007
0 0.118736 0.682073 0.210970 0.046007
0 0.981389 0.920864 0.210970 0.046007
0 0.819948 0.041612 0.210970 0.046007
0 0.342829 0.046084 0.210970 0.046007
0 0.119938 0.498868 0.210970 0.046007
0 0.977772 0.193148 0.210970 0.046007
0 0.975368 0.537025 0.210970 0.046007
0 0.339212 0.240230 0.210970 0.046007
0 0.342829 0.612687 0.210970 0.046007
0 0.580187 0.501324 0.210970 0.046007
0 0.978984 0.117486 0.210970 0.046007
0 0.341627 0.682073 0.210970 0.046007
0 0.816332 0.865067 0.210970 0.046007
0 0.980187 0.688560 0.210970 0.046007
0 0.116321 0.565816 0.210970 0.046007
0 0.812715 0.786737 0.210970 0.046007
0 0.965731 0.427447 0.210970 0.046007
0 0.583793 0.548177 0.210970 0.046007
0 0.111503 0.083800 0.210970 0.046007
0 0.125959 0.528100 0.210970 0.046007
0 0.124756 0.804818 0.210970 0.046007
0 0.124756 0.858157 0.210970 0.046007
0 0.975368 0.469866 0.210970 0.046007
0 0.581389 0.583896 0.210970 0.046007
0 0.980187 0.793666 0.210970 0.046007
0 0.119938 0.202073 0.210970 0.046007
0 0.340425 0.896315 0.210970 0.046007
0 0.821150 0.382821 0.210970 0.046007
0 0.122352 0.826910 0.210970 0.046007
0 0.816332 0.952111 0.210970 0.046007
0 0.824767 0.273474 0.210970 0.046007
0 0.582591 0.356046 0.210970 0.046007
0 0.351264 0.938714 0.210970 0.046007
0 0.117523 0.746795 0.210970 0.046007