0 0.192700 0.888413 0.045573 0.098090
0 0.957160 0.274693 0.045573 0.098090
0 0.190010 0.768187 0.045573 0.098090
0 0.206160 0.165227 0.045573 0.098090
0 0.181930 0.172413 0.045573 0.098090
0 0.074260 0.328533 0.045573 0.098090
0 0.215580 0.685640 0.045573 0.098090
0 0.369010 0.167027 0.045573 0.098090
0 0.806420 0.752040 0.045573 0.098090
0 0.938320 0.662307 0.045573 0.098090
0 0.643570 0.694613 0.045573 0.098090
0 0.597810 0.558227 0.045573 0.098090
0 0.831990 0.341093 0.045573 0.098090
0 0.675870 0.577973 0.045573 0.098090
0 0.667800 0.744853 0.045573 0.098090
0 0.928900 0.493627 0.045573 0.098090
0 0.801040 0.633600 0.045573 0.098090
0 0.599160 0.734093 0.045573 0.098090
0 0.515710 0.333920 0.045573 0.098090
0 0.748550 0.674867 0.045573 0.098090
0 0.892560 0.570787 0.045573 0.098090
0 0.496870 0.987120 0.045573 0.098090
0 0.117330 0.348267 0.045573 0.098090
0 0.566850 0.545667 0.045573 0.098090
0 0.514360 0.915333 0.045573 0.098090
0 0.074260 0.700000 0.045573 0.098090
0 0.526480 0.222653 0.045573 0.098090
0 0.802380 0.473893 0.045573 0.098090
0 0.906020 0.082680 0.045573 0.098090
0 0.062150 0.071920 0.045573 0.098090
0 0.539940 0.369813 0.045573 0.098090
0 0.288260 0.007320 0.045573 0.098090
0 0.644920 0.527720 0.045573 0.098090
0 0.428230 0.649747 0.045573 0.098090
0 0.490140 0.134733 0.045573 0.098090
0 0.471300 0.500800 0.045573 0.098090
0 0.799690 0.192147 0.045573 0.098090
0 0.619340 0.576173 0.045573 0.098090
0 0.647610 0.752040 0.045573 0.098090
0 0.072920 0.242400 0.045573 0.098090
0 0.930240 0.565413 0.045573 0.098090
0 0.724320 0.601293 0.045573 0.098090
0 0.386510 0.906360 0.045573 0.098090
0 0.194050 0.691027 0.045573 0.098090
0 0.930240 0.211893 0.045573 0.098090
0 0.140210 0.113187 0.045573 0.098090
0 0.029850 0.768187 0.045573 0.098090
0 0.522440 0.019880 0.045573 0.098090
0 0.716250 0.545667 0.045573 0.098090
0 0.323250 0.400320 0.045573 0.098090
0 0.903320 0.497213 0.045573 0.098090
0 0.379780 0.100627 0.045573 0.098090
0 0.514360 0.814840 0.045573 0.098090
0 0.954470 0.513373 0.045573 0.098090
0 0.557430 0.378773 0.045573 0.098090
0 0.788920 0.210093 0.045573 0.098090
0 0.426880 0.917133 0.045573 0.098090
0 0.838720 0.057560 0.045573 0.098090
0 0.553400 0.831000 0.045573 0.098090
0 0.071570 0.122160 0.045573 0.098090
0 0.369010 0.992507 0.045573 0.098090
0 0.519750 0.504400 0.045573 0.098090
0 0.056770 0.798693 0.045573 0.098090
0 0.923510 0.138320 0.045573 0.098090
0 0.216930 0.868680 0.045573 0.098090
0 0.620690 0.622827 0.045573 0.098090
0 0.374390 0.010907 0.045573 0.098090
0 0.280180 0.190360 0.045573 0.098090
0 0.393240 0.595920 0.045573 0.098090
0 0.063490 0.387747 0.045573 0.098090
0 0.627420 0.481067 0.045573 0.098090
0 0.807770 0.405693 0.045573 0.098090
0 0.815840 0.524133 0.045573 0.098090
0 0.829300 0.647960 0.045573 0.098090
0 0.834680 0.010907 0.045573 0.098090