0 0.121067 0.406051 0.051889 0.098090
0 0.490050 0.933615 0.051889 0.098090
0 0.289667 0.729359 0.051889 0.098090
0 0.922567 0.481231 0.051889 0.098090
0 0.673317 0.640385 0.051889 0.098090
0 0.042050 0.487487 0.051889 0.098090
0 0.490867 0.781974 0.051889 0.098090
0 0.714850 0.865949 0.051889 0.098090
0 0.662733 0.411051 0.051889 0.098090
0 0.714850 0.639128 0.051889 0.098090
0 0.288033 0.407308 0.051889 0.098090
0 0.679017 0.868462 0.051889 0.098090
0 0.006217 0.642897 0.051889 0.098090
0 0.450950 0.795769 0.051889 0.098090
0 0.169117 0.193000 0.051889 0.098090
0 0.330400 0.641641 0.051889 0.098090
0 0.969800 0.706795 0.051889 0.098090
0 0.887533 0.867205 0.051889 0.098090
0 0.925000 0.241872 0.051889 0.098090
0 0.539733 0.864692 0.051889 0.098090
0 0.633400 0.877231 0.051889 0.098090
0 0.417550 0.490000 0.051889 0.098090
0 0.333650 0.189256 0.051889 0.098090
0 0.248933 0.637872 0.051889 0.098090
0 0.633400 0.934872 0.051889 0.098090
0 0.249750 0.555179 0.051889 0.098090
0 0.453383 0.486256 0.051889 0.098090
0 0.833783 0.026333 0.051889 0.098090
0 0.337733 0.878487 0.051889 0.098090
0 0.461533 0.041385 0.051889 0.098090
0 0.630150 0.318333 0.051889 0.098090
0 0.884283 0.191769 0.051889 0.098090
0 0.004583 0.708051 0.051889 0.098090
0 0.382533 0.102795 0.051889 0.098090
0 0.291300 0.260692 0.051889 0.098090
0 0.411850 0.941128 0.051889 0.098090
0 0.970617 0.184231 0.051889 0.098090
0 0.455833 0.350897 0.051889 0.098090
0 0.923383 0.547641 0.051889 0.098090
0 0.043683 0.031359 0.051889 0.098090
0 0.079517 0.645385 0.051889 0.098090
0 0.758833 0.032615 0.051889 0.098090
0 0.205767 0.792000 0.051889 0.098090
0 0.165050 0.868462 0.051889 0.098090
0 0.289667 0.852154 0.051889 0.098090
0 0.925000 0.939872 0.051889 0.098090
0 0.036350 0.403538 0.051889 0.098090
0 0.116983 0.708051 0.051889 0.098090
0 0.375200 0.703026 0.051889 0.098090
0 0.203333 0.408538 0.051889 0.098090
0 0.551133 0.099026 0.051889 0.098090
0 0.586967 0.409795 0.051889 0.098090
0 0.412667 0.194256 0.051889 0.098090
0 0.539733 0.941128 0.051889 0.098090
0 0.800383 0.557667 0.051889 0.098090
0 0.551133 0.180487 0.051889 0.098090
0 0.634217 0.477462 0.051889 0.098090
0 0.127583 0.191769 0.051889 0.098090
0 0.330400 0.261923 0.051889 0.098090
0 0.252200 0.041385 0.051889 0.098090
0 0.837850 0.101538 0.051889 0.098090
0 0.715667 0.566436 0.051889 0.098090
0 0.548683 0.255667 0.051889 0.098090
0 0.121867 0.565179 0.051889 0.098090
0 0.203333 0.714308 0.051889 0.098090
0 0.588600 0.938615 0.051889 0.098090
0 0.712417 0.939872 0.051889 0.098090
0 0.712417 0.177974 0.051889 0.098090
0 0.248133 0.721846 0.051889 0.098090
0 0.289667 0.794513 0.051889 0.098090
0 0.502267 0.037615 0.051889 0.098090
0 0.581267 0.027590 0.051889 0.098090
0 0.541367 0.709308 0.051889 0.098090
0 0.715667 0.487487 0.051889 0.098090
0 0.538917 0.398513 0.051889 0.098090
0 0.927450 0.026333 0.051889 0.098090
0 0.670867 0.770718 0.051889 0.098090
0 0.039600 0.642897 0.051889 0.098090
0 0.586167 0.567692 0.051889 0.098090
0 0.963283 0.097769 0.051889 0.098090
0 0.122683 0.647897 0.051889 0.098090
0 0.332017 0.567692 0.051889 0.098090
0 0.009467 0.037615 0.051889 0.098090
0 0.668433 0.317077 0.051889 0.098090
0 0.375200 0.783231 0.051889 0.098090
0 0.885100 0.411051 0.051889 0.098090
0 0.505517 0.184231 0.051889 0.098090
0 0.755583 0.936128 0.051889 0.098090
0 0.757217 0.862179 0.051889 0.098090
0 0.540550 0.576462 0.051889 0.098090
0 0.077883 0.708051 0.051889 0.098090
0 0.295367 0.037615 0.051889 0.098090
0 0.924200 0.711821 0.051889 0.098090
0 0.336100 0.335872 0.051889 0.098090
0 0.884283 0.562692 0.051889 0.098090
0 0.455833 0.253154 0.051889 0.098090
0 0.244867 0.926103 0.051889 0.098090
0 0.587783 0.492513 0.051889 0.098090
0 0.288033 0.332103 0.051889 0.098090
0 0.883467 0.251897 0.051889 0.098090
0 0.881017 0.026333 0.051889 0.098090
0 0.251383 0.102795 0.051889 0.098090
0 0.124317 0.946154 0.051889 0.098090
0 0.454200 0.634103 0.051889 0.098090
0 0.290483 0.185487 0.051889 0.098090
0 0.047750 0.105282 0.051889 0.098090
0 0.924200 0.783231 0.051889 0.098090
0 0.372750 0.635359 0.051889 0.098090
0 0.587783 0.794513 0.051889 0.098090
0 0.499817 0.631615 0.051889 0.098090
0 0.664350 0.032615 0.051889 0.098090
0 0.209850 0.344641 0.051889 0.098090
0 0.090100 0.254410 0.051889 0.098090
0 0.795500 0.330846 0.051889 0.098090
0 0.076267 0.556410 0.051889 0.098090
0 0.050200 0.258179 0.051889 0.098090
0 0.249750 0.332103 0.051889 0.098090
0 0.329583 0.403538 0.051889 0.098090
0 0.375200 0.942385 0.051889 0.098090
0 0.039600 0.793256 0.051889 0.098090
0 0.499817 0.491256 0.051889 0.098090
0 0.332833 0.481231 0.051889 0.098090
0 0.800383 0.031359 0.051889 0.098090
0 0.494117 0.874718 0.051889 0.098090
0 0.457467 0.182974 0.051889 0.098090
0 0.625250 0.251897 0.051889 0.098090
0 0.586967 0.720590 0.051889 0.098090
0 0.668433 0.249410 0.051889 0.098090
0 0.037167 0.870949 0.051889 0.098090
0 0.838667 0.179231 0.051889 0.098090
0 0.964917 0.783231 0.051889 0.098090
0 0.169933 0.404795 0.051889 0.098090
0 0.375200 0.874718 0.051889 0.098090
0 0.712417 0.330846 0.051889 0.098090
0 0.086850 0.100282 0.051889 0.098090
0 0.415917 0.641641 0.051889 0.098090
0 0.415917 0.419821 0.051889 0.098090
0 0.973883 0.943641 0.051889 0.098090
0 0.587783 0.256923 0.051889 0.098090
0 0.758033 0.706795 0.051889 0.098090
0 0.749883 0.408538 0.051889 0.098090
0 0.541367 0.637872 0.051889 0.098090
0 0.335283 0.793256 0.051889 0.098090
0 0.624450 0.409795 0.051889 0.098090
0 0.253833 0.408538 0.051889 0.098090
0 0.886717 0.792000 0.051889 0.098090
0 0.003767 0.403538 0.051889 0.098090
0 0.206583 0.487487 0.051889 0.098090
0 0.970617 0.399769 0.051889 0.098090
0 0.374383 0.184231 0.051889 0.098090
0 0.843550 0.329615 0.051889 0.098090
0 0.924200 0.090256 0.051889 0.098090
0 0.668433 0.714308 0.051889 0.098090
0 0.203333 0.864692 0.051889 0.098090
0 0.117800 0.868462 0.051889 0.098090
0 0.887533 0.938615 0.051889 0.098090
0 0.079517 0.488744 0.051889 0.098090
0 0.416733 0.789513 0.051889 0.098090
0 0.502267 0.092769 0.051889 0.098090
0 0.922567 0.334615 0.051889 0.098090
0 0.252200 0.266949 0.051889 0.098090
0 0.415917 0.864692 0.051889 0.098090
0 0.543800 0.344641 0.051889 0.098090
0 0.160967 0.647897 0.051889 0.098090
0 0.211467 0.191769 0.051889 0.098090
0 0.163417 0.795769 0.051889 0.098090
0 0.968183 0.246897 0.051889 0.098090
0 0.626883 0.181744 0.051889 0.098090
0 0.969800 0.650410 0.051889 0.098090
0 0.414300 0.036359 0.051889 0.098090
0 0.715667 0.716821 0.051889 0.098090
0 0.801200 0.491256 0.051889 0.098090
0 0.881833 0.635359 0.051889 0.098090
0 0.043683 0.335872 0.051889 0.098090
0 0.754767 0.641641 0.051889 0.098090
0 0.630967 0.040128 0.051889 0.098090
0 0.666800 0.477462 0.051889 0.098090
0 0.337733 0.097769 0.051889 0.098090
0 0.586967 0.872205 0.051889 0.098090
0 0.288850 0.487487 0.051889 0.098090
0 0.803633 0.790744 0.051889 0.098090
0 0.886717 0.709308 0.051889 0.098090
0 0.665983 0.575205 0.051889 0.098090
0 0.416733 0.570205 0.051889 0.098090
0 0.452583 0.567692 0.051889 0.098090
0 0.376817 0.038872 0.051889 0.098090
0 0.499000 0.555179 0.051889 0.098090
0 0.630967 0.101538 0.051889 0.098090
0 0.086850 0.030103 0.051889 0.098090
0 0.968183 0.329615 0.051889 0.098090
0 0.749067 0.325846 0.051889 0.098090
0 0.007833 0.556410 0.051889 0.098090
0 0.121067 0.793256 0.051889 0.098090
0 0.178883 0.106538 0.051889 0.098090
0 0.135717 0.028846 0.051889 0.098090
0 0.498183 0.724333 0.051889 0.098090
0 0.219617 0.047641 0.051889 0.098090
0 0.449317 0.931103 0.051889 0.098090
0 0.714033 0.099026 0.051889 0.098090
0 0.005400 0.487487 0.051889 0.098090
0 0.169117 0.488744 0.051889 0.098090
0 0.747433 0.259436 0.051889 0.098090
0 0.337733 0.038872 0.051889 0.098090
0 0.749067 0.181744 0.051889 0.098090
0 0.130017 0.260692 0.051889 0.098090
0 0.503083 0.258179 0.051889 0.098090
0 0.290483 0.571462 0.051889 0.098090
0 0.585350 0.332103 0.051889 0.098090
0 0.664350 0.096513 0.051889 0.098090
0 0.842733 0.774462 0.051889 0.098090
0 0.842733 0.710564 0.051889 0.098090
0 0.541367 0.779487 0.051889 0.098090
0 0.248133 0.490000 0.051889 0.098090
0 0.757217 0.096513 0.051889 0.098090
0 0.960033 0.028846 0.051889 0.098090
0 0.676567 0.181744 0.051889 0.098090
0 0.248133 0.808308 0.051889 0.098090
0 0.446867 0.864692 0.051889 0.098090
0 0.129200 0.329615 0.051889 0.098090
0 0.802833 0.649154 0.051889 0.098090
0 0.371933 0.332103 0.051889 0.098090
0 0.371933 0.560179 0.051889 0.098090
0 0.448500 0.715564 0.051889 0.098090
0 0.169933 0.254410 0.051889 0.098090
0 0.538917 0.482487 0.051889 0.098090
0 0.078700 0.793256 0.051889 0.098090
0 0.581267 0.642897 0.051889 0.098090
0 0.289667 0.647897 0.051889 0.098090
0 0.254650 0.185487 0.051889 0.098090
0 0.004583 0.792000 0.051889 0.098090
0 0.842733 0.553923 0.051889 0.098090
0 0.712417 0.401026 0.051889 0.098090
0 0.714033 0.787000 0.051889 0.098090
0 0.246500 0.875974 0.051889 0.098090
0 0.160967 0.705538 0.051889 0.098090
0 0.123500 0.488744 0.051889 0.098090
0 0.038783 0.946154 0.051889 0.098090
0 0.133283 0.106538 0.051889 0.098090
0 0.843550 0.473718 0.051889 0.098090
0 0.005400 0.877231 0.051889 0.098090
0 0.630150 0.578974 0.051889 0.098090
0 0.802833 0.859667 0.051889 0.098090
0 0.454200 0.402282 0.051889 0.098090
0 0.883467 0.323333 0.051889 0.098090
0 0.635850 0.636615 0.051889 0.098090
0 0.076267 0.403538 0.051889 0.098090
0 0.077883 0.946154 0.051889 0.098090
0 0.299450 0.097769 0.051889 0.098090
0 0.925000 0.859667 0.051889 0.098090
0 0.840300 0.249410 0.051889 0.098090
0 0.968183 0.467436 0.051889 0.098090
0 0.922567 0.629103 0.051889 0.098090
0 0.502267 0.335872 0.051889 0.098090
0 0.415100 0.709308 0.051889 0.098090
0 0.842733 0.627846 0.051889 0.098090
0 0.632583 0.779487 0.051889 0.098090
0 0.928267 0.176718 0.051889 0.098090
0 0.087667 0.188000 0.051889 0.098090
0 0.214733 0.265692 0.051889 0.098090
0 0.712417 0.245641 0.051889 0.098090
0 0.585350 0.091513 0.051889 0.098090
0 0.414300 0.337128 0.051889 0.098090
0 0.165867 0.948641 0.051889 0.098090
0 0.751517 0.563949 0.051889 0.098090
0 0.202517 0.952410 0.051889 0.098090
0 0.713233 0.032615 0.051889 0.098090
0 0.800383 0.100282 0.051889 0.098090
0 0.969800 0.862179 0.051889 0.098090
0 0.339350 0.721846 0.051889 0.098090
0 0.370300 0.416077 0.051889 0.098090
0 0.011100 0.189256 0.051889 0.098090
0 0.207400 0.639128 0.051889 0.098090
0 0.172367 0.033872 0.051889 0.098090
0 0.843550 0.384744 0.051889 0.098090
0 0.795500 0.172949 0.051889 0.098090
0 0.629333 0.725590 0.051889 0.098090
0 0.805267 0.719333 0.051889 0.098090
0 0.216367 0.106538 0.051889 0.098090
0 0.758033 0.788256 0.051889 0.098090
0 0.750700 0.476231 0.051889 0.098090
0 0.164233 0.562692 0.051889 0.098090
0 0.461533 0.092769 0.051889 0.098090
0 0.547883 0.036359 0.051889 0.098090
0 0.040417 0.708051 0.051889 0.098090
0 0.499817 0.416077 0.051889 0.098090
0 0.371933 0.246897 0.051889 0.098090
0 0.169117 0.338385 0.051889 0.098090
0 0.011100 0.258179 0.051889 0.098090
0 0.077067 0.868462 0.051889 0.098090
0 0.010283 0.339615 0.051889 0.098090
0 0.046117 0.189256 0.051889 0.098090
0 0.847633 0.931103 0.051889 0.098090
0 0.588600 0.189256 0.051889 0.098090
0 0.924200 0.396026 0.051889 0.098090
0 0.967367 0.557667 0.051889 0.098090
0 0.367867 0.488744 0.051889 0.098090
0 0.679833 0.934872 0.051889 0.098090
0 0.801200 0.404795 0.051889 0.098090
0 0.416733 0.260692 0.051889 0.098090
0 0.414300 0.092769 0.051889 0.098090
0 0.798750 0.251897 0.051889 0.098090
0 0.337733 0.938615 0.051889 0.098090
0 0.879400 0.104051 0.051889 0.098090
0 0.802833 0.933615 0.051889 0.098090
0 0.035533 0.558923 0.051889 0.098090
0 0.004583 0.947385 0.051889 0.098090
0 0.884283 0.492513 0.051889 0.098090
0 0.011917 0.097769 0.051889 0.098090
0 0.290483 0.924846 0.051889 0.098090
0 0.204950 0.560179 0.051889 0.098090
0 0.090917 0.329615 0.051889 0.098090
0 0.846000 0.853410 0.051889 0.098090