0 0.263549 0.792360 0.054750 0.052951
0 0.165755 0.289143 0.054750 0.052951
0 0.797490 0.391926 0.054750 0.052951
0 0.788010 0.105376 0.054750 0.052951
0 0.686422 0.291048 0.054750 0.052951
0 0.159255 0.350550 0.054750 0.052951
0 0.264902 0.341778 0.054750 0.052951
0 0.366490 0.796751 0.054750 0.052951
0 0.796137 0.437249 0.054750 0.052951
0 0.843539 0.155079 0.054750 0.052951
0 0.453451 0.247185 0.054750 0.052951
0 0.313667 0.798212 0.054750 0.052951
0 0.548265 0.343683 0.054750 0.052951
0 0.259490 0.839143 0.054750 0.052951
0 0.695902 0.241344 0.054750 0.052951
0 0.208020 0.798212 0.054750 0.052951
0 0.210725 0.587683 0.054750 0.052951
0 0.699971 0.201862 0.054750 0.052951
0 0.164127 0.245291 0.054750 0.052951
0 0.884176 0.102455 0.054750 0.052951
0 0.208020 0.855228 0.054750 0.052951
0 0.221020 0.196169 0.054750 0.052951
0 0.456706 0.380370 0.054750 0.052951
0 0.735186 0.242804 0.054750 0.052951
0 0.601088 0.102455 0.054750 0.052951
0 0.598382 0.345143 0.054750 0.052951
0 0.659333 0.391926 0.054750 0.052951
0 0.212078 0.698794 0.054750 0.052951
0 0.588902 0.155079 0.054750 0.052951
0 0.840833 0.203323 0.054750 0.052951
0 0.262196 0.589143 0.054750 0.052951
0 0.737892 0.197481 0.054750 0.052951
0 0.699971 0.340751 0.054750 0.052951
0 0.407941 0.101429 0.054750 0.052951
0 0.120245 0.201429 0.054750 0.052951
0 0.258137 0.748508 0.054750 0.052951
0 0.693196 0.147767 0.054750 0.052951
0 0.597029 0.244265 0.054750 0.052951
0 0.847608 0.333450 0.054750 0.052951
0 0.610569 0.298360 0.054750 0.052951
0 0.268157 0.136519 0.054750 0.052951
0 0.507627 0.289587 0.054750 0.052951
0 0.318539 0.340021 0.054750 0.052951
0 0.366490 0.741196 0.054750 0.052951
0 0.404686 0.293968 0.054750 0.052951
0 0.602441 0.399238 0.054750 0.052951
0 0.453451 0.295429 0.054750 0.052951
0 0.499500 0.197481 0.054750 0.052951
0 0.500863 0.334910 0.054750 0.052951
0 0.834059 0.060053 0.054750 0.052951
0 0.164127 0.199672 0.054750 0.052951
0 0.513049 0.253037 0.054750 0.052951
0 0.797490 0.247185 0.054750 0.052951
0 0.839480 0.103915 0.054750 0.052951
0 0.549618 0.293968 0.054750 0.052951
0 0.698618 0.391926 0.054750 0.052951
0 0.391686 0.380370 0.054750 0.052951
0 0.354304 0.287397 0.054750 0.052951
0 0.645784 0.245725 0.054750 0.052951
0 0.368931 0.169852 0.054750 0.052951
0 0.315020 0.849376 0.054750 0.052951
0 0.310961 0.747037 0.054750 0.052951
0 0.458873 0.201862 0.054750 0.052951
0 0.151127 0.641778 0.054750 0.052951
0 0.308245 0.679788 0.054750 0.052951
0 0.785304 0.150698 0.054750 0.052951
0 0.888245 0.200402 0.054750 0.052951
0 0.804265 0.334910 0.054750 0.052951
0 0.744667 0.339291 0.054750 0.052951