0 0.743028 0.648741 0.419922 0.098090
0 0.286014 0.742722 0.419922 0.098090
0 0.743028 0.497167 0.419922 0.098090
0 0.308750 0.130352 0.419922 0.098090
0 0.286014 0.618426 0.419922 0.098090
0 0.267833 0.967056 0.419922 0.098090
0 0.704375 0.103056 0.419922 0.098090
0 0.747583 0.891278 0.419922 0.098090
0 0.715750 0.315278 0.419922 0.098090
0 0.699833 0.169759 0.419922 0.098090
0 0.301931 0.503222 0.419922 0.098090
0 0.326944 0.018185 0.419922 0.098090
0 0.301931 0.403185 0.419922 0.098090
0 0.315583 0.060611 0.419922 0.098090
0 0.752125 0.976148 0.419922 0.098090
0 0.311028 0.233426 0.419922 0.098090
0 0.304208 0.312241 0.419922 0.098090
0 0.747583 0.779111 0.419922 0.098090
0 0.706653 0.054556 0.419922 0.098090
0 0.270097 0.836704 0.419922 0.098090
0 0.743028 0.418352 0.419922 0.098090
0 0.740750 0.569926 0.419922 0.098090
0 0.718014 0.242519 0.419922 0.098090