0 0.382549 0.849730 0.428922 0.045139
0 0.384836 0.705053 0.428922 0.045139
0 0.382549 0.604541 0.428922 0.045139
0 0.352854 0.156806 0.428922 0.045139
0 0.384836 0.245135 0.428922 0.045139
0 0.387119 0.348692 0.428922 0.045139
0 0.384836 0.878664 0.428922 0.045139
0 0.384836 0.770539 0.428922 0.045139
0 0.325439 0.138523 0.428922 0.045139
0 0.384836 0.741603 0.428922 0.045139
0 0.384836 0.488799 0.428922 0.045139
0 0.348284 0.176605 0.428922 0.045139
0 0.387119 0.455296 0.428922 0.045139
0 0.380266 0.807089 0.428922 0.045139
0 0.384836 0.426361 0.428922 0.045139
0 0.387119 0.385243 0.428922 0.045139
0 0.382549 0.536011 0.428922 0.045139
0 0.387119 0.630431 0.428922 0.045139
0 0.348284 0.117209 0.428922 0.045139
0 0.389402 0.280161 0.428922 0.045139
0 0.384836 0.571038 0.428922 0.045139
0 0.389402 0.666981 0.428922 0.045139
0 0.348284 0.214677 0.428922 0.045139
0 0.346001 0.197924 0.428922 0.045139
0 0.389402 0.312142 0.428922 0.045139