0 0.275000 0.215625 0.045139 0.083333
0 0.211094 0.267344 0.045139 0.083333
0 0.599844 0.303594 0.045139 0.083333
0 0.432500 0.112344 0.045139 0.083333
0 0.657188 0.291875 0.045139 0.083333
0 0.255312 0.232031 0.045139 0.083333
0 0.520000 0.304531 0.045139 0.083333
0 0.490937 0.310312 0.045139 0.083333
0 0.708437 0.286406 0.045139 0.083333
0 0.409531 0.319219 0.045139 0.083333
0 0.461562 0.310156 0.045139 0.083333
0 0.323750 0.190312 0.045139 0.083333
0 0.387969 0.146250 0.045139 0.083333
0 0.366562 0.159219 0.045139 0.083333
0 0.300156 0.202969 0.045139 0.083333
0 0.344687 0.172813 0.045139 0.083333
0 0.680312 0.300312 0.045139 0.083333
0 0.625938 0.297812 0.045139 0.083333
0 0.575781 0.297187 0.045139 0.083333
0 0.458125 0.101094 0.045139 0.083333
0 0.437188 0.315937 0.045139 0.083333
0 0.546250 0.299531 0.045139 0.083333
0 0.408281 0.126562 0.045139 0.083333
0 0.235000 0.248125 0.045139 0.083333