0 0.970235 0.466986 0.071895 0.061632
0 0.617361 0.218517 0.071895 0.061632
0 0.335191 0.842344 0.071895 0.061632
0 0.052581 0.696388 0.071895 0.061632
0 0.511584 0.126077 0.071895 0.061632
0 0.285044 0.786651 0.071895 0.061632
0 0.113930 0.836699 0.071895 0.061632
0 0.006686 0.314833 0.071895 0.061632
0 0.349883 0.743636 0.071895 0.061632
0 0.646305 0.888876 0.071895 0.061632
0 0.855132 0.464234 0.071895 0.061632
0 0.968152 0.126866 0.071895 0.061632
0 0.173138 0.169785 0.071895 0.061632
0 0.974721 0.702751 0.071895 0.061632
0 0.457478 0.412679 0.071895 0.061632
0 0.333636 0.123062 0.071895 0.061632
0 0.163109 0.515981 0.071895 0.061632
0 0.745630 0.561675 0.071895 0.061632
0 0.807830 0.503780 0.071895 0.061632
0 0.677155 0.170789 0.071895 0.061632
0 0.800323 0.123062 0.071895 0.061632
0 0.110469 0.649856 0.071895 0.061632
0 0.682082 0.462177 0.071895 0.061632
0 0.221613 0.121005 0.071895 0.061632
0 0.222903 0.265191 0.071895 0.061632
0 0.007801 0.595574 0.071895 0.061632
0 0.351613 0.929067 0.071895 0.061632
0 0.795396 0.177895 0.071895 0.061632
0 0.335543 0.076100 0.071895 0.061632
0 0.968152 0.173397 0.071895 0.061632
0 0.907331 0.982656 0.071895 0.061632
0 0.686921 0.753517 0.071895 0.061632
0 0.466540 0.838110 0.071895 0.061632
0 0.639824 0.370813 0.071895 0.061632
0 0.855132 0.420502 0.071895 0.061632
0 0.617625 0.081172 0.071895 0.061632
0 0.801877 0.884641 0.071895 0.061632
0 0.508035 0.698517 0.071895 0.061632
0 0.507683 0.076100 0.071895 0.061632
0 0.854604 0.936818 0.071895 0.061632
0 0.901789 0.078636 0.071895 0.061632
0 0.165455 0.077775 0.071895 0.061632
0 0.170616 0.263134 0.071895 0.061632
0 0.803607 0.789474 0.071895 0.061632
0 0.224135 0.364665 0.071895 0.061632
0 0.748299 0.882536 0.071895 0.061632
0 0.163109 0.117967 0.071895 0.061632
0 0.165777 0.885359 0.071895 0.061632
0 0.399150 0.838110 0.071895 0.061632
0 0.393343 0.122057 0.071895 0.061632
0 0.227830 0.410359 0.071895 0.061632
0 0.265191 0.515981 0.071895 0.061632
0 0.744839 0.788062 0.071895 0.061632
0 0.677155 0.124115 0.071895 0.061632
0 0.860645 0.845167 0.071895 0.061632
0 0.917683 0.847273 0.071895 0.061632
0 0.965044 0.076938 0.071895 0.061632
0 0.058622 0.794402 0.071895 0.061632
0 0.799296 0.697799 0.071895 0.061632
0 0.053666 0.413636 0.071895 0.061632
0 0.051349 0.167464 0.071895 0.061632
0 0.108416 0.556579 0.071895 0.061632
0 0.511584 0.562656 0.071895 0.061632
0 0.113930 0.797225 0.071895 0.061632
0 0.801760 0.418660 0.071895 0.061632
0 0.919413 0.697799 0.071895 0.061632
0 0.854604 0.791579 0.071895 0.061632
0 0.628152 0.701340 0.071895 0.061632
0 0.284194 0.651986 0.071895 0.061632
0 0.782522 0.078636 0.071895 0.061632
0 0.912346 0.460144 0.071895 0.061632
0 0.740616 0.320048 0.071895 0.061632
0 0.581496 0.794402 0.071895 0.061632
0 0.855132 0.512943 0.071895 0.061632
0 0.906100 0.223589 0.071895 0.061632
0 0.736891 0.464234 0.071895 0.061632
0 0.562669 0.079474 0.071895 0.061632
0 0.332405 0.359593 0.071895 0.061632
0 0.802757 0.839522 0.071895 0.061632
0 0.458768 0.603325 0.071895 0.061632
0 0.968152 0.508421 0.071895 0.061632
0 0.864985 0.700622 0.071895 0.061632
0 0.049296 0.557512 0.071895 0.061632
0 0.796686 0.604043 0.071895 0.061632
0 0.903607 0.561675 0.071895 0.061632
0 0.049296 0.122632 0.071895 0.061632
0 0.170117 0.840239 0.071895 0.061632
0 0.281349 0.461124 0.071895 0.061632
0 0.750029 0.747871 0.071895 0.061632
0 0.909824 0.363684 0.071895 0.061632
0 0.226276 0.929067 0.071895 0.061632
0 0.271232 0.082010 0.071895 0.061632
0 0.225337 0.218517 0.071895 0.061632
0 0.681525 0.420574 0.071895 0.061632
0 0.458094 0.512943 0.071895 0.061632
0 0.221613 0.505813 0.071895 0.061632
0 0.634809 0.464234 0.071895 0.061632
0 0.463079 0.699211 0.071895 0.061632
0 0.909824 0.266244 0.071895 0.061632
0 0.286364 0.174880 0.071895 0.061632
0 0.282639 0.558636 0.071895 0.061632
0 0.696452 0.604737 0.071895 0.061632
0 0.450645 0.363684 0.071895 0.061632
0 0.282463 0.605455 0.071895 0.061632
0 0.050323 0.308756 0.071895 0.061632
0 0.112199 0.745742 0.071895 0.061632
0 0.566364 0.270263 0.071895 0.061632
0 0.971261 0.925550 0.071895 0.061632
0 0.909912 0.750694 0.071895 0.061632
0 0.914223 0.604737 0.071895 0.061632
0 0.336129 0.318995 0.071895 0.061632
0 0.114633 0.412392 0.071895 0.061632
0 0.390938 0.171770 0.071895 0.061632
0 0.567595 0.175861 0.071895 0.061632
0 0.744839 0.986890 0.071895 0.061632
0 0.274692 0.843038 0.071895 0.061632
0 0.685806 0.321029 0.071895 0.061632
0 0.799296 0.746459 0.071895 0.061632
0 0.045660 0.599809 0.071895 0.061632
0 0.516598 0.466196 0.071895 0.061632
0 0.273900 0.314976 0.071895 0.061632
0 0.528768 0.981244 0.071895 0.061632
0 0.690381 0.984761 0.071895 0.061632
0 0.056540 0.458517 0.071895 0.061632
0 0.688651 0.884641 0.071895 0.061632
0 0.407771 0.888182 0.071895 0.061632
0 0.505367 0.170789 0.071895 0.061632
0 0.222815 0.747153 0.071895 0.061632
0 0.911114 0.314976 0.071895 0.061632
0 0.463079 0.751388 0.071895 0.061632
0 0.404575 0.559617 0.071895 0.061632
0 0.166657 0.977703 0.071895 0.061632
0 0.739384 0.173804 0.071895 0.061632
0 0.972317 0.419593 0.071895 0.061632
0 0.735484 0.418182 0.071895 0.061632
0 0.225425 0.792990 0.071895 0.061632
0 0.443138 0.171770 0.071895 0.061632
0 0.339853 0.506818 0.071895 0.061632
0 0.170117 0.702033 0.071895 0.061632
0 0.398358 0.365742 0.071895 0.061632
0 0.221965 0.695000 0.071895 0.061632
0 0.581496 0.603325 0.071895 0.061632
0 0.110909 0.126077 0.071895 0.061632
0 0.051349 0.227536 0.071895 0.061632
0 0.572581 0.320048 0.071895 0.061632
0 0.282639 0.363684 0.071895 0.061632
0 0.919413 0.656220 0.071895 0.061632
0 0.801613 0.365742 0.071895 0.061632
0 0.637331 0.265191 0.071895 0.061632
0 0.010909 0.082871 0.071895 0.061632
0 0.690381 0.797919 0.071895 0.061632
0 0.460499 0.891699 0.071895 0.061632
0 0.962991 0.569354 0.071895 0.061632
0 0.232845 0.315957 0.071895 0.061632
0 0.220411 0.171770 0.071895 0.061632
0 0.694545 0.561675 0.071895 0.061632
0 0.731877 0.123062 0.071895 0.061632
0 0.516686 0.842344 0.071895 0.061632
0 0.278915 0.414450 0.071895 0.061632
0 0.797830 0.560670 0.071895 0.061632
0 0.109619 0.368756 0.071895 0.061632
0 0.165777 0.794402 0.071895 0.061632
0 0.972141 0.656914 0.071895 0.061632
0 0.805337 0.217464 0.071895 0.061632
0 0.730674 0.266244 0.071895 0.061632
0 0.517537 0.601220 0.071895 0.061632
0 0.051349 0.269833 0.071895 0.061632
0 0.100880 0.218517 0.071895 0.061632
0 0.287654 0.969258 0.071895 0.061632
0 0.282463 0.700622 0.071895 0.061632
0 0.458094 0.220550 0.071895 0.061632
0 0.515367 0.415431 0.071895 0.061632
0 0.972991 0.604737 0.071895 0.061632
0 0.841378 0.265191 0.071895 0.061632
0 0.571378 0.513923 0.071895 0.061632
0 0.356804 0.979833 0.071895 0.061632
0 0.168387 0.747871 0.071895 0.061632
0 0.403460 0.981244 0.071895 0.061632
0 0.685806 0.218517 0.071895 0.061632
0 0.113314 0.467249 0.071895 0.061632
0 0.168123 0.221555 0.071895 0.061632
0 0.571114 0.933301 0.071895 0.061632
0 0.686070 0.706986 0.071895 0.061632
0 0.851144 0.979115 0.071895 0.061632
0 0.858827 0.370813 0.071895 0.061632
0 0.280117 0.270263 0.071895 0.061632
0 0.103402 0.303756 0.071895 0.061632
0 0.567654 0.981938 0.071895 0.061632
0 0.464311 0.467249 0.071895 0.061632
0 0.505367 0.269282 0.071895 0.061632
0 0.692111 0.655502 0.071895 0.061632
0 0.005718 0.557512 0.071895 0.061632
0 0.456862 0.320048 0.071895 0.061632
0 0.801613 0.317010 0.071895 0.061632
0 0.912346 0.173804 0.071895 0.061632
0 0.803607 0.979833 0.071895 0.061632
0 0.688651 0.838110 0.071895 0.061632
0 0.805337 0.931172 0.071895 0.061632
0 0.525308 0.890287 0.071895 0.061632
0 0.966950 0.887464 0.071895 0.061632
0 0.915103 0.794402 0.071895 0.061632
0 0.108416 0.505813 0.071895 0.061632
0 0.962991 0.323995 0.071895 0.061632
0 0.344868 0.557584 0.071895 0.061632
0 0.050323 0.506746 0.071895 0.061632
0 0.622375 0.563708 0.071895 0.061632
0 0.011877 0.460766 0.071895 0.061632
0 0.109619 0.597703 0.071895 0.061632
0 0.852874 0.747871 0.071895 0.061632
0 0.631114 0.513923 0.071895 0.061632
0 0.571378 0.372847 0.071895 0.061632
0 0.008416 0.266890 0.071895 0.061632
0 0.455572 0.125096 0.071895 0.061632
0 0.851994 0.078636 0.071895 0.061632
0 0.457918 0.656220 0.071895 0.061632
0 0.054311 0.651268 0.071895 0.061632
0 0.851408 0.219498 0.071895 0.061632
0 0.912346 0.421579 0.071895 0.061632
0 0.626100 0.324067 0.071895 0.061632
0 0.629032 0.749282 0.071895 0.061632
0 0.632493 0.604737 0.071895 0.061632
0 0.406041 0.793684 0.071895 0.061632
0 0.799120 0.267225 0.071895 0.061632
0 0.166657 0.600502 0.071895 0.061632
0 0.742258 0.931890 0.071895 0.061632
0 0.010997 0.508014 0.071895 0.061632
0 0.114809 0.981244 0.071895 0.061632
0 0.807067 0.653397 0.071895 0.061632
0 0.562669 0.123062 0.071895 0.061632
0 0.164399 0.556579 0.071895 0.061632
0 0.570264 0.840239 0.071895 0.061632
0 0.743109 0.515000 0.071895 0.061632
0 0.512874 0.366722 0.071895 0.061632
0 0.007537 0.410718 0.071895 0.061632
0 0.566364 0.221555 0.071895 0.061632
0 0.171848 0.929067 0.071895 0.061632
0 0.458094 0.268230 0.071895 0.061632
0 0.917683 0.888876 0.071895 0.061632
0 0.464809 0.787344 0.071895 0.061632
0 0.629032 0.655502 0.071895 0.061632
0 0.406041 0.935407 0.071895 0.061632
0 0.919413 0.931890 0.071895 0.061632
0 0.051701 0.741531 0.071895 0.061632
0 0.344692 0.784522 0.071895 0.061632
0 0.007801 0.127703 0.071895 0.061632
0 0.971261 0.368828 0.071895 0.061632
0 0.400880 0.699928 0.071895 0.061632
0 0.586686 0.883947 0.071895 0.061632
0 0.284194 0.740120 0.071895 0.061632
0 0.324897 0.170789 0.071895 0.061632
0 0.341144 0.459139 0.071895 0.061632
0 0.056540 0.077775 0.071895 0.061632
0 0.906100 0.127129 0.071895 0.061632
0 0.342346 0.267225 0.071895 0.061632
0 0.577595 0.556579 0.071895 0.061632
0 0.853812 0.563708 0.071895 0.061632
0 0.843871 0.123062 0.071895 0.061632
0 0.344692 0.604043 0.071895 0.061632
0 0.629883 0.982656 0.071895 0.061632
0 0.170616 0.362703 0.071895 0.061632
0 0.739384 0.218517 0.071895 0.061632
0 0.227155 0.601220 0.071895 0.061632
0 0.170117 0.652679 0.071895 0.061632
0 0.161906 0.465215 0.071895 0.061632
0 0.461789 0.563708 0.071895 0.061632
0 0.511584 0.220550 0.071895 0.061632
0 0.394633 0.270263 0.071895 0.061632
0 0.393343 0.318995 0.071895 0.061632
0 0.688651 0.931890 0.071895 0.061632
0 0.796598 0.465215 0.071895 0.061632
0 0.111525 0.072703 0.071895 0.061632
0 0.220235 0.836699 0.071895 0.061632
0 0.009267 0.365598 0.071895 0.061632
0 0.740528 0.658325 0.071895 0.061632
0 0.511584 0.320048 0.071895 0.061632
0 0.689619 0.270263 0.071895 0.061632
0 0.635953 0.795096 0.071895 0.061632
0 0.446686 0.933301 0.071895 0.061632
0 0.282463 0.891699 0.071895 0.061632
0 0.744839 0.705574 0.071895 0.061632
0 0.049971 0.886053 0.071895 0.061632
0 0.403460 0.747871 0.071895 0.061632
0 0.227830 0.464234 0.071895 0.061632
0 0.973343 0.273230 0.071895 0.061632
0 0.114633 0.173804 0.071895 0.061632
0 0.221965 0.656914 0.071895 0.061632
0 0.683578 0.370574 0.071895 0.061632
0 0.111349 0.933301 0.071895 0.061632
0 0.570088 0.417488 0.071895 0.061632
0 0.518416 0.932584 0.071895 0.061632
0 0.855132 0.317990 0.071895 0.061632
0 0.111349 0.692871 0.071895 0.061632
0 0.522727 0.736579 0.071895 0.061632
0 0.377009 0.078636 0.071895 0.061632
0 0.052581 0.833876 0.071895 0.061632
0 0.631613 0.936124 0.071895 0.061632
0 0.333636 0.414450 0.071895 0.061632
0 0.516686 0.790167 0.071895 0.061632
0 0.042199 0.979833 0.071895 0.061632
0 0.853724 0.655502 0.071895 0.061632
0 0.612434 0.124115 0.071895 0.061632
0 0.338651 0.220550 0.071895 0.061632
0 0.277625 0.122057 0.071895 0.061632
0 0.450645 0.078636 0.071895 0.061632
0 0.622111 0.840933 0.071895 0.061632
0 0.170616 0.410359 0.071895 0.061632
0 0.575455 0.700622 0.071895 0.061632
0 0.855455 0.607560 0.071895 0.061632
0 0.336921 0.654091 0.071895 0.061632
0 0.966100 0.795096 0.071895 0.061632
0 0.728592 0.080335 0.071895 0.061632
0 0.973871 0.841651 0.071895 0.061632
0 0.003666 0.172536 0.071895 0.061632
0 0.216686 0.553565 0.071895 0.061632
0 0.404311 0.652679 0.071895 0.061632
0 0.227155 0.881124 0.071895 0.061632
0 0.009267 0.217536 0.071895 0.061632
0 0.971261 0.220766 0.071895 0.061632
0 0.972141 0.745048 0.071895 0.061632
0 0.397155 0.222536 0.071895 0.061632
0 0.571114 0.754928 0.071895 0.061632
0 0.104692 0.266244 0.071895 0.061632
0 0.392141 0.507871 0.071895 0.061632
0 0.168035 0.317703 0.071895 0.061632
0 0.514076 0.656914 0.071895 0.061632
0 0.855132 0.171770 0.071895 0.061632
0 0.281349 0.218517 0.071895 0.061632
0 0.747419 0.606148 0.071895 0.061632
0 0.911114 0.512943 0.071895 0.061632
0 0.343812 0.701340 0.071895 0.061632
0 0.400880 0.602632 0.071895 0.061632
0 0.966950 0.977010 0.071895 0.061632
0 0.231466 0.983349 0.071895 0.061632
0 0.216276 0.074402 0.071895 0.061632
0 0.852874 0.888876 0.071895 0.061632
0 0.680880 0.080335 0.071895 0.061632
0 0.619883 0.169785 0.071895 0.061632
0 0.471730 0.979833 0.071895 0.061632
0 0.517801 0.515000 0.071895 0.061632
0 0.402053 0.416507 0.071895 0.061632
0 0.288504 0.929761 0.071895 0.061632
0 0.740616 0.367775 0.071895 0.061632
0 0.580645 0.656914 0.071895 0.061632
0 0.349003 0.886770 0.071895 0.061632
0 0.048240 0.367990 0.071895 0.061632
0 0.113930 0.883947 0.071895 0.061632
0 0.680880 0.515981 0.071895 0.061632
0 0.632317 0.417488 0.071895 0.061632
0 0.398358 0.465215 0.071895 0.061632
0 0.750029 0.840239 0.071895 0.061632
0 0.570088 0.464234 0.071895 0.061632
0 0.050850 0.926962 0.071895 0.061632