0 0.485009 0.400066 0.063903 0.070312
0 0.911991 0.701187 0.063903 0.070312
0 0.400239 0.811254 0.063903 0.070312
0 0.551808 0.405147 0.063903 0.070312
0 0.447398 0.667426 0.063903 0.070312
0 0.800838 0.647037 0.063903 0.070312
0 0.429433 0.742726 0.063903 0.070312
0 0.326698 0.802792 0.063903 0.070312
0 0.282911 0.600589 0.063903 0.070312
0 0.351960 0.500750 0.063903 0.070312
0 0.422136 0.599744 0.063903 0.070312
0 0.106081 0.514292 0.063903 0.070312
0 0.616144 0.802716 0.063903 0.070312
0 0.182426 0.799411 0.063903 0.070312
0 0.642527 0.502365 0.063903 0.070312
0 0.694739 0.599658 0.063903 0.070312
0 0.208809 0.577740 0.063903 0.070312
0 0.099905 0.805337 0.063903 0.070312
0 0.704789 0.400836 0.063903 0.070312
0 0.112817 0.400066 0.063903 0.070312
0 0.705967 0.733333 0.063903 0.070312
0 0.488715 0.591197 0.063903 0.070312
0 0.864127 0.390361 0.063903 0.070312
0 0.362067 0.735109 0.063903 0.070312
0 0.684575 0.806942 0.063903 0.070312
0 0.963636 0.630959 0.063903 0.070312
0 0.891159 0.787483 0.063903 0.070312
0 0.654877 0.652108 0.063903 0.070312
0 0.622880 0.596277 0.063903 0.070312
0 0.378910 0.661500 0.063903 0.070312
0 0.287965 0.730038 0.063903 0.070312
0 0.115060 0.596353 0.063903 0.070312
0 0.137517 0.735954 0.063903 0.070312
0 0.637984 0.722336 0.063903 0.070312
0 0.629559 0.398291 0.063903 0.070312
0 0.219477 0.729193 0.063903 0.070312
0 0.870391 0.643656 0.063903 0.070312
0 0.548778 0.807787 0.063903 0.070312
0 0.575167 0.507436 0.063903 0.070312
0 0.818746 0.795100 0.063903 0.070312
0 0.397996 0.397531 0.063903 0.070312
0 0.294140 0.666581 0.063903 0.070312
0 0.245860 0.800256 0.063903 0.070312
0 0.211059 0.665736 0.063903 0.070312
0 0.722243 0.510817 0.063903 0.070312
0 0.842886 0.723181 0.063903 0.070312
0 0.754241 0.799326 0.063903 0.070312
0 0.854675 0.497284 0.063903 0.070312
0 0.186358 0.499905 0.063903 0.070312
0 0.935003 0.498974 0.063903 0.070312
0 0.254285 0.399221 0.063903 0.070312
0 0.773327 0.718955 0.063903 0.070312
0 0.493201 0.497284 0.063903 0.070312
0 0.735098 0.657189 0.063903 0.070312
0 0.328387 0.391614 0.063903 0.070312
0 0.916988 0.586116 0.063903 0.070312
0 0.425501 0.497369 0.063903 0.070312
0 0.470189 0.805252 0.063903 0.070312
0 0.779452 0.393219 0.063903 0.070312
0 0.588078 0.658034 0.063903 0.070312
0 0.275614 0.499905 0.063903 0.070312
0 0.572357 0.730798 0.063903 0.070312
0 0.791802 0.501510 0.063903 0.070312
0 0.181304 0.389069 0.063903 0.070312
0 0.558267 0.598813 0.063903 0.070312
0 0.769401 0.594577 0.063903 0.070312
0 0.518973 0.659725 0.063903 0.070312
0 0.497133 0.735024 0.063903 0.070312
0 0.846251 0.592887 0.063903 0.070312
0 0.139761 0.659810 0.063903 0.070312
0 0.354770 0.597208 0.063903 0.070312
0 0.954039 0.387293 0.063903 0.070312