0 0.595000 0.577945 0.071071 0.241319
0 0.655722 0.876196 0.071071 0.241319
0 0.664148 0.297239 0.071071 0.241319
0 0.810056 0.586709 0.071071 0.241319
0 0.662463 0.580867 0.071071 0.241319
0 0.315000 0.257769 0.071071 0.241319
0 0.425481 0.569165 0.071071 0.241319
0 0.813426 0.886421 0.071071 0.241319
0 0.804148 0.300161 0.071071 0.241319
0 0.982935 0.424430 0.071071 0.241319
0 0.259343 0.901043 0.071071 0.241319
0 0.094046 0.903965 0.071071 0.241319
0 0.401870 0.266533 0.071071 0.241319
0 0.478611 0.275313 0.071071 0.241319
0 0.231509 0.250465 0.071071 0.241319
0 0.449944 0.873274 0.071071 0.241319
0 0.596685 0.288475 0.071071 0.241319
0 0.185972 0.902504 0.071071 0.241319
0 0.341148 0.564783 0.071071 0.241319
0 0.350426 0.883499 0.071071 0.241319
0 0.578972 0.874735 0.071071 0.241319
0 0.221389 0.558941 0.071071 0.241319
0 0.736676 0.292857 0.071071 0.241319
0 0.112602 0.548700 0.071071 0.241319
0 0.746796 0.595490 0.071071 0.241319
0 0.732463 0.874735 0.071071 0.241319