0 0.541375 0.692477 0.024232 0.345486
0 0.524656 0.235367 0.024232 0.345486
0 0.316594 0.684954 0.024232 0.345486
0 0.841094 0.676422 0.024232 0.345486
0 0.275781 0.676835 0.024232 0.345486
0 0.199594 0.227248 0.024232 0.345486
0 0.211469 0.668716 0.024232 0.345486
0 0.252156 0.230275 0.024232 0.345486
0 0.728719 0.239404 0.024232 0.345486
0 0.708656 0.241468 0.024232 0.345486
0 0.216188 0.230275 0.024232 0.345486
0 0.760406 0.686560 0.024232 0.345486
0 0.800625 0.241468 0.024232 0.345486
0 0.822094 0.680642 0.024232 0.345486
0 0.430156 0.690780 0.024232 0.345486
0 0.270844 0.230275 0.024232 0.345486
0 0.521219 0.692477 0.024232 0.345486
0 0.542656 0.237385 0.024232 0.345486
0 0.584625 0.690780 0.024232 0.345486
0 0.603062 0.690780 0.024232 0.345486
0 0.306094 0.233349 0.024232 0.345486
0 0.471562 0.236239 0.024232 0.345486
0 0.232781 0.230275 0.024232 0.345486
0 0.289500 0.231284 0.024232 0.345486
0 0.777687 0.684862 0.024232 0.345486
0 0.452031 0.231284 0.024232 0.345486
0 0.496437 0.692477 0.024232 0.345486
0 0.127094 0.655505 0.024232 0.345486
0 0.562719 0.241468 0.024232 0.345486
0 0.169969 0.661606 0.024232 0.345486
0 0.817937 0.242477 0.024232 0.345486
0 0.580000 0.240459 0.024232 0.345486
0 0.508063 0.236376 0.024232 0.345486
0 0.257812 0.672752 0.024232 0.345486
0 0.563281 0.692477 0.024232 0.345486
0 0.297906 0.681927 0.024232 0.345486
0 0.323406 0.234358 0.024232 0.345486
0 0.716031 0.694174 0.024232 0.345486
0 0.673375 0.238394 0.024232 0.345486
0 0.190031 0.666697 0.024232 0.345486
0 0.434063 0.233349 0.024232 0.345486
0 0.231531 0.670734 0.024232 0.345486
0 0.801344 0.682339 0.024232 0.345486
0 0.653313 0.240459 0.024232 0.345486
0 0.342062 0.234358 0.024232 0.345486
0 0.149219 0.659587 0.024232 0.345486
0 0.746000 0.241468 0.024232 0.345486
0 0.490094 0.236376 0.024232 0.345486
0 0.695844 0.695872 0.024232 0.345486
0 0.408812 0.689954 0.024232 0.345486
0 0.762594 0.242477 0.024232 0.345486
0 0.861844 0.669633 0.024232 0.345486
0 0.179531 0.227248 0.024232 0.345486
0 0.737344 0.693349 0.024232 0.345486
0 0.416781 0.233349 0.024232 0.345486
0 0.693438 0.242477 0.024232 0.345486
0 0.475094 0.692477 0.024232 0.345486
0 0.782656 0.241468 0.024232 0.345486
0 0.882031 0.666239 0.024232 0.345486
0 0.453188 0.692477 0.024232 0.345486