0 0.853435 0.496132 0.050587 0.067057
0 0.300500 0.759857 0.050587 0.067057
0 0.628968 0.656648 0.050587 0.067057
0 0.498871 0.804585 0.050587 0.067057
0 0.798210 0.517794 0.050587 0.067057
0 0.900758 0.601891 0.050587 0.067057
0 0.467597 0.571289 0.050587 0.067057
0 0.913677 0.568739 0.050587 0.067057
0 0.466887 0.633725 0.050587 0.067057
0 0.471903 0.749656 0.050587 0.067057
0 0.770242 0.464269 0.050587 0.067057
0 0.737968 0.696160 0.050587 0.067057
0 0.799645 0.494871 0.050587 0.067057
0 0.363613 0.707622 0.050587 0.067057
0 0.314839 0.717822 0.050587 0.067057
0 0.480516 0.493582 0.050587 0.067057
0 0.415242 0.609513 0.050587 0.067057
0 0.342806 0.596791 0.050587 0.067057
0 0.097548 0.823553 0.050587 0.067057
0 0.640435 0.489771 0.050587 0.067057
0 0.549355 0.701261 0.050587 0.067057
0 0.530000 0.491032 0.050587 0.067057
0 0.828339 0.656648 0.050587 0.067057
0 0.550790 0.656648 0.050587 0.067057
0 0.362177 0.796791 0.050587 0.067057
0 0.535016 0.627364 0.050587 0.067057
0 0.600274 0.561117 0.050587 0.067057
0 0.948097 0.603152 0.050587 0.067057
0 0.767371 0.488481 0.050587 0.067057
0 0.213726 0.622264 0.050587 0.067057
0 0.240984 0.789169 0.050587 0.067057
0 0.232371 0.859226 0.050587 0.067057
0 0.806823 0.460458 0.050587 0.067057
0 0.504887 0.606963 0.050587 0.067057
0 0.551500 0.789169 0.050587 0.067057
0 0.209419 0.675759 0.050587 0.067057
0 0.388710 0.536905 0.050587 0.067057
0 0.517081 0.687249 0.050587 0.067057
0 0.796065 0.620974 0.050587 0.067057
0 0.185032 0.747106 0.050587 0.067057
0 0.300500 0.534355 0.050587 0.067057
0 0.567290 0.468109 0.050587 0.067057
0 0.361468 0.743295 0.050587 0.067057
0 0.304806 0.814642 0.050587 0.067057
0 0.276839 0.680860 0.050587 0.067057
0 0.695661 0.627364 0.050587 0.067057
0 0.377952 0.575129 0.050587 0.067057
0 0.428161 0.856676 0.050587 0.067057
0 0.501306 0.510143 0.050587 0.067057
0 0.254597 0.632464 0.050587 0.067057
0 0.748726 0.624814 0.050587 0.067057
0 0.696935 0.711175 0.050587 0.067057
0 0.187903 0.645186 0.050587 0.067057
0 0.836226 0.573840 0.050587 0.067057
0 0.346403 0.477020 0.050587 0.067057
0 0.558677 0.571289 0.050587 0.067057
0 0.342806 0.654126 0.050587 0.067057
0 0.530710 0.544556 0.050587 0.067057
0 0.339952 0.533066 0.050587 0.067057
0 0.288306 0.641375 0.050587 0.067057
0 0.647613 0.711433 0.050587 0.067057
0 0.576613 0.635014 0.050587 0.067057
0 0.661226 0.505043 0.050587 0.067057
0 0.567290 0.498682 0.050587 0.067057
0 0.835500 0.612063 0.050587 0.067057
0 0.370065 0.513954 0.050587 0.067057
0 0.731516 0.647736 0.050587 0.067057
0 0.638290 0.606963 0.050587 0.067057
0 0.494855 0.470659 0.050587 0.067057
0 0.739403 0.581490 0.050587 0.067057
0 0.763065 0.559828 0.050587 0.067057
0 0.289742 0.878338 0.050587 0.067057
0 0.463290 0.484670 0.050587 0.067057
0 0.170694 0.786619 0.050587 0.067057
0 0.755177 0.530544 0.050587 0.067057
0 0.656935 0.561117 0.050587 0.067057
0 0.537161 0.585301 0.050587 0.067057
0 0.613903 0.512693 0.050587 0.067057
0 0.307677 0.595501 0.050587 0.067057
0 0.609597 0.627364 0.050587 0.067057
0 0.583774 0.530544 0.050587 0.067057
0 0.831194 0.474470 0.050587 0.067057
0 0.163532 0.851576 0.050587 0.067057
0 0.500597 0.647736 0.050587 0.067057
0 0.450387 0.666848 0.050587 0.067057
0 0.472613 0.529255 0.050587 0.067057
0 0.441065 0.582779 0.050587 0.067057
0 0.793194 0.468109 0.050587 0.067057
0 0.246710 0.736934 0.050587 0.067057
0 0.608887 0.715272 0.050587 0.067057
0 0.867774 0.599341 0.050587 0.067057
0 0.246000 0.677049 0.050587 0.067057
0 0.848419 0.538166 0.050587 0.067057
0 0.859887 0.468109 0.050587 0.067057
0 0.593097 0.757307 0.050587 0.067057
0 0.796774 0.554728 0.050587 0.067057
0 0.635419 0.576390 0.050587 0.067057
0 0.429597 0.641375 0.050587 0.067057
0 0.289032 0.573840 0.050587 0.067057
0 0.522823 0.735645 0.050587 0.067057
0 0.604581 0.482120 0.050587 0.067057
0 0.429597 0.722923 0.050587 0.067057
0 0.689919 0.562378 0.050587 0.067057
0 0.727935 0.456648 0.050587 0.067057
0 0.484806 0.590401 0.050587 0.067057
0 0.176435 0.706361 0.050587 0.067057
0 0.681306 0.664298 0.050587 0.067057
0 0.629677 0.548367 0.050587 0.067057
0 0.647613 0.474470 0.050587 0.067057
0 0.355000 0.557278 0.050587 0.067057
0 0.684177 0.474470 0.050587 0.067057
0 0.721468 0.470659 0.050587 0.067057
0 0.410226 0.499943 0.050587 0.067057
0 0.796774 0.671948 0.050587 0.067057
0 0.765226 0.598052 0.050587 0.067057
0 0.803226 0.586590 0.050587 0.067057
0 0.720048 0.600602 0.050587 0.067057
0 0.699242 0.506332 0.050587 0.067057
0 0.226629 0.711433 0.050587 0.067057
0 0.109016 0.752206 0.050587 0.067057
0 0.314129 0.671948 0.050587 0.067057
0 0.448952 0.799341 0.050587 0.067057
0 0.315565 0.568739 0.050587 0.067057
0 0.451113 0.608252 0.050587 0.067057
0 0.735823 0.494871 0.050587 0.067057
0 0.592387 0.591691 0.050587 0.067057
0 0.358597 0.684699 0.050587 0.067057
0 0.388000 0.650287 0.050587 0.067057
0 0.829758 0.485931 0.050587 0.067057
0 0.474774 0.698711 0.050587 0.067057
0 0.659806 0.636275 0.050587 0.067057
0 0.405919 0.685960 0.050587 0.067057
0 0.355000 0.871977 0.050587 0.067057
0 0.834065 0.461719 0.050587 0.067057
0 0.412371 0.539456 0.050587 0.067057
0 0.271823 0.550917 0.050587 0.067057
0 0.568726 0.610802 0.050587 0.067057
0 0.606016 0.664298 0.050587 0.067057
0 0.864903 0.559828 0.050587 0.067057
0 0.423855 0.767507 0.050587 0.067057
0 0.175000 0.945874 0.050587 0.067057
0 0.707129 0.545817 0.050587 0.067057
0 0.824032 0.520344 0.050587 0.067057
0 0.673419 0.595501 0.050587 0.067057
0 0.649758 0.533066 0.050587 0.067057