0 0.672506 0.229262 0.044271 0.059896
0 0.773476 0.243876 0.044271 0.059896
0 0.663728 0.645923 0.044271 0.059896
0 0.123438 0.847919 0.044271 0.059896
0 0.244156 0.951477 0.044271 0.059896
0 0.836020 0.704413 0.044271 0.059896
0 0.401448 0.886913 0.044271 0.059896
0 0.490151 0.778473 0.044271 0.059896
0 0.183791 0.568926 0.044271 0.059896
0 0.900768 0.245336 0.044271 0.059896
0 0.093262 0.609128 0.044271 0.059896
0 0.815176 0.128389 0.044271 0.059896
0 0.346574 0.186862 0.044271 0.059896
0 0.978690 0.574295 0.044271 0.059896
0 0.749332 0.197097 0.044271 0.059896
0 0.758111 0.474866 0.044271 0.059896
0 0.646083 0.585990 0.044271 0.059896
0 0.131662 0.538473 0.044271 0.059896
0 0.048451 0.292366 0.044271 0.059896
0 0.883212 0.425168 0.044271 0.059896
0 0.144471 0.651779 0.044271 0.059896
0 0.290793 0.360587 0.044271 0.059896
0 0.884307 0.306745 0.044271 0.059896
0 0.966524 0.673708 0.044271 0.059896
0 0.117947 0.467802 0.044271 0.059896
0 0.443149 0.596225 0.044271 0.059896
0 0.690063 0.265805 0.044271 0.059896
0 0.326461 0.520201 0.044271 0.059896
0 0.634005 0.723406 0.044271 0.059896
0 0.767985 0.803826 0.044271 0.059896
0 0.078627 0.551879 0.044271 0.059896
0 0.920441 0.295050 0.044271 0.059896
0 0.014610 0.399581 0.044271 0.059896
0 0.944673 0.724883 0.044271 0.059896
0 0.229521 0.553087 0.044271 0.059896
0 0.745945 0.303826 0.044271 0.059896
0 0.219458 0.493389 0.044271 0.059896
0 0.413514 0.273121 0.044271 0.059896
0 0.094194 0.993641 0.044271 0.059896
0 0.857972 0.628389 0.044271 0.059896
0 0.649458 0.783356 0.044271 0.059896
0 0.142645 0.308205 0.044271 0.059896
0 0.164584 0.471460 0.044271 0.059896
0 0.363955 0.975856 0.044271 0.059896
0 0.533048 0.758507 0.044271 0.059896
0 0.698854 0.167852 0.044271 0.059896
0 0.147217 0.358154 0.044271 0.059896
0 0.924912 0.803826 0.044271 0.059896
0 0.829345 0.173708 0.044271 0.059896
0 0.923728 0.524581 0.044271 0.059896
0 0.551700 0.822836 0.044271 0.059896
0 0.417909 0.483641 0.044271 0.059896
0 0.278904 0.808943 0.044271 0.059896
0 0.267935 0.475117 0.044271 0.059896
0 0.452935 0.420772 0.044271 0.059896
0 0.473879 0.147383 0.044271 0.059896
0 0.402456 0.221946 0.044271 0.059896
0 0.346574 0.393490 0.044271 0.059896
0 0.475982 0.723406 0.044271 0.059896
0 0.786549 0.290654 0.044271 0.059896
0 0.373098 0.758993 0.044271 0.059896
0 0.029244 0.514111 0.044271 0.059896
0 0.074055 0.877164 0.044271 0.059896
0 0.482569 0.188322 0.044271 0.059896
0 0.829345 0.841829 0.044271 0.059896
0 0.584622 0.372534 0.044271 0.059896
0 0.808589 0.650319 0.044271 0.059896
0 0.860164 0.761426 0.044271 0.059896
0 0.850290 0.115218 0.044271 0.059896
0 0.571549 0.887148 0.044271 0.059896
0 0.840327 0.562601 0.044271 0.059896
0 0.289874 0.590856 0.044271 0.059896
0 0.390378 0.169312 0.044271 0.059896
0 0.900768 0.490956 0.044271 0.059896
0 0.702053 0.319899 0.044271 0.059896
0 0.778866 0.039195 0.044271 0.059896
0 0.193854 0.342315 0.044271 0.059896
0 0.158186 0.409329 0.044271 0.059896
0 0.224030 0.815034 0.044271 0.059896
0 0.781058 0.873993 0.044271 0.059896
0 0.428791 0.156158 0.044271 0.059896
0 0.314572 0.989245 0.044271 0.059896
0 0.147217 0.985604 0.044271 0.059896
0 0.745945 0.743876 0.044271 0.059896
0 0.407947 0.436862 0.044271 0.059896
0 0.978690 0.445638 0.044271 0.059896
0 0.566058 0.486577 0.044271 0.059896
0 0.215806 0.749245 0.044271 0.059896
0 0.643892 0.935403 0.044271 0.059896
0 0.736071 0.419312 0.044271 0.059896
0 0.303589 0.935638 0.044271 0.059896
0 0.096914 0.666393 0.044271 0.059896
0 0.551700 0.267265 0.044271 0.059896
0 0.085025 0.949044 0.044271 0.059896
0 0.490340 0.585990 0.044271 0.059896
0 0.282557 0.311862 0.044271 0.059896
0 0.715315 0.216107 0.044271 0.059896
0 0.940189 0.461711 0.044271 0.059896
0 0.164584 0.769950 0.044271 0.059896
0 0.919433 0.410554 0.044271 0.059896
0 0.898489 0.606460 0.044271 0.059896
0 0.382695 0.331594 0.044271 0.059896
0 0.051184 0.689547 0.044271 0.059896
0 0.607758 0.147383 0.044271 0.059896
0 0.258778 0.425168 0.044271 0.059896
0 0.539534 0.978289 0.044271 0.059896
0 0.863363 0.368154 0.044271 0.059896
0 0.882028 0.688322 0.044271 0.059896
0 0.613249 0.471946 0.044271 0.059896
0 0.359748 0.233641 0.044271 0.059896
0 0.826146 0.280436 0.044271 0.059896
0 0.688967 0.566980 0.044271 0.059896
0 0.793224 0.083054 0.044271 0.059896
0 0.845806 0.444178 0.044271 0.059896
0 0.253300 0.377651 0.044271 0.059896
0 0.707632 0.623993 0.044271 0.059896
0 0.539723 0.224866 0.044271 0.059896
0 0.618640 0.868154 0.044271 0.059896
0 0.492443 0.397383 0.044271 0.059896
0 0.601083 0.417852 0.044271 0.059896
0 0.138980 0.592081 0.044271 0.059896
0 0.095995 0.322819 0.044271 0.059896
0 0.137154 0.259480 0.044271 0.059896
0 0.629622 0.528960 0.044271 0.059896
0 0.632997 0.238037 0.044271 0.059896
0 0.454496 0.871074 0.044271 0.059896
0 0.956650 0.391544 0.044271 0.059896
0 0.040214 0.618876 0.044271 0.059896
0 0.358463 0.439782 0.044271 0.059896
0 0.679005 0.708792 0.044271 0.059896
0 0.021008 0.458054 0.044271 0.059896
0 0.849194 0.214631 0.044271 0.059896
0 0.523262 0.175168 0.044271 0.059896
0 0.205743 0.394715 0.044271 0.059896
0 0.594496 0.251191 0.044271 0.059896
0 0.842607 0.325755 0.044271 0.059896
0 0.935894 0.338909 0.044271 0.059896
0 0.092343 0.271661 0.044271 0.059896
0 0.434370 0.800403 0.044271 0.059896
0 0.539723 0.384228 0.044271 0.059896
0 0.602179 0.300889 0.044271 0.059896
0 0.797519 0.585990 0.044271 0.059896
0 0.340176 0.575017 0.044271 0.059896
0 0.615441 0.663473 0.044271 0.059896
0 0.462809 0.463171 0.044271 0.059896
0 0.468388 0.303826 0.044271 0.059896
0 0.265189 0.207081 0.044271 0.059896
0 0.777771 0.143003 0.044271 0.059896
0 0.657141 0.185403 0.044271 0.059896
0 0.189282 0.292366 0.044271 0.059896
0 0.665919 0.081594 0.044271 0.059896
0 0.176474 0.840621 0.044271 0.059896
0 0.972947 0.732500 0.044271 0.059896
0 0.429987 0.539195 0.044271 0.059896
0 0.897393 0.745336 0.044271 0.059896
0 0.236839 0.319178 0.044271 0.059896
0 0.647267 0.287735 0.044271 0.059896
0 0.496826 0.239497 0.044271 0.059896
0 0.679005 0.384228 0.044271 0.059896
0 0.699950 0.442718 0.044271 0.059896
0 0.760302 0.099144 0.044271 0.059896
0 0.935894 0.583054 0.044271 0.059896
0 0.458426 0.254111 0.044271 0.059896
0 0.398703 0.622534 0.044271 0.059896
0 0.602179 0.603523 0.044271 0.059896
0 0.708728 0.065520 0.044271 0.059896
0 0.105151 0.367903 0.044271 0.059896
0 0.688967 0.913473 0.044271 0.059896
0 0.331940 0.785789 0.044271 0.059896
0 0.299018 0.643238 0.044271 0.059896
0 0.522078 0.498272 0.044271 0.059896
0 0.148123 0.709044 0.044271 0.059896
0 0.224950 0.231460 0.044271 0.059896
0 0.714207 0.490956 0.044271 0.059896
0 0.803010 0.457332 0.044271 0.059896
0 0.961134 0.787735 0.044271 0.059896
0 0.672506 0.509966 0.044271 0.059896
0 0.590202 0.740956 0.044271 0.059896
0 0.729484 0.251191 0.044271 0.059896
0 0.380416 0.554312 0.044271 0.059896
0 0.830441 0.390084 0.044271 0.059896
0 0.113375 0.785789 0.044271 0.059896
0 0.602179 0.802366 0.044271 0.059896
0 0.717506 0.824295 0.044271 0.059896
0 0.457330 0.657617 0.044271 0.059896
0 0.806297 0.230721 0.044271 0.059896
0 0.062166 0.808943 0.044271 0.059896
0 0.752531 0.604983 0.044271 0.059896
0 0.589106 0.550889 0.044271 0.059896
0 0.792128 0.720487 0.044271 0.059896
0 0.770088 0.359379 0.044271 0.059896
0 0.590202 0.961711 0.044271 0.059896
0 0.416083 0.961225 0.044271 0.059896
0 0.173741 0.515319 0.044271 0.059896
0 0.103312 0.732181 0.044271 0.059896
0 0.880932 0.545050 0.044271 0.059896
0 0.345668 0.847919 0.044271 0.059896
0 0.523073 0.916158 0.044271 0.059896
0 0.873249 0.830134 0.044271 0.059896
0 0.682393 0.126913 0.044271 0.059896
0 0.354811 0.910067 0.044271 0.059896
0 0.735063 0.549430 0.044271 0.059896
0 0.179219 0.244849 0.044271 0.059896
0 0.507809 0.645923 0.044271 0.059896
0 0.066738 0.445872 0.044271 0.059896
0 0.963237 0.518742 0.044271 0.059896
0 0.110630 0.422735 0.044271 0.059896
0 0.200252 0.973406 0.044271 0.059896
0 0.230428 0.278960 0.044271 0.059896
0 0.185617 0.897869 0.044271 0.059896
0 0.563778 0.321359 0.044271 0.059896
0 0.865567 0.160537 0.044271 0.059896
0 0.735063 0.891544 0.044271 0.059896
0 0.474887 0.524581 0.044271 0.059896
0 0.523262 0.710252 0.044271 0.059896
0 0.239584 0.609128 0.044271 0.059896
0 0.619748 0.197097 0.044271 0.059896
0 0.491071 0.990470 0.044271 0.059896
0 0.735063 0.154698 0.044271 0.059896
0 0.388640 0.822349 0.044271 0.059896
0 0.327368 0.297248 0.044271 0.059896
0 0.305428 0.199782 0.044271 0.059896
0 0.506801 0.454413 0.044271 0.059896
0 0.635101 0.400319 0.044271 0.059896
0 0.806297 0.346225 0.044271 0.059896
0 0.917229 0.667852 0.044271 0.059896
0 0.776763 0.530436 0.044271 0.059896
0 0.794232 0.185403 0.044271 0.059896
0 0.304509 0.410554 0.044271 0.059896
0 0.717506 0.116678 0.044271 0.059896
0 0.512191 0.131309 0.044271 0.059896
0 0.077708 0.497047 0.044271 0.059896
0 0.768992 0.663473 0.044271 0.059896
0 0.654861 0.457332 0.044271 0.059896
0 0.525365 0.331594 0.044271 0.059896
0 0.058501 0.746812 0.044271 0.059896
0 0.312746 0.461711 0.044271 0.059896
0 0.788741 0.410554 0.044271 0.059896
0 0.864471 0.495336 0.044271 0.059896
0 0.727292 0.691242 0.044271 0.059896
0 0.274332 0.260688 0.044271 0.059896
0 0.901864 0.359379 0.044271 0.059896
0 0.425592 0.318440 0.044271 0.059896
0 0.362128 0.701728 0.044271 0.059896
0 0.053929 0.342315 0.044271 0.059896
0 0.552897 0.625453 0.044271 0.059896
0 0.502040 0.846711 0.044271 0.059896
0 0.263363 0.739497 0.044271 0.059896
0 0.580327 0.213171 0.044271 0.059896
0 0.437569 0.362299 0.044271 0.059896
0 0.511184 0.286275 0.044271 0.059896
0 0.237746 0.885688 0.044271 0.059896
0 0.669131 0.843289 0.044271 0.059896
0 0.631902 0.093289 0.044271 0.059896
0 0.132582 0.919799 0.044271 0.059896
0 0.034723 0.566493 0.044271 0.059896
0 0.061247 0.394715 0.044271 0.059896
0 0.371272 0.503138 0.044271 0.059896
0 0.539723 0.569899 0.044271 0.059896
0 0.568161 0.683943 0.044271 0.059896
0 0.202997 0.690755 0.044271 0.059896
0 0.314572 0.723658 0.044271 0.059896
0 0.413338 0.689547 0.044271 0.059896
0 0.996247 0.492416 0.044271 0.059896
0 0.647267 0.134228 0.044271 0.059896
0 0.341096 0.345973 0.044271 0.059896
0 0.208489 0.432483 0.044271 0.059896
0 0.477166 0.347685 0.044271 0.059896
0 0.811788 0.786275 0.044271 0.059896
0 0.886511 0.201477 0.044271 0.059896
0 0.550605 0.432483 0.044271 0.059896
0 0.371814 0.283356 0.044271 0.059896
0 0.620844 0.356460 0.044271 0.059896
0 0.566058 0.164933 0.044271 0.059896
0 0.740554 0.058205 0.044271 0.059896
0 0.826146 0.509966 0.044271 0.059896
0 0.350239 0.635940 0.044271 0.059896
0 0.443149 0.205872 0.044271 0.059896
0 0.315479 0.250940 0.044271 0.059896
0 0.591297 0.109379 0.044271 0.059896
0 0.279824 0.533591 0.044271 0.059896
0 0.473690 0.941745 0.044271 0.059896
0 0.552897 0.115218 0.044271 0.059896
0 0.287128 0.858893 0.044271 0.059896
0 0.862267 0.261426 0.044271 0.059896
0 0.427053 0.749245 0.044271 0.059896
0 0.253300 0.678574 0.044271 0.059896
0 0.192935 0.640805 0.044271 0.059896
0 0.721801 0.373993 0.044271 0.059896
0 0.694370 0.761426 0.044271 0.059896
0 0.661448 0.337450 0.044271 0.059896
0 0.390378 0.376913 0.044271 0.059896