0 0.934360 0.823693 0.036386 0.181424
0 0.256640 0.828880 0.036386 0.181424
0 0.254760 0.394066 0.036386 0.181424
0 0.534000 0.253444 0.036386 0.181424
0 0.818260 0.253444 0.036386 0.181424
0 0.173800 0.504730 0.036386 0.181424
0 0.746100 0.254730 0.036386 0.181424
0 0.844620 0.360207 0.036386 0.181424
0 0.134280 0.158423 0.036386 0.181424
0 0.704680 0.632282 0.036386 0.181424
0 0.133640 0.401867 0.036386 0.181424
0 0.167520 0.271660 0.036386 0.181424
0 0.443000 0.386224 0.036386 0.181424
0 0.094120 0.401867 0.036386 0.181424
0 0.278600 0.153195 0.036386 0.181424
0 0.419160 0.642697 0.036386 0.181424
0 0.212720 0.508631 0.036386 0.181424
0 0.170660 0.396639 0.036386 0.181424
0 0.234040 0.506017 0.036386 0.181424
0 0.594860 0.370622 0.036386 0.181424
0 0.785000 0.256058 0.036386 0.181424
0 0.768680 0.485187 0.036386 0.181424
0 0.425440 0.265145 0.036386 0.181424
0 0.750500 0.362822 0.036386 0.181424
0 0.485060 0.636183 0.036386 0.181424
0 0.845240 0.487801 0.036386 0.181424
0 0.582940 0.633610 0.036386 0.181424
0 0.546540 0.632282 0.036386 0.181424
0 0.723500 0.806763 0.036386 0.181424
0 0.619340 0.494315 0.036386 0.181424
0 0.296180 0.392739 0.036386 0.181424
0 0.833320 0.625768 0.036386 0.181424
0 0.153720 0.647925 0.036386 0.181424
0 0.370840 0.506017 0.036386 0.181424
0 0.142420 0.828880 0.036386 0.181424
0 0.851520 0.834108 0.036386 0.181424
0 0.656360 0.369295 0.036386 0.181424
0 0.598000 0.145394 0.036386 0.181424
0 0.047040 0.651826 0.036386 0.181424
0 0.542780 0.814564 0.036386 0.181424
0 0.491960 0.262573 0.036386 0.181424
0 0.667040 0.492988 0.036386 0.181424
0 0.478140 0.494315 0.036386 0.181424
0 0.849020 0.250830 0.036386 0.181424
0 0.200780 0.274274 0.036386 0.181424
0 0.216480 0.397967 0.036386 0.181424
0 0.805080 0.365394 0.036386 0.181424
0 0.320640 0.506017 0.036386 0.181424
0 0.215220 0.644025 0.036386 0.181424
0 0.077160 0.836680 0.036386 0.181424
0 0.524580 0.386224 0.036386 0.181424
0 0.814500 0.831494 0.036386 0.181424
0 0.205180 0.150581 0.036386 0.181424
0 0.449280 0.634896 0.036386 0.181424
0 0.569140 0.261245 0.036386 0.181424
0 0.362060 0.818465 0.036386 0.181424
0 0.828300 0.145394 0.036386 0.181424
0 0.402840 0.824979 0.036386 0.181424
0 0.676440 0.630996 0.036386 0.181424
0 0.608680 0.628382 0.036386 0.181424
0 0.315620 0.153195 0.036386 0.181424
0 0.799440 0.627095 0.036386 0.181424
0 0.522700 0.155809 0.036386 0.181424
0 0.410380 0.387552 0.036386 0.181424
0 0.033860 0.848423 0.036386 0.181424
0 0.694020 0.144066 0.036386 0.181424
0 0.792540 0.487801 0.036386 0.181424
0 0.552200 0.157095 0.036386 0.181424
0 0.086580 0.653112 0.036386 0.181424
0 0.860300 0.627095 0.036386 0.181424
0 0.869720 0.360207 0.036386 0.181424
0 0.455560 0.159710 0.036386 0.181424
0 0.535260 0.494315 0.036386 0.181424
0 0.453680 0.821079 0.036386 0.181424
0 0.243460 0.153195 0.036386 0.181424
0 0.619960 0.365394 0.036386 0.181424
0 0.711580 0.253444 0.036386 0.181424
0 0.738560 0.629710 0.036386 0.181424
0 0.113560 0.646598 0.036386 0.181424
0 0.293040 0.822365 0.036386 0.181424
0 0.212080 0.827593 0.036386 0.181424
0 0.313740 0.269087 0.036386 0.181424
0 0.769940 0.141494 0.036386 0.181424
0 0.124860 0.275560 0.036386 0.181424
0 0.421040 0.500788 0.036386 0.181424
0 0.398460 0.502116 0.036386 0.181424
0 0.062100 0.513817 0.036386 0.181424
0 0.560360 0.373237 0.036386 0.181424
0 0.768060 0.805436 0.036386 0.181424
0 0.262920 0.504730 0.036386 0.181424
0 0.169420 0.153195 0.036386 0.181424
0 0.367700 0.391452 0.036386 0.181424
0 0.130500 0.509917 0.036386 0.181424
0 0.349500 0.150581 0.036386 0.181424
0 0.643180 0.630996 0.036386 0.181424
0 0.675820 0.256058 0.036386 0.181424
0 0.249740 0.642697 0.036386 0.181424
0 0.718480 0.366722 0.036386 0.181424
0 0.381520 0.638797 0.036386 0.181424
0 0.493200 0.817178 0.036386 0.181424
0 0.670160 0.808050 0.036386 0.181424
0 0.481280 0.384938 0.036386 0.181424
0 0.352640 0.267759 0.036386 0.181424
0 0.315000 0.634896 0.036386 0.181424
0 0.291780 0.502116 0.036386 0.181424
0 0.515180 0.633610 0.036386 0.181424
0 0.422920 0.158423 0.036386 0.181424
0 0.562240 0.492988 0.036386 0.181424
0 0.817640 0.489087 0.036386 0.181424
0 0.286760 0.640124 0.036386 0.181424
0 0.385900 0.266473 0.036386 0.181424
0 0.352640 0.640124 0.036386 0.181424
0 0.319380 0.824979 0.036386 0.181424
0 0.690880 0.494315 0.036386 0.181424
0 0.745480 0.489087 0.036386 0.181424
0 0.089720 0.275560 0.036386 0.181424
0 0.729780 0.137593 0.036386 0.181424
0 0.586080 0.815851 0.036386 0.181424
0 0.630000 0.814564 0.036386 0.181424
0 0.891060 0.824979 0.036386 0.181424
0 0.899220 0.489087 0.036386 0.181424
0 0.096620 0.157095 0.036386 0.181424
0 0.640040 0.257344 0.036386 0.181424
0 0.506380 0.502116 0.036386 0.181424
0 0.449920 0.495602 0.036386 0.181424
0 0.236560 0.276888 0.036386 0.181424
0 0.660760 0.145394 0.036386 0.181424
0 0.586080 0.494315 0.036386 0.181424
0 0.766800 0.630996 0.036386 0.181424
0 0.628760 0.148008 0.036386 0.181424
0 0.873480 0.483900 0.036386 0.181424
0 0.184480 0.827593 0.036386 0.181424
0 0.384020 0.153195 0.036386 0.181424
0 0.777480 0.365394 0.036386 0.181424
0 0.281740 0.270373 0.036386 0.181424
0 0.328180 0.388838 0.036386 0.181424
0 0.488820 0.154481 0.036386 0.181424
0 0.689620 0.366722 0.036386 0.181424
0 0.604900 0.253444 0.036386 0.181424
0 0.102900 0.513817 0.036386 0.181424
0 0.643180 0.491701 0.036386 0.181424
0 0.183840 0.645311 0.036386 0.181424
0 0.111680 0.832780 0.036386 0.181424
0 0.891060 0.625768 0.036386 0.181424
0 0.347620 0.507303 0.036386 0.181424
0 0.719740 0.490373 0.036386 0.181424