0 0.727344 0.842031 0.122987 0.262153
0 0.608916 0.843490 0.122987 0.262153
0 0.507764 0.458976 0.122987 0.262153
0 0.612207 0.128576 0.122987 0.262153
0 0.162373 0.447292 0.122987 0.262153
0 0.157441 0.140278 0.122987 0.262153
0 0.273389 0.450208 0.122987 0.262153
0 0.387705 0.463368 0.122987 0.262153
0 0.163193 0.820104 0.122987 0.262153
0 0.389346 0.828872 0.122987 0.262153
0 0.828496 0.811319 0.122987 0.262153
0 0.493789 0.134427 0.122987 0.262153
0 0.813691 0.128576 0.122987 0.262153
0 0.719121 0.450208 0.122987 0.262153
0 0.705137 0.122726 0.122987 0.262153
0 0.608096 0.458976 0.122987 0.262153
0 0.265166 0.820104 0.122987 0.262153
0 0.384414 0.144653 0.122987 0.262153
0 0.494609 0.839097 0.122987 0.262153
0 0.817803 0.458976 0.122987 0.262153
0 0.270107 0.150503 0.122987 0.262153