0 0.478207 0.359386 0.150980 0.185764
0 0.562616 0.717575 0.150980 0.185764
0 0.233224 0.639611 0.150980 0.185764
0 0.855310 0.637171 0.150980 0.185764
0 0.577294 0.140090 0.150980 0.185764
0 0.502063 0.529955 0.150980 0.185764
0 0.163495 0.286287 0.150980 0.185764
0 0.796584 0.416647 0.150980 0.185764
0 0.754374 0.253398 0.150980 0.185764
0 0.643360 0.476347 0.150980 0.185764
0 0.308455 0.233907 0.150980 0.185764
0 0.699324 0.104760 0.150980 0.185764
0 0.406640 0.767530 0.150980 0.185764
0 0.336900 0.412994 0.150980 0.185764
0 0.449763 0.186392 0.150980 0.185764
0 0.613078 0.313099 0.150980 0.185764
0 0.242401 0.830883 0.150980 0.185764
0 0.366268 0.588443 0.150980 0.185764
0 0.689233 0.662754 0.150980 0.185764
0 0.191939 0.458084 0.150980 0.185764