0 0.606217 0.413485 0.119792 0.119792
0 0.512232 0.357093 0.119792 0.119792
0 0.405714 0.629024 0.119792 0.119792
0 0.713985 0.467371 0.119792 0.119792
0 0.315489 0.353333 0.119792 0.119792
0 0.617497 0.521253 0.119792 0.119792
0 0.713985 0.363360 0.119792 0.119792
0 0.713985 0.575139 0.119792 0.119792
0 0.510979 0.248072 0.119792 0.119792
0 0.503459 0.681657 0.119792 0.119792
0 0.307973 0.570126 0.119792 0.119792
0 0.611230 0.637794 0.119792 0.119792
0 0.509726 0.457345 0.119792 0.119792
0 0.416994 0.410979 0.119792 0.119792
0 0.410728 0.299451 0.119792 0.119792
0 0.414487 0.517497 0.119792 0.119792
0 0.611230 0.300704 0.119792 0.119792
0 0.307973 0.464864 0.119792 0.119792
0 0.507219 0.580152 0.119792 0.119792