0 0.077939 0.595420 0.189236 0.281250
0 0.699665 0.569113 0.189236 0.281250
0 0.107157 0.863837 0.189236 0.281250
0 0.782636 0.784892 0.189236 0.281250
0 0.232204 0.369113 0.189236 0.281250
0 0.766278 0.321751 0.189236 0.281250
0 0.900671 0.946307 0.189236 0.281250
0 0.357252 0.146307 0.189236 0.281250
0 0.950927 0.311223 0.189236 0.281250
0 0.511518 0.965612 0.189236 0.281250
0 0.699665 0.976139 0.189236 0.281250
0 0.066246 0.374365 0.189236 0.281250
0 0.198307 0.132278 0.189236 0.281250
0 0.533722 0.134029 0.189236 0.281250
0 0.058067 0.109448 0.189236 0.281250
0 0.590974 0.330504 0.189236 0.281250
0 0.484633 0.569113 0.189236 0.281250
0 0.865623 0.546307 0.189236 0.281250
0 0.976645 0.758585 0.189236 0.281250
0 0.249728 0.849808 0.189236 0.281250
0 0.887827 0.128753 0.189236 0.281250
0 0.607348 0.772614 0.189236 0.281250
0 0.685639 0.137530 0.189236 0.281250
0 0.296486 0.621751 0.189236 0.281250
0 0.412173 0.346307 0.189236 0.281250