0 0.185583 0.588700 0.082465 0.177083
0 0.660733 0.479050 0.082465 0.177083
0 0.356150 0.616108 0.082465 0.177083
0 0.452092 0.425750 0.082465 0.177083
0 0.802367 0.632867 0.082465 0.177083
0 0.520625 0.436408 0.082465 0.177083
0 0.720125 0.494283 0.082465 0.177083
0 0.578500 0.448592 0.082465 0.177083
0 0.398792 0.472958 0.082465 0.177083
0 0.534333 0.558242 0.082465 0.177083
0 0.465800 0.477525 0.082465 0.177083
0 0.275442 0.439458 0.082465 0.177083
0 0.675967 0.588700 0.082465 0.177083
0 0.468850 0.643525 0.082465 0.177083
0 0.400317 0.533875 0.082465 0.177083
0 0.602867 0.567383 0.082465 0.177083
0 0.395750 0.413567 0.082465 0.177083
0 0.348533 0.451642 0.082465 0.177083
0 0.332750 0.517083 0.082465 0.177083
0 0.519100 0.491233 0.082465 0.177083
0 0.753633 0.698350 0.082465 0.177083
0 0.458183 0.543017 0.082465 0.177083
0 0.636367 0.673983 0.082465 0.177083
0 0.213000 0.498850 0.082465 0.177083
0 0.544992 0.649617 0.082465 0.177083
0 0.861758 0.504942 0.082465 0.177083
0 0.588833 0.500167 0.082465 0.177083
0 0.738400 0.605450 0.082465 0.177083
0 0.301325 0.611542 0.082465 0.177083
0 0.281533 0.509508 0.082465 0.177083
0 0.802367 0.498850 0.082465 0.177083
0 0.418592 0.632867 0.082465 0.177083
0 0.249550 0.597842 0.082465 0.177083
0 0.325692 0.402908 0.082465 0.177083