0 0.082383 0.754583 0.065398 0.253472
0 0.668740 0.795642 0.065398 0.253472
0 0.009092 0.160208 0.065398 0.253472
0 0.223955 0.186979 0.065398 0.253472
0 0.964922 0.458299 0.065398 0.253472
0 0.917734 0.097726 0.065398 0.253472
0 0.593437 0.792066 0.065398 0.253472
0 0.258086 0.463646 0.065398 0.253472
0 0.117529 0.485069 0.065398 0.253472
0 0.175762 0.195903 0.065398 0.253472
0 0.349453 0.103090 0.065398 0.253472
0 0.893633 0.463646 0.065398 0.253472
0 0.925762 0.815278 0.065398 0.253472
0 0.094434 0.167344 0.065398 0.253472
0 0.165723 0.167344 0.065398 0.253472
0 0.068330 0.506476 0.065398 0.253472
0 0.036201 0.161997 0.065398 0.253472
0 0.370537 0.781372 0.065398 0.253472
0 0.191826 0.776007 0.065398 0.253472
0 0.632588 0.454722 0.065398 0.253472
0 0.549258 0.101302 0.065398 0.253472
0 0.045234 0.192344 0.065398 0.253472
0 0.723955 0.809931 0.065398 0.253472
0 0.030176 0.752812 0.065398 0.253472
0 0.257090 0.777795 0.065398 0.253472
0 0.138613 0.120937 0.065398 0.253472
0 0.834404 0.460069 0.065398 0.253472
0 0.295234 0.183403 0.065398 0.253472
0 0.140615 0.165556 0.065398 0.253472
0 0.140615 0.190556 0.065398 0.253472
0 0.769141 0.094167 0.065398 0.253472
0 0.066318 0.167344 0.065398 0.253472
0 0.296240 0.774219 0.065398 0.253472
0 0.427773 0.788507 0.065398 0.253472
0 0.489014 0.749236 0.065398 0.253472
0 0.703877 0.465434 0.065398 0.253472
0 0.218936 0.161997 0.065398 0.253472
0 0.637607 0.092378 0.065398 0.253472
0 0.191826 0.468993 0.065398 0.253472
0 0.094434 0.195903 0.065398 0.253472
0 0.169736 0.126285 0.065398 0.253472
0 0.534199 0.444010 0.065398 0.253472
0 0.489014 0.101302 0.065398 0.253472
0 0.430781 0.108438 0.065398 0.253472
0 0.981992 0.097726 0.065398 0.253472
0 0.012100 0.424375 0.065398 0.253472
0 0.544238 0.729601 0.065398 0.253472
0 0.040215 0.120937 0.065398 0.253472
0 0.379580 0.451146 0.065398 0.253472
0 0.314316 0.460069 0.065398 0.253472
0 0.145635 0.470781 0.065398 0.253472
0 0.073350 0.190556 0.065398 0.253472
0 0.836406 0.097726 0.065398 0.253472
0 0.678779 0.090590 0.065398 0.253472
0 0.116523 0.199479 0.065398 0.253472
0 0.117529 0.167344 0.065398 0.253472
0 0.225957 0.129861 0.065398 0.253472
0 0.013105 0.345833 0.065398 0.253472
0 0.166719 0.092378 0.065398 0.253472
0 0.290215 0.135226 0.065398 0.253472
0 0.980986 0.806354 0.065398 0.253472
0 0.006084 0.197691 0.065398 0.253472
0 0.290215 0.072743 0.065398 0.253472
0 0.038213 0.502917 0.065398 0.253472
0 0.014111 0.515417 0.065398 0.253472
0 0.859502 0.818854 0.065398 0.253472
0 0.777168 0.467222 0.065398 0.253472
0 0.132588 0.776007 0.065398 0.253472
0 0.795244 0.818854 0.065398 0.253472