0 0.524712 0.041583 0.031177 0.121528
0 0.052777 0.113550 0.031177 0.121528
0 0.029644 0.202650 0.031177 0.121528
0 0.819901 0.216367 0.031177 0.121528
0 0.978137 0.408267 0.031177 0.121528
0 0.846737 0.689267 0.031177 0.121528
0 0.685725 0.106700 0.031177 0.121528
0 0.446058 0.593317 0.031177 0.121528
0 0.370176 0.603600 0.031177 0.121528
0 0.524712 0.233500 0.031177 0.121528
0 0.367399 0.394567 0.031177 0.121528
0 0.797691 0.692700 0.031177 0.121528
0 0.469190 0.120400 0.031177 0.121528
0 0.707934 0.041583 0.031177 0.121528
0 0.365549 0.960000 0.031177 0.121528
0 0.473816 0.397983 0.031177 0.121528
0 0.632979 0.219783 0.031177 0.121528
0 0.240626 0.421967 0.031177 0.121528
0 0.311881 0.041583 0.031177 0.121528
0 0.768083 0.315733 0.031177 0.121528
0 0.606143 0.696133 0.031177 0.121528
0 0.607993 0.216367 0.031177 0.121528
0 0.578384 0.881183 0.031177 0.121528
0 0.972588 0.973717 0.031177 0.121528
0 0.315581 0.195800 0.031177 0.121528
0 0.264685 0.120400 0.031177 0.121528
0 0.239703 0.212933 0.031177 0.121528
0 0.632979 0.319167 0.031177 0.121528
0 0.235999 0.045017 0.031177 0.121528
0 0.658888 0.706417 0.031177 0.121528
0 0.766233 0.439117 0.031177 0.121528
0 0.901332 0.798933 0.031177 0.121528
0 0.290594 0.696133 0.031177 0.121528
0 0.475666 0.973717 0.031177 0.121528
0 0.081463 0.041583 0.031177 0.121528
0 0.846737 0.596750 0.031177 0.121528
0 0.237849 0.679000 0.031177 0.121528
0 0.417372 0.110133 0.031177 0.121528
0 0.582084 0.233500 0.031177 0.121528
0 0.444208 0.216367 0.031177 0.121528
0 0.105522 0.415117 0.031177 0.121528
0 0.341490 0.785233 0.031177 0.121528
0 0.890230 0.990850 0.031177 0.121528
0 0.109226 0.302033 0.031177 0.121528
0 0.769005 0.888033 0.031177 0.121528
0 0.134208 0.045017 0.031177 0.121528
0 0.632052 0.514500 0.031177 0.121528
0 0.738470 0.233500 0.031177 0.121528
0 0.242475 0.507650 0.031177 0.121528
0 0.717187 0.970283 0.031177 0.121528
0 0.613546 0.024450 0.031177 0.121528
0 0.660738 0.610450 0.031177 0.121528
0 0.688501 0.973717 0.031177 0.121528
0 0.846737 0.415117 0.031177 0.121528
0 0.157345 0.881183 0.031177 0.121528
0 0.263762 0.391133 0.031177 0.121528
0 0.291521 0.881183 0.031177 0.121528
0 0.076836 0.781800 0.031177 0.121528
0 0.923542 0.528217 0.031177 0.121528
0 0.311881 0.953150 0.031177 0.121528
0 0.160122 0.298600 0.031177 0.121528
0 0.474743 0.706417 0.031177 0.121528
0 0.265612 0.045017 0.031177 0.121528
0 0.131436 0.785233 0.031177 0.121528
0 0.211940 0.113550 0.031177 0.121528
0 0.982768 0.199233 0.031177 0.121528
0 0.049077 0.045017 0.031177 0.121528
0 0.030572 0.298600 0.031177 0.121528
0 0.186031 0.620733 0.031177 0.121528
0 0.187880 0.411700 0.031177 0.121528
0 0.496953 0.507650 0.031177 0.121528
0 0.551548 0.394567 0.031177 0.121528
0 0.389608 0.034733 0.031177 0.121528
0 0.684797 0.315733 0.031177 0.121528
0 0.741247 0.970283 0.031177 0.121528
0 0.578384 0.130683 0.031177 0.121528
0 0.102750 0.973717 0.031177 0.121528
0 0.822678 0.888033 0.031177 0.121528
0 0.979991 0.812650 0.031177 0.121528
0 0.718114 0.511067 0.031177 0.121528
0 0.580234 0.699550 0.031177 0.121528
0 0.391458 0.877750 0.031177 0.121528
0 0.744946 0.692700 0.031177 0.121528
0 0.469190 0.223217 0.031177 0.121528
0 0.496953 0.295183 0.031177 0.121528
0 0.981841 0.291750 0.031177 0.121528
0 0.525639 0.795517 0.031177 0.121528
0 0.446058 0.877750 0.031177 0.121528
0 0.873573 0.517933 0.031177 0.121528
0 0.391458 0.966850 0.031177 0.121528
0 0.579307 0.607033 0.031177 0.121528
0 0.078690 0.346583 0.031177 0.121528
0 0.552471 0.795517 0.031177 0.121528
0 0.769932 0.696133 0.031177 0.121528
0 0.663515 0.891467 0.031177 0.121528
0 0.053704 0.521350 0.031177 0.121528
0 0.716260 0.713267 0.031177 0.121528
0 0.810648 0.041583 0.031177 0.121528
0 0.238776 0.949717 0.031177 0.121528
0 0.365549 0.798933 0.031177 0.121528
0 0.605221 0.781800 0.031177 0.121528
0 0.238776 0.881183 0.031177 0.121528
0 0.263762 0.493933 0.031177 0.121528
0 0.662592 0.528217 0.031177 0.121528
0 0.552471 0.603600 0.031177 0.121528
0 0.211940 0.699550 0.031177 0.121528
0 0.764379 0.103267 0.031177 0.121528
0 0.791215 0.212933 0.031177 0.121528
0 0.446980 0.411700 0.031177 0.121528
0 0.078690 0.960000 0.031177 0.121528
0 0.632052 0.613883 0.031177 0.121528
0 0.658888 0.048433 0.031177 0.121528
0 0.161971 0.706417 0.031177 0.121528
0 0.078690 0.610450 0.031177 0.121528
0 0.955005 0.233500 0.031177 0.121528
0 0.821751 0.432250 0.031177 0.121528
0 0.924469 0.798933 0.031177 0.121528
0 0.471040 0.038167 0.031177 0.121528
0 0.053704 0.891467 0.031177 0.121528
0 0.447907 0.027883 0.031177 0.121528
0 0.390536 0.308883 0.031177 0.121528
0 0.419221 0.302033 0.031177 0.121528
0 0.369253 0.500800 0.031177 0.121528
0 0.345194 0.685850 0.031177 0.121528
0 0.235999 0.600167 0.031177 0.121528
0 0.133285 0.312317 0.031177 0.121528
0 0.928168 0.209500 0.031177 0.121528
0 0.844887 0.302033 0.031177 0.121528
0 0.337790 0.617317 0.031177 0.121528
0 0.634829 0.881183 0.031177 0.121528
0 0.187880 0.514500 0.031177 0.121528
0 0.290594 0.610450 0.031177 0.121528
0 0.687574 0.884617 0.031177 0.121528
0 0.581161 0.391133 0.031177 0.121528
0 0.416445 0.483667 0.031177 0.121528
0 0.050927 0.212933 0.031177 0.121528
0 0.285968 0.048433 0.031177 0.121528
0 0.393312 0.487083 0.031177 0.121528
0 0.365549 0.877750 0.031177 0.121528
0 0.741247 0.795517 0.031177 0.121528
0 0.823605 0.802367 0.031177 0.121528
0 0.577457 0.973717 0.031177 0.121528
0 0.158267 0.802367 0.031177 0.121528
0 0.874500 0.709833 0.031177 0.121528
0 0.690351 0.785233 0.031177 0.121528
0 0.951305 0.881183 0.031177 0.121528
0 0.523785 0.528217 0.031177 0.121528
0 0.214716 0.894883 0.031177 0.121528
0 0.051854 0.696133 0.031177 0.121528
0 0.744023 0.607033 0.031177 0.121528
0 0.208240 0.051867 0.031177 0.121528
0 0.235077 0.120400 0.031177 0.121528
0 0.134208 0.404833 0.031177 0.121528
0 0.446058 0.679000 0.031177 0.121528
0 0.051854 0.315733 0.031177 0.121528
0 0.497876 0.103267 0.031177 0.121528
0 0.979064 0.504217 0.031177 0.121528
0 0.240626 0.319167 0.031177 0.121528
0 0.187880 0.953150 0.031177 0.121528
0 0.663515 0.805783 0.031177 0.121528
0 0.288744 0.298600 0.031177 0.121528
0 0.446058 0.507650 0.031177 0.121528
0 0.471967 0.877750 0.031177 0.121528
0 0.868020 0.960000 0.031177 0.121528
0 0.657966 0.116983 0.031177 0.121528
0 0.769005 0.524783 0.031177 0.121528
0 0.743096 0.507650 0.031177 0.121528
0 0.160122 0.219783 0.031177 0.121528
0 0.898560 0.593317 0.031177 0.121528
0 0.549698 0.960000 0.031177 0.121528
0 0.821751 0.329450 0.031177 0.121528
0 0.421071 0.699550 0.031177 0.121528
0 0.629280 0.421967 0.031177 0.121528
0 0.552471 0.308883 0.031177 0.121528
0 0.128659 0.116983 0.031177 0.121528
0 0.835635 0.041583 0.031177 0.121528
0 0.342417 0.963433 0.031177 0.121528
0 0.657966 0.206083 0.031177 0.121528
0 0.265612 0.308883 0.031177 0.121528
0 0.419221 0.877750 0.031177 0.121528
0 0.681098 0.031300 0.031177 0.121528
0 0.868947 0.120400 0.031177 0.121528
0 0.185104 0.120400 0.031177 0.121528
0 0.186031 0.702983 0.031177 0.121528
0 0.185104 0.798933 0.031177 0.121528
0 0.872646 0.884617 0.031177 0.121528
0 0.955005 0.613883 0.031177 0.121528
0 0.313731 0.877750 0.031177 0.121528
0 0.368326 0.315733 0.031177 0.121528
0 0.314653 0.295183 0.031177 0.121528
0 0.031494 0.027883 0.031177 0.121528
0 0.029644 0.394567 0.031177 0.121528
0 0.079613 0.216367 0.031177 0.121528
0 0.793992 0.517933 0.031177 0.121528
0 0.156418 0.956567 0.031177 0.121528
0 0.873573 0.435683 0.031177 0.121528
0 0.794919 0.603600 0.031177 0.121528
0 0.689428 0.603600 0.031177 0.121528
0 0.419221 0.206083 0.031177 0.121528
0 0.393312 0.692700 0.031177 0.121528
0 0.161044 0.415117 0.031177 0.121528
0 0.866170 0.031300 0.031177 0.121528
0 0.108299 0.038167 0.031177 0.121528
0 0.897633 0.689267 0.031177 0.121528
0 0.128659 0.867467 0.031177 0.121528
0 0.496953 0.877750 0.031177 0.121528
0 0.419221 0.041583 0.031177 0.121528
0 0.524712 0.329450 0.031177 0.121528
0 0.288744 0.212933 0.031177 0.121528
0 0.215644 0.524783 0.031177 0.121528
0 0.953155 0.308883 0.031177 0.121528
0 0.630203 0.970283 0.031177 0.121528
0 0.633906 0.689267 0.031177 0.121528
0 0.818978 0.696133 0.031177 0.121528
0 0.768083 0.603600 0.031177 0.121528
0 0.055554 0.603600 0.031177 0.121528
0 0.186958 0.305467 0.031177 0.121528
0 0.081463 0.884617 0.031177 0.121528
0 0.741247 0.401417 0.031177 0.121528
0 0.368326 0.212933 0.031177 0.121528
0 0.031494 0.768100 0.031177 0.121528
0 0.291521 0.788650 0.031177 0.121528
0 0.214716 0.326017 0.031177 0.121528
0 0.341490 0.113550 0.031177 0.121528
0 0.183254 0.041583 0.031177 0.121528
0 0.771782 0.795517 0.031177 0.121528
0 0.955005 0.415117 0.031177 0.121528
0 0.030572 0.877750 0.031177 0.121528
0 0.950378 0.973717 0.031177 0.121528
0 0.791215 0.110133 0.031177 0.121528
0 0.631130 0.130683 0.031177 0.121528
0 0.263762 0.685850 0.031177 0.121528
0 0.503429 0.970283 0.031177 0.121528
0 0.924469 0.970283 0.031177 0.121528
0 0.797691 0.792083 0.031177 0.121528
0 0.925392 0.685850 0.031177 0.121528
0 0.547844 0.500800 0.031177 0.121528
0 0.420149 0.404833 0.031177 0.121528
0 0.340567 0.504217 0.031177 0.121528
0 0.524712 0.884617 0.031177 0.121528
0 0.926319 0.315733 0.031177 0.121528
0 0.339640 0.031300 0.031177 0.121528
0 0.080540 0.500800 0.031177 0.121528
0 0.844887 0.209500 0.031177 0.121528
0 0.161044 0.507650 0.031177 0.121528
0 0.686652 0.415117 0.031177 0.121528
0 0.824527 0.966850 0.031177 0.121528
0 0.391458 0.593317 0.031177 0.121528
0 0.714410 0.884617 0.031177 0.121528
0 0.896706 0.106700 0.031177 0.121528
0 0.029644 0.692700 0.031177 0.121528
0 0.474743 0.493933 0.031177 0.121528
0 0.922619 0.877750 0.031177 0.121528
0 0.136062 0.617317 0.031177 0.121528
0 0.581161 0.781800 0.031177 0.121528
0 0.841184 0.116983 0.031177 0.121528
0 0.316508 0.387700 0.031177 0.121528
0 0.342417 0.877750 0.031177 0.121528
0 0.579307 0.497367 0.031177 0.121528
0 0.079613 0.123833 0.031177 0.121528
0 0.133285 0.973717 0.031177 0.121528
0 0.716260 0.315733 0.031177 0.121528
0 0.918915 0.116983 0.031177 0.121528
0 0.524712 0.966850 0.031177 0.121528
0 0.316508 0.607033 0.031177 0.121528
0 0.635756 0.788650 0.031177 0.121528
0 0.975365 0.607033 0.031177 0.121528
0 0.343339 0.308883 0.031177 0.121528
0 0.844887 0.901750 0.031177 0.121528
0 0.603366 0.421967 0.031177 0.121528
0 0.607070 0.977133 0.031177 0.121528
0 0.083317 0.404833 0.031177 0.121528
0 0.029644 0.099850 0.031177 0.121528
0 0.793992 0.312317 0.031177 0.121528
0 0.389608 0.120400 0.031177 0.121528
0 0.846737 0.970283 0.031177 0.121528
0 0.418294 0.977133 0.031177 0.121528
0 0.953155 0.514500 0.031177 0.121528
0 0.030572 0.600167 0.031177 0.121528
0 0.445131 0.106700 0.031177 0.121528
0 0.663515 0.960000 0.031177 0.121528
0 0.846737 0.795517 0.031177 0.121528
0 0.108299 0.603600 0.031177 0.121528
0 0.739397 0.877750 0.031177 0.121528
0 0.526562 0.408267 0.031177 0.121528
0 0.104599 0.120400 0.031177 0.121528
0 0.898560 0.329450 0.031177 0.121528
0 0.310954 0.120400 0.031177 0.121528
0 0.109226 0.521350 0.031177 0.121528
0 0.129581 0.212933 0.031177 0.121528
0 0.312804 0.511067 0.031177 0.121528
0 0.768083 0.973717 0.031177 0.121528
0 0.213789 0.428833 0.031177 0.121528
0 0.785662 0.048433 0.031177 0.121528
0 0.950378 0.792083 0.031177 0.121528
0 0.718114 0.795517 0.031177 0.121528
0 0.551548 0.877750 0.031177 0.121528
0 0.523785 0.127267 0.031177 0.121528
0 0.796769 0.977133 0.031177 0.121528
0 0.030572 0.960000 0.031177 0.121528
0 0.186958 0.206083 0.031177 0.121528
0 0.107376 0.802367 0.031177 0.121528
0 0.927246 0.391133 0.031177 0.121528
0 0.873573 0.795517 0.031177 0.121528
0 0.050927 0.404833 0.031177 0.121528
0 0.446980 0.302033 0.031177 0.121528
0 0.761602 0.024450 0.031177 0.121528
0 0.107376 0.223217 0.031177 0.121528
0 0.684797 0.511067 0.031177 0.121528
0 0.974437 0.901750 0.031177 0.121528
0 0.821751 0.624167 0.031177 0.121528
0 0.290594 0.493933 0.031177 0.121528
0 0.551548 0.226633 0.031177 0.121528
0 0.501580 0.027883 0.031177 0.121528
0 0.712561 0.202650 0.031177 0.121528
0 0.975365 0.723550 0.031177 0.121528
0 0.472894 0.603600 0.031177 0.121528
0 0.847664 0.507650 0.031177 0.121528
0 0.659815 0.305467 0.031177 0.121528
0 0.688501 0.685850 0.031177 0.121528
0 0.951305 0.709833 0.031177 0.121528
0 0.555248 0.120400 0.031177 0.121528
0 0.134208 0.699550 0.031177 0.121528
0 0.395162 0.792083 0.031177 0.121528
0 0.212867 0.785233 0.031177 0.121528
0 0.344266 0.415117 0.031177 0.121528
0 0.630203 0.034733 0.031177 0.121528
0 0.263762 0.586467 0.031177 0.121528
0 0.104599 0.891467 0.031177 0.121528
0 0.813425 0.120400 0.031177 0.121528
0 0.134208 0.514500 0.031177 0.121528
0 0.499725 0.600167 0.031177 0.121528
0 0.736620 0.103267 0.031177 0.121528
0 0.422921 0.596750 0.031177 0.121528
0 0.501580 0.209500 0.031177 0.121528
0 0.472894 0.792083 0.031177 0.121528
0 0.925392 0.610450 0.031177 0.121528
0 0.158267 0.600167 0.031177 0.121528
0 0.266535 0.223217 0.031177 0.121528
0 0.159194 0.113550 0.031177 0.121528
0 0.497876 0.788650 0.031177 0.121528
0 0.660738 0.432250 0.031177 0.121528
0 0.155495 0.038167 0.031177 0.121528
0 0.742174 0.315733 0.031177 0.121528
0 0.053704 0.953150 0.031177 0.121528
0 0.549698 0.031300 0.031177 0.121528
0 0.473816 0.319167 0.031177 0.121528
0 0.685725 0.216367 0.031177 0.121528
0 0.421071 0.774950 0.031177 0.121528
0 0.289671 0.106700 0.031177 0.121528
0 0.895783 0.216367 0.031177 0.121528
0 0.390536 0.401417 0.031177 0.121528
0 0.605221 0.130683 0.031177 0.121528
0 0.796769 0.411700 0.031177 0.121528
0 0.717187 0.589900 0.031177 0.121528
0 0.553398 0.709833 0.031177 0.121528
0 0.390536 0.209500 0.031177 0.121528
0 0.712561 0.110133 0.031177 0.121528
0 0.080540 0.709833 0.031177 0.121528
0 0.874500 0.312317 0.031177 0.121528
0 0.030572 0.493933 0.031177 0.121528
0 0.240626 0.764667 0.031177 0.121528
0 0.213789 0.624167 0.031177 0.121528
0 0.052777 0.788650 0.031177 0.121528
0 0.769005 0.206083 0.031177 0.121528
0 0.946679 0.154683 0.031177 0.121528
0 0.317430 0.699550 0.031177 0.121528
0 0.266535 0.960000 0.031177 0.121528
0 0.737547 0.034733 0.031177 0.121528
0 0.364626 0.045017 0.031177 0.121528
0 0.575608 0.041583 0.031177 0.121528
0 0.716260 0.404833 0.031177 0.121528
0 0.186031 0.898317 0.031177 0.121528
0 0.605221 0.613883 0.031177 0.121528
0 0.871724 0.613883 0.031177 0.121528
0 0.872646 0.202650 0.031177 0.121528
0 0.285968 0.408267 0.031177 0.121528
0 0.497876 0.387700 0.031177 0.121528
0 0.896706 0.038167 0.031177 0.121528
0 0.525639 0.610450 0.031177 0.121528
0 0.105522 0.696133 0.031177 0.121528
0 0.608920 0.898317 0.031177 0.121528
0 0.605221 0.517933 0.031177 0.121528
0 0.796769 0.908600 0.031177 0.121528
0 0.524712 0.709833 0.031177 0.121528
0 0.895783 0.511067 0.031177 0.121528
0 0.315581 0.792083 0.031177 0.121528
0 0.262835 0.781800 0.031177 0.121528
0 0.362772 0.127267 0.031177 0.121528
0 0.497876 0.696133 0.031177 0.121528
0 0.211940 0.195800 0.031177 0.121528
0 0.213789 0.966850 0.031177 0.121528
0 0.292448 0.960000 0.031177 0.121528
0 0.897633 0.425400 0.031177 0.121528
0 0.444208 0.795517 0.031177 0.121528
0 0.895783 0.870900 0.031177 0.121528
0 0.449757 0.953150 0.031177 0.121528
0 0.582084 0.322600 0.031177 0.121528
0 0.369253 0.709833 0.031177 0.121528
0 0.820828 0.528217 0.031177 0.121528
0 0.261908 0.891467 0.031177 0.121528
0 0.606143 0.319167 0.031177 0.121528
0 0.339640 0.226633 0.031177 0.121528