0 0.214177 0.334843 0.086227 0.143229
0 0.605661 0.933099 0.086227 0.143229
0 0.175645 0.427845 0.086227 0.143229
0 0.854597 0.561162 0.086227 0.143229
0 0.733048 0.424334 0.086227 0.143229
0 0.436210 0.754140 0.086227 0.143229
0 0.270258 0.082228 0.086227 0.143229
0 0.396484 0.494504 0.086227 0.143229
0 0.194306 0.066416 0.086227 0.143229
0 0.186129 0.712034 0.086227 0.143229
0 0.096145 0.422567 0.086227 0.143229
0 0.945742 0.078717 0.086227 0.143229
0 0.521532 0.047119 0.086227 0.143229
0 0.477113 0.136610 0.086227 0.143229
0 0.733048 0.055908 0.086227 0.143229
0 0.986645 0.880460 0.086227 0.143229
0 0.014339 0.283971 0.086227 0.143229
0 0.533210 0.152397 0.086227 0.143229
0 0.040048 0.680460 0.086227 0.143229
0 0.477113 0.498015 0.086227 0.143229
0 0.798500 0.047119 0.086227 0.143229
0 0.967952 0.447119 0.086227 0.143229
0 0.472435 0.908523 0.086227 0.143229
0 0.059903 0.833099 0.086227 0.143229
0 0.313500 0.473438 0.086227 0.143229
0 0.518016 0.771695 0.086227 0.143229
0 0.071597 0.310291 0.086227 0.143229
0 0.875645 0.966344 0.086227 0.143229
0 0.827710 0.187482 0.086227 0.143229
0 0.620855 0.520823 0.086227 0.143229
0 0.234032 0.461259 0.086227 0.143229
0 0.882645 0.073438 0.086227 0.143229
0 0.765774 0.187482 0.086227 0.143229
0 0.442065 0.366416 0.086227 0.143229
0 0.556581 0.517312 0.086227 0.143229
0 0.925871 0.594504 0.086227 0.143229
0 0.126516 0.055908 0.086227 0.143229
0 0.744742 0.834843 0.086227 0.143229
0 0.414016 0.106780 0.086227 0.143229
0 0.960935 0.978717 0.086227 0.143229
0 0.785645 0.976949 0.086227 0.143229
0 0.779790 0.552397 0.086227 0.143229
0 0.130032 0.845375 0.086227 0.143229
0 0.361419 0.355908 0.086227 0.143229
0 0.655919 0.052397 0.086227 0.143229
0 0.446726 0.029588 0.086227 0.143229
0 0.209500 0.878717 0.086227 0.143229
0 0.694484 0.164673 0.086227 0.143229
0 0.292468 0.340121 0.086227 0.143229
0 0.518016 0.376949 0.086227 0.143229
0 0.059903 0.036610 0.086227 0.143229
0 0.832387 0.834843 0.086227 0.143229
0 0.917694 0.173438 0.086227 0.143229
0 0.696823 0.543632 0.086227 0.143229
0 0.547242 0.920823 0.086227 0.143229
0 0.342726 0.101525 0.086227 0.143229
0 0.887306 0.427821 0.086227 0.143229
0 0.263258 0.733099 0.086227 0.143229
0 0.380113 0.882228 0.086227 0.143229
0 0.595145 0.789225 0.086227 0.143229
0 0.299484 0.889225 0.086227 0.143229
0 0.588145 0.048886 0.086227 0.143229
0 0.623194 0.164673 0.086227 0.143229
0 0.024855 0.401525 0.086227 0.143229
0 0.679290 0.820823 0.086227 0.143229
0 0.353242 0.736610 0.086227 0.143229
0 0.707339 0.947119 0.086227 0.143229
0 0.383629 0.031332 0.086227 0.143229
0 0.147565 0.315545 0.086227 0.143229
0 0.661758 0.415545 0.086227 0.143229
0 0.914194 0.850605 0.086227 0.143229