0 0.612500 0.734643 0.142157 0.124132
0 0.821660 0.737386 0.142157 0.124132
0 0.251740 0.497529 0.142157 0.124132
0 0.927200 0.737386 0.142157 0.124132
0 0.165400 0.951214 0.142157 0.124132
0 0.100160 0.497529 0.142157 0.124132
0 0.702680 0.838814 0.142157 0.124132
0 0.873460 0.504386 0.142157 0.124132
0 0.472420 0.286457 0.142157 0.124132
0 0.744900 0.511243 0.142157 0.124132
0 0.576040 0.505757 0.142157 0.124132
0 0.090560 0.278229 0.142157 0.124132
0 0.518480 0.837443 0.142157 0.124132
0 0.478180 0.714086 0.142157 0.124132
0 0.104000 0.723686 0.142157 0.124132
0 0.194180 0.836071 0.142157 0.124132
0 0.378400 0.836071 0.142157 0.124132
0 0.825500 0.838814 0.142157 0.124132
0 0.896480 0.297414 0.142157 0.124132
0 0.702680 0.731914 0.142157 0.124132
0 0.284360 0.838814 0.142157 0.124132
0 0.263260 0.291943 0.142157 0.124132
0 0.752580 0.289200 0.142157 0.124132
0 0.238320 0.708600 0.142157 0.124132
0 0.610580 0.840186 0.142157 0.124132
0 0.457060 0.508500 0.142157 0.124132
0 0.073300 0.837443 0.142157 0.124132
0 0.067540 0.936129 0.142157 0.124132
0 0.622100 0.293314 0.142157 0.124132
0 0.925280 0.838814 0.142157 0.124132
0 0.378400 0.715457 0.142157 0.124132