0 0.377391 0.806221 0.031889 0.075000
0 0.191375 0.137254 0.031889 0.075000
0 0.469797 0.691667 0.031889 0.075000
0 0.795531 0.471103 0.031889 0.075000
0 0.987563 0.979765 0.031889 0.075000
0 0.890141 0.658169 0.031889 0.075000
0 0.277641 0.655211 0.031889 0.075000
0 0.562781 0.787700 0.031889 0.075000
0 0.699844 0.682958 0.031889 0.075000
0 0.803188 0.566972 0.031889 0.075000
0 0.793781 0.302981 0.031889 0.075000
0 0.236313 0.491925 0.031889 0.075000
0 0.841484 0.561878 0.031889 0.075000
0 0.733016 0.814765 0.031889 0.075000
0 0.625281 0.589883 0.031889 0.075000
0 0.277766 0.149507 0.031889 0.075000
0 0.709359 0.274061 0.031889 0.075000
0 0.510344 0.755047 0.031889 0.075000
0 0.735047 0.258310 0.031889 0.075000
0 0.888953 0.289883 0.031889 0.075000
0 0.471156 0.941268 0.031889 0.075000
0 0.332000 0.608920 0.031889 0.075000
0 0.897453 0.741080 0.031889 0.075000
0 0.454422 0.243427 0.031889 0.075000
0 0.795531 0.367300 0.031889 0.075000
0 0.754422 0.766455 0.031889 0.075000
0 0.729187 0.475845 0.031889 0.075000
0 0.837766 0.751244 0.031889 0.075000
0 0.770250 0.186831 0.031889 0.075000
0 0.378172 0.878052 0.031889 0.075000
0 0.705875 0.191643 0.031889 0.075000
0 0.169797 0.791667 0.031889 0.075000
0 0.586766 0.170587 0.031889 0.075000
0 0.946453 0.419671 0.031889 0.075000
0 0.500656 0.478545 0.031889 0.075000
0 0.435000 0.399366 0.031889 0.075000
0 0.652156 0.360023 0.031889 0.075000
0 0.897453 0.499202 0.031889 0.075000
0 0.807359 0.780094 0.031889 0.075000
0 0.537937 0.679484 0.031889 0.075000
0 0.772219 0.608427 0.031889 0.075000
0 0.118719 0.589460 0.031889 0.075000
0 0.363641 0.572371 0.031889 0.075000
0 0.551453 0.943709 0.031889 0.075000
0 0.653609 0.740235 0.031889 0.075000
0 0.881687 0.967066 0.031889 0.075000
0 0.186016 0.476103 0.031889 0.075000
0 0.985875 0.455188 0.031889 0.075000
0 0.050578 0.584554 0.031889 0.075000
0 0.629797 0.403005 0.031889 0.075000
0 0.503875 0.588122 0.031889 0.075000
0 0.565312 0.400869 0.031889 0.075000
0 0.640484 0.130235 0.031889 0.075000
0 0.946797 0.121174 0.031889 0.075000
0 0.730766 0.832465 0.031889 0.075000
0 0.661500 0.302136 0.031889 0.075000
0 0.825719 0.209577 0.031889 0.075000
0 0.586313 0.992441 0.031889 0.075000
0 0.844187 0.392160 0.031889 0.075000
0 0.120359 0.850141 0.031889 0.075000
0 0.953219 0.710704 0.031889 0.075000
0 0.599609 0.060000 0.031889 0.075000
0 0.573641 0.556479 0.031889 0.075000
0 0.074125 0.895235 0.031889 0.075000
0 0.091125 0.725845 0.031889 0.075000
0 0.585531 0.940000 0.031889 0.075000
0 0.972359 0.847676 0.031889 0.075000
0 0.704859 0.973756 0.031889 0.075000
0 0.635766 0.832793 0.031889 0.075000
0 0.074125 0.483451 0.031889 0.075000
0 0.904781 0.037746 0.031889 0.075000
0 0.695344 0.077606 0.031889 0.075000
0 0.228703 0.235469 0.031889 0.075000
0 0.900672 0.374648 0.031889 0.075000
0 0.401719 0.868333 0.031889 0.075000
0 0.524203 0.227606 0.031889 0.075000
0 0.826500 0.633638 0.031889 0.075000
0 0.811297 0.690399 0.031889 0.075000
0 0.246047 0.618662 0.031889 0.075000
0 0.704688 0.463568 0.031889 0.075000
0 0.994047 0.292746 0.031889 0.075000
0 0.592000 0.771878 0.031889 0.075000
0 0.815016 0.565258 0.031889 0.075000
0 0.066016 0.747840 0.031889 0.075000
0 0.456844 0.770869 0.031889 0.075000
0 0.583563 0.419836 0.031889 0.075000
0 0.519813 0.826690 0.031889 0.075000
0 0.972359 0.945070 0.031889 0.075000
0 0.908156 0.494038 0.031889 0.075000
0 0.820875 0.345376 0.031889 0.075000
0 0.521438 0.851056 0.031889 0.075000
0 0.533094 0.162958 0.031889 0.075000
0 0.928438 0.633638 0.031889 0.075000
0 0.624156 0.354507 0.031889 0.075000
0 0.535516 0.623474 0.031889 0.075000
0 0.886203 0.680164 0.031889 0.075000
0 0.092766 0.656385 0.031889 0.075000
0 0.430891 0.786690 0.031889 0.075000
0 0.663813 0.468826 0.031889 0.075000
0 0.855781 0.852840 0.031889 0.075000
0 0.945109 0.075657 0.031889 0.075000
0 0.507922 0.703850 0.031889 0.075000
0 0.633453 0.500376 0.031889 0.075000
0 0.836422 0.430235 0.031889 0.075000
0 0.456062 0.879319 0.031889 0.075000
0 0.391188 0.312887 0.031889 0.075000
0 0.273594 0.591831 0.031889 0.075000
0 0.701484 0.914531 0.031889 0.075000
0 0.422828 0.286080 0.031889 0.075000
0 0.780328 0.207042 0.031889 0.075000
0 0.918188 0.257629 0.031889 0.075000
0 0.892391 0.551573 0.031889 0.075000
0 0.290656 0.711291 0.031889 0.075000
0 0.881234 0.166596 0.031889 0.075000
0 0.791594 0.737770 0.031889 0.075000
0 0.359531 0.184624 0.031889 0.075000
0 0.707953 0.700047 0.031889 0.075000
0 0.680187 0.424906 0.031889 0.075000
0 0.024344 0.096878 0.031889 0.075000
0 0.751047 0.730070 0.031889 0.075000
0 0.975172 0.478028 0.031889 0.075000
0 0.148125 0.124977 0.031889 0.075000
0 0.683688 0.575845 0.031889 0.075000
0 0.306031 0.520000 0.031889 0.075000
0 0.981938 0.612488 0.031889 0.075000
0 0.453641 0.459085 0.031889 0.075000
0 0.975406 0.025141 0.031889 0.075000
0 0.165750 0.630845 0.031889 0.075000
0 0.605797 0.780423 0.031889 0.075000
0 0.778969 0.556808 0.031889 0.075000
0 0.997250 0.015000 0.031889 0.075000
0 0.480391 0.495634 0.031889 0.075000
0 0.669938 0.897676 0.031889 0.075000
0 0.844187 0.313216 0.031889 0.075000
0 0.674453 0.956056 0.031889 0.075000
0 0.393609 0.537019 0.031889 0.075000
0 0.294719 0.361620 0.031889 0.075000
0 0.147109 0.835493 0.031889 0.075000
0 0.212766 0.935329 0.031889 0.075000
0 0.674734 0.674413 0.031889 0.075000
0 0.053000 0.484648 0.031889 0.075000
0 0.175484 0.512653 0.031889 0.075000
0 0.484156 0.921714 0.031889 0.075000
0 0.802172 0.095869 0.031889 0.075000