0 0.317093 0.718793 0.131661 0.181424
0 0.811626 0.674310 0.131661 0.181424
0 0.206401 0.288851 0.131661 0.181424
0 0.422422 0.226552 0.131661 0.181424
0 0.406367 0.555690 0.131661 0.181424
0 0.268893 0.431149 0.131661 0.181424
0 0.081419 0.202816 0.131661 0.181424
0 0.909827 0.843333 0.131661 0.181424
0 0.324221 0.217644 0.131661 0.181424
0 0.667024 0.395575 0.131661 0.181424
0 0.686644 0.641724 0.131661 0.181424
0 0.129619 0.448966 0.131661 0.181424
0 0.558097 0.573506 0.131661 0.181424
0 0.370657 0.339253 0.131661 0.181424
0 0.361730 0.626897 0.131661 0.181424
0 0.240311 0.647644 0.131661 0.181424
0 0.749135 0.742529 0.131661 0.181424
0 0.088547 0.650632 0.131661 0.181424
0 0.533114 0.371839 0.131661 0.181424
0 0.740208 0.505287 0.131661 0.181424
0 0.870554 0.623908 0.131661 0.181424
0 0.472422 0.760345 0.131661 0.181424