0 0.642480 0.712718 0.075148 0.075521
0 0.847260 0.711489 0.075148 0.075521
0 0.485860 0.388641 0.075148 0.075521
0 0.284840 0.327735 0.075148 0.075521
0 0.014980 0.017346 0.075148 0.075521
0 0.894080 0.039288 0.075148 0.075521
0 0.077780 0.711489 0.075148 0.075521
0 0.499420 0.164466 0.075148 0.075521
0 0.640220 0.542168 0.075148 0.075521
0 0.863080 0.386214 0.075148 0.075521
0 0.259980 0.821165 0.075148 0.075521
0 0.797420 0.075825 0.075148 0.075521
0 0.013780 0.715146 0.075148 0.075521
0 0.576960 0.540939 0.075148 0.075521
0 0.813380 0.213204 0.075148 0.075521
0 0.248080 0.048058 0.075148 0.075521
0 0.671820 0.034887 0.075148 0.075521
0 0.620320 0.034887 0.075148 0.075521
0 0.211040 0.616472 0.075148 0.075521
0 0.892280 0.078770 0.075148 0.075521
0 0.341300 0.382557 0.075148 0.075521
0 0.713240 0.533625 0.075148 0.075521
0 0.271280 0.712718 0.075148 0.075521
0 0.187700 0.216861 0.075148 0.075521
0 0.508280 0.087540 0.075148 0.075521
0 0.458600 0.042201 0.075148 0.075521
0 0.306660 0.533625 0.075148 0.075521
0 0.910360 0.119709 0.075148 0.075521
0 0.216460 0.121165 0.075148 0.075521
0 0.131980 0.325307 0.075148 0.075521
0 0.108040 0.131392 0.075148 0.075521
0 0.855560 0.822362 0.075148 0.075521
0 0.568680 0.211974 0.075148 0.075521
0 0.327000 0.938123 0.075148 0.075521
0 0.330300 0.118220 0.075148 0.075521
0 0.055180 0.816278 0.075148 0.075521
0 0.379700 0.215631 0.075148 0.075521
0 0.561600 0.118220 0.075148 0.075521
0 0.614900 0.122621 0.075148 0.075521
0 0.072500 0.221748 0.075148 0.075521
0 0.774980 0.388641 0.075148 0.075521
0 0.295060 0.039288 0.075148 0.075521
0 0.043880 0.135793 0.075148 0.075521
0 0.304400 0.221748 0.075148 0.075521
0 0.021300 0.091909 0.075148 0.075521
0 0.190720 0.394725 0.075148 0.075521
0 0.263760 0.164466 0.075148 0.075521
0 0.189360 0.048058 0.075148 0.075521
0 0.973000 0.534854 0.075148 0.075521
0 0.638700 0.275340 0.075148 0.075521
0 0.064980 0.533625 0.075148 0.075521
0 0.144180 0.048058 0.075148 0.075521
0 0.299900 0.271683 0.075148 0.075521
0 0.222780 0.087540 0.075148 0.075521
0 0.105320 0.012977 0.075148 0.075521
0 0.052920 0.018835 0.075148 0.075521
0 0.248700 0.214434 0.075148 0.075521
0 0.626660 0.164466 0.075148 0.075521
0 0.619420 0.071456 0.075148 0.075521
0 0.410720 0.005663 0.075148 0.075521
0 0.390840 0.124078 0.075148 0.075521
0 0.353340 0.826019 0.075148 0.075521
0 0.117080 0.090453 0.075148 0.075521
0 0.241160 0.538511 0.075148 0.075521
0 0.737340 0.168123 0.075148 0.075521
0 0.770480 0.332589 0.075148 0.075521
0 0.224600 0.939320 0.075148 0.075521
0 0.955700 0.266828 0.075148 0.075521
0 0.869100 0.170550 0.075148 0.075521
0 0.095100 0.330162 0.075148 0.075521
0 0.181680 0.461748 0.075148 0.075521
0 0.318720 0.164466 0.075148 0.075521
0 0.989580 0.395955 0.075148 0.075521
0 0.564920 0.388641 0.075148 0.075521
0 0.029600 0.277767 0.075148 0.075521
0 0.511900 0.036375 0.075148 0.075521
0 0.157720 0.010032 0.075148 0.075521
0 0.433920 0.818706 0.075148 0.075521
0 0.285120 0.086084 0.075148 0.075521
0 0.714760 0.464175 0.075148 0.075521
0 0.880400 0.458091 0.075148 0.075521
0 0.768960 0.942977 0.075148 0.075521
0 0.701960 0.332589 0.075148 0.075521
0 0.434660 0.270453 0.075148 0.075521
0 0.577720 0.317994 0.075148 0.075521
0 0.134240 0.389871 0.075148 0.075521
0 0.031840 0.940550 0.075148 0.075521
0 0.710980 0.397184 0.075148 0.075521
0 0.007740 0.132848 0.075148 0.075521
0 0.234380 0.269256 0.075148 0.075521
0 0.761440 0.213204 0.075148 0.075521
0 0.565220 0.031974 0.075148 0.075521
0 0.558140 0.456861 0.075148 0.075521
0 0.979040 0.627443 0.075148 0.075521
0 0.476080 0.620129 0.075148 0.075521
0 0.015280 0.179094 0.075148 0.075521
0 0.952680 0.207120 0.075148 0.075521
0 0.555880 0.168123 0.075148 0.075521
0 0.956420 0.080227 0.075148 0.075521
0 0.488880 0.265599 0.075148 0.075521
0 0.085440 0.046602 0.075148 0.075521
0 0.567940 0.263172 0.075148 0.075521
0 0.968480 0.938123 0.075148 0.075521
0 0.992580 0.210777 0.075148 0.075521
0 0.456780 0.081683 0.075148 0.075521
0 0.159100 0.271683 0.075148 0.075521
0 0.979040 0.335049 0.075148 0.075521
0 0.945900 0.829676 0.075148 0.075521
0 0.448660 0.121165 0.075148 0.075521
0 0.080780 0.174207 0.075148 0.075521
0 0.661300 0.939320 0.075148 0.075521
0 0.445200 0.164466 0.075148 0.075521
0 0.638700 0.327735 0.075148 0.075521
0 0.782960 0.033430 0.075148 0.075521
0 0.218580 0.325307 0.075148 0.075521
0 0.766700 0.260712 0.075148 0.075521
0 0.908260 0.324078 0.075148 0.075521
0 0.522760 0.938123 0.075148 0.075521
0 0.101880 0.938123 0.075148 0.075521
0 0.912780 0.617702 0.075148 0.075521
0 0.297640 0.615243 0.075148 0.075521
0 0.740360 0.621359 0.075148 0.075521
0 0.879640 0.529968 0.075148 0.075521
0 0.332260 0.460518 0.075148 0.075521
0 0.706480 0.261942 0.075148 0.075521
0 0.946500 0.036375 0.075148 0.075521
0 0.209220 0.011521 0.075148 0.075521
0 0.465820 0.008576 0.075148 0.075521
0 0.071000 0.096311 0.075148 0.075521
0 0.360120 0.271683 0.075148 0.075521
0 0.476820 0.532395 0.075148 0.075521
0 0.426380 0.388641 0.075148 0.075521
0 0.269760 0.125534 0.075148 0.075521
0 0.556640 0.818706 0.075148 0.075521
0 0.845760 0.326505 0.075148 0.075521
0 0.979780 0.165696 0.075148 0.075521
0 0.835360 0.034887 0.075148 0.075521
0 0.560400 0.717605 0.075148 0.075521
0 0.199760 0.162039 0.075148 0.075521
0 0.896200 0.261942 0.075148 0.075521
0 0.141020 0.168123 0.075148 0.075521
0 0.733260 0.077314 0.075148 0.075521
0 0.674540 0.072913 0.075148 0.075521
0 0.561600 0.077314 0.075148 0.075521
0 0.427140 0.325307 0.075148 0.075521
0 0.857940 0.119709 0.075148 0.075521
0 0.258480 0.388641 0.075148 0.075521
0 0.259980 0.462977 0.075148 0.075521
0 0.037880 0.400841 0.075148 0.075521
0 0.653760 0.822362 0.075148 0.075521
0 0.030340 0.461748 0.075148 0.075521
0 0.180920 0.707864 0.075148 0.075521
0 0.922560 0.709061 0.075148 0.075521
0 0.879640 0.208350 0.075148 0.075521
0 0.680120 0.163269 0.075148 0.075521
0 0.642480 0.391068 0.075148 0.075521
0 0.741400 0.116764 0.075148 0.075521
0 0.848920 0.081683 0.075148 0.075521
0 0.393540 0.084595 0.075148 0.075521
0 0.258920 0.008576 0.075148 0.075521
0 0.035620 0.615243 0.075148 0.075521
0 0.339340 0.081683 0.075148 0.075521
0 0.104140 0.268026 0.075148 0.075521
0 0.350180 0.010032 0.075148 0.075521
0 0.370660 0.715146 0.075148 0.075521
0 0.021300 0.337476 0.075148 0.075521
0 0.436920 0.218091 0.075148 0.075521
0 0.921800 0.170550 0.075148 0.075521
0 0.755420 0.813851 0.075148 0.075521
0 0.158340 0.521456 0.075148 0.075521
0 0.485860 0.320421 0.075148 0.075521
0 0.304100 0.010032 0.075148 0.075521
0 0.004000 0.227832 0.075148 0.075521
0 0.978120 0.119709 0.075148 0.075521
0 0.124460 0.222945 0.075148 0.075521
0 0.936120 0.391068 0.075148 0.075521
0 0.645480 0.458091 0.075148 0.075521
0 0.503780 0.128479 0.075148 0.075521
0 0.173080 0.090453 0.075148 0.075521
0 0.801340 0.620129 0.075148 0.075521
0 0.721520 0.036375 0.075148 0.075521
0 0.836720 0.260712 0.075148 0.075521
0 0.981720 0.034887 0.075148 0.075521
0 0.491880 0.213204 0.075148 0.075521
0 0.448980 0.713948 0.075148 0.075521
0 0.387980 0.159612 0.075148 0.075521
0 0.625160 0.218091 0.075148 0.075521
0 0.031240 0.050971 0.075148 0.075521
0 0.676340 0.116764 0.075148 0.075521
0 0.403480 0.043689 0.075148 0.075521
0 0.489620 0.464175 0.075148 0.075521
0 0.546860 0.611586 0.075148 0.075521
0 0.687640 0.218091 0.075148 0.075521
0 0.427880 0.942977 0.075148 0.075521
0 0.744120 0.723689 0.075148 0.075521
0 0.100360 0.465405 0.075148 0.075521
0 0.352600 0.322848 0.075148 0.075521
0 0.951920 0.461748 0.075148 0.075521
0 0.388740 0.533625 0.075148 0.075521
0 0.647000 0.620129 0.075148 0.075521
0 0.409060 0.455663 0.075148 0.075521
0 0.857800 0.947864 0.075148 0.075521
0 0.153220 0.129935 0.075148 0.075521
0 0.346560 0.042201 0.075148 0.075521
0 0.113920 0.623786 0.075148 0.075521
0 0.804360 0.532395 0.075148 0.075521
0 0.141020 0.806537 0.075148 0.075521
0 0.799840 0.163269 0.075148 0.075521
0 0.792900 0.118220 0.075148 0.075521
0 0.793060 0.464175 0.075148 0.075521
0 0.380460 0.620129 0.075148 0.075521