0 0.010150 0.568590 0.015039 0.843750
0 0.033179 0.566123 0.015039 0.843750
0 0.054118 0.573480 0.015039 0.843750
0 0.068085 0.580837 0.015039 0.843750
0 0.081339 0.573480 0.015039 0.843750
0 0.108561 0.573480 0.015039 0.843750
0 0.131589 0.580837 0.015039 0.843750
0 0.147647 0.583304 0.015039 0.843750
0 0.165795 0.595595 0.015039 0.843750
0 0.188824 0.583304 0.015039 0.843750
0 0.206270 0.590661 0.015039 0.843750
0 0.154631 0.580837 0.015039 0.843750
0 0.219537 0.580837 0.015039 0.843750
0 0.236984 0.585771 0.015039 0.843750
0 0.257222 0.573480 0.015039 0.843750
0 0.285144 0.571013 0.015039 0.843750
0 0.320038 0.607885 0.015039 0.843750
0 0.342365 0.610352 0.015039 0.843750
0 0.358423 0.531718 0.015039 0.843750
0 0.373780 0.531718 0.015039 0.843750
0 0.393317 0.548899 0.015039 0.843750
0 0.418448 0.568590 0.015039 0.843750
0 0.440776 0.568590 0.015039 0.843750
0 0.458223 0.585771 0.015039 0.843750
0 0.478461 0.615242 0.015039 0.843750
0 0.500801 0.607885 0.015039 0.843750
0 0.522441 0.622599 0.015039 0.843750
0 0.545469 0.617709 0.015039 0.843750
0 0.569900 0.698767 0.015039 0.843750
0 0.590839 0.595595 0.015039 0.843750
0 0.608986 0.602952 0.015039 0.843750
0 0.628523 0.598062 0.015039 0.843750
0 0.646671 0.595595 0.015039 0.843750
0 0.668310 0.598062 0.015039 0.843750
0 0.680864 0.605419 0.015039 0.843750
0 0.691339 0.607885 0.015039 0.843750
0 0.708786 0.612775 0.015039 0.843750
0 0.722741 0.612775 0.015039 0.843750
0 0.739499 0.620176 0.015039 0.843750
0 0.764618 0.617709 0.015039 0.843750
0 0.780676 0.620176 0.015039 0.843750
0 0.796033 0.620176 0.015039 0.843750
0 0.810688 0.644714 0.015039 0.843750
0 0.821151 0.649648 0.015039 0.843750
0 0.834418 0.622599 0.015039 0.843750
0 0.849762 0.627533 0.015039 0.843750
0 0.863029 0.598062 0.015039 0.843750
0 0.875594 0.615242 0.015039 0.843750
0 0.893041 0.575947 0.015039 0.843750
0 0.913279 0.654537 0.015039 0.843750
0 0.930025 0.654537 0.015039 0.843750
0 0.949574 0.661938 0.015039 0.843750
0 0.961439 0.617709 0.015039 0.843750
0 0.976796 0.524361 0.015039 0.843750
0 0.992140 0.536652 0.015039 0.843750