0 0.191930 0.611133 0.063151 0.130208
0 0.588300 0.468467 0.063151 0.130208
0 0.462490 0.863773 0.063151 0.130208
0 0.653510 0.336280 0.063151 0.130208
0 0.262920 0.739213 0.063151 0.130208
0 0.662150 0.602320 0.063151 0.130208
0 0.525550 0.730987 0.063151 0.130208
0 0.530350 0.864947 0.063151 0.130208
0 0.185490 0.355373 0.063151 0.130208
0 0.649990 0.205840 0.063151 0.130208
0 0.387310 0.477587 0.063151 0.130208
0 0.451250 0.472587 0.063151 0.130208
0 0.118070 0.478173 0.063151 0.130208
0 0.449490 0.346853 0.063151 0.130208
0 0.731730 0.857893 0.063151 0.130208
0 0.120100 0.610547 0.063151 0.130208
0 0.259390 0.869653 0.063151 0.130208
0 0.716970 0.336280 0.063151 0.130208
0 0.731290 0.732160 0.063151 0.130208
0 0.190160 0.866120 0.063151 0.130208
0 0.117190 0.353027 0.063151 0.130208
0 0.117500 0.740973 0.063151 0.130208
0 0.460290 0.735107 0.063151 0.130208
0 0.315930 0.219653 0.063151 0.130208
0 0.384230 0.341267 0.063151 0.130208
0 0.323240 0.739800 0.063151 0.130208
0 0.594290 0.733333 0.063151 0.130208
0 0.391540 0.611720 0.063151 0.130208
0 0.579040 0.207013 0.063151 0.130208
0 0.720930 0.458480 0.063151 0.130208
0 0.250710 0.218480 0.063151 0.130208
0 0.322400 0.612307 0.063151 0.130208
0 0.396830 0.735693 0.063151 0.130208
0 0.258200 0.481107 0.063151 0.130208
0 0.255420 0.611133 0.063151 0.130208
0 0.588560 0.602320 0.063151 0.130208
0 0.320770 0.481693 0.063151 0.130208
0 0.729090 0.599960 0.063151 0.130208
0 0.188840 0.739213 0.063151 0.130208
0 0.520880 0.343920 0.063151 0.130208
0 0.323240 0.867293 0.063151 0.130208
0 0.523740 0.609360 0.063151 0.130208
0 0.670960 0.855547 0.063151 0.130208
0 0.123230 0.862600 0.063151 0.130208
0 0.446850 0.205840 0.063151 0.130208
0 0.514710 0.208187 0.063151 0.130208
0 0.517350 0.466707 0.063151 0.130208
0 0.658800 0.464947 0.063151 0.130208
0 0.396830 0.863773 0.063151 0.130208
0 0.584770 0.335693 0.063151 0.130208
0 0.186370 0.219067 0.063151 0.130208
0 0.315490 0.347733 0.063151 0.130208
0 0.456360 0.611133 0.063151 0.130208
0 0.188140 0.475813 0.063151 0.130208
0 0.599530 0.862600 0.063151 0.130208
0 0.254670 0.353027 0.063151 0.130208
0 0.665230 0.731573 0.063151 0.130208
0 0.720930 0.201147 0.063151 0.130208
0 0.119830 0.219653 0.063151 0.130208
0 0.383790 0.216707 0.063151 0.130208