0 0.119424 0.078187 0.074755 0.053385
0 0.117824 0.091625 0.074755 0.053385
0 0.079137 0.078187 0.074755 0.053385
0 0.083165 0.065300 0.074755 0.053385
0 0.077518 0.053537 0.074755 0.053385
0 0.071079 0.058587 0.074755 0.053385
0 0.101691 0.052975 0.074755 0.053385
0 0.905198 0.048387 0.074755 0.053385
0 0.916241 0.056062 0.074755 0.053385
0 0.907608 0.059812 0.074755 0.053385
0 0.893022 0.071075 0.074755 0.053385
0 0.887950 0.058700 0.074755 0.053385
0 0.905432 0.069725 0.074755 0.053385
0 0.021475 0.678713 0.074755 0.053385
0 0.028022 0.754625 0.074755 0.053385
0 0.019299 0.828712 0.074755 0.053385
0 0.078147 0.807500 0.074755 0.053385
0 0.006205 0.959013 0.074755 0.053385
0 0.062896 0.881737 0.074755 0.053385
0 0.187158 0.830225 0.074755 0.053385
0 0.104317 0.774163 0.074755 0.053385
0 0.104317 0.736287 0.074755 0.053385
0 0.161007 0.621287 0.074755 0.053385
0 0.152284 0.683413 0.074755 0.053385
0 0.132662 0.795375 0.074755 0.053385
0 0.117392 0.849925 0.074755 0.053385
0 0.311421 0.793863 0.074755 0.053385
0 0.193705 0.740988 0.074755 0.053385
0 0.304892 0.710525 0.074755 0.053385
0 0.287446 0.545375 0.074755 0.053385
0 0.293975 0.609012 0.074755 0.053385
0 0.239478 0.651438 0.074755 0.053385
0 0.228579 0.704625 0.074755 0.053385
0 0.315791 0.654625 0.074755 0.053385
0 0.352842 0.637800 0.074755 0.053385
0 0.381187 0.704625 0.074755 0.053385
0 0.381187 0.680225 0.074755 0.053385
0 0.494550 0.637800 0.074755 0.053385
0 0.590468 0.566587 0.074755 0.053385
0 0.586115 0.625837 0.074755 0.053385
0 0.592662 0.690987 0.074755 0.053385
0 0.494550 0.712200 0.074755 0.053385
0 0.507626 0.781737 0.074755 0.053385
0 0.435683 0.757500 0.074755 0.053385
0 0.446583 0.824163 0.074755 0.053385
0 0.662194 0.674162 0.074755 0.053385
0 0.654137 0.741437 0.074755 0.053385
0 0.559299 0.745525 0.074755 0.053385
0 0.640180 0.838100 0.074755 0.053385
0 0.525072 0.832500 0.074755 0.053385
0 0.365701 0.870375 0.074755 0.053385
0 0.262806 0.866137 0.074755 0.053385
0 0.188255 0.909625 0.074755 0.053385
0 0.896331 0.597050 0.074755 0.053385
0 0.902230 0.671287 0.074755 0.053385
0 0.902230 0.734313 0.074755 0.053385
0 0.972860 0.723100 0.074755 0.053385
0 0.995090 0.758262 0.074755 0.053385
0 0.964784 0.776438 0.074755 0.053385
0 0.839874 0.706287 0.074755 0.053385
0 0.769245 0.744162 0.074755 0.053385
0 0.771205 0.814313 0.074755 0.053385
0 0.825701 0.780687 0.074755 0.053385
0 0.900270 0.808712 0.074755 0.053385
0 0.912464 0.866137 0.074755 0.053385
0 0.978957 0.846587 0.074755 0.053385
0 0.985072 0.936287 0.074755 0.053385
0 0.884137 0.908263 0.074755 0.053385
0 0.851871 0.957350 0.074755 0.053385
0 0.813489 0.898413 0.074755 0.053385
0 0.821565 0.849313 0.074755 0.053385
0 0.710594 0.877350 0.074755 0.053385
0 0.646061 0.920837 0.074755 0.053385
0 0.109550 0.941900 0.074755 0.053385
0 0.053094 0.971287 0.074755 0.053385
0 0.154029 0.969925 0.074755 0.053385
0 0.275018 0.960075 0.074755 0.053385
0 0.365701 0.934925 0.074755 0.053385
0 0.309245 0.899775 0.074755 0.053385
0 0.432194 0.915225 0.074755 0.053385
0 0.430234 0.870375 0.074755 0.053385
0 0.577608 0.965687 0.074755 0.053385
0 0.571511 0.947500 0.074755 0.053385
0 0.706673 0.967050 0.074755 0.053385
0 0.748957 0.944625 0.074755 0.053385
0 0.924658 0.043225 0.074755 0.053385
0 0.932752 0.050563 0.074755 0.053385
0 0.941763 0.037387 0.074755 0.053385
0 0.945791 0.047112 0.074755 0.053385