0 0.839181 0.458025 0.107026 0.107639
0 0.756433 0.461062 0.107026 0.107639
0 0.657150 0.458025 0.107026 0.107639
0 0.553720 0.456512 0.107026 0.107639
0 0.446160 0.451975 0.107026 0.107639
0 0.340683 0.450450 0.107026 0.107639
0 0.237253 0.450450 0.107026 0.107639
0 0.129693 0.456512 0.107026 0.107639
0 0.162782 0.292875 0.107026 0.107639
0 0.260000 0.300450 0.107026 0.107639
0 0.371706 0.294400 0.107026 0.107639
0 0.479266 0.294400 0.107026 0.107639
0 0.595102 0.295912 0.107026 0.107639
0 0.723345 0.291363 0.107026 0.107639
0 0.847457 0.297425 0.107026 0.107639