0 0.311938 0.036367 0.078125 0.110243
0 0.309663 0.157583 0.078125 0.110243
0 0.303975 0.295450 0.078125 0.110243
0 0.418750 0.190917 0.078125 0.110243
0 0.419888 0.059083 0.078125 0.110243
0 0.509663 0.059083 0.078125 0.110243
0 0.616475 0.054550 0.078125 0.110243
0 0.509663 0.189400 0.078125 0.110243
0 0.609662 0.189400 0.078125 0.110243
0 0.700563 0.077267 0.078125 0.110243
0 0.697163 0.201517 0.078125 0.110243
0 0.792613 0.075750 0.078125 0.110243
0 0.800563 0.209083 0.078125 0.110243
0 0.869887 0.078783 0.078125 0.110243
0 0.875563 0.207583 0.078125 0.110243
0 0.960800 0.090917 0.078125 0.110243
0 0.958525 0.218183 0.078125 0.110243
0 0.952838 0.348483 0.078125 0.110243
0 0.884663 0.343933 0.078125 0.110243
0 0.789200 0.343933 0.078125 0.110243
0 0.699437 0.340917 0.078125 0.110243
0 0.600562 0.334850 0.078125 0.110243
0 0.503975 0.318183 0.078125 0.110243
0 0.414200 0.324250 0.078125 0.110243
0 0.302838 0.436367 0.078125 0.110243
0 0.400562 0.446967 0.078125 0.110243
0 0.496025 0.440917 0.078125 0.110243
0 0.605112 0.454550 0.078125 0.110243
0 0.686937 0.454550 0.078125 0.110243
0 0.775563 0.465150 0.078125 0.110243
0 0.865337 0.460600 0.078125 0.110243
0 0.930113 0.460600 0.078125 0.110243
0 0.991475 0.596967 0.078125 0.110243
0 0.997163 0.474250 0.078125 0.110243
0 0.934663 0.593933 0.078125 0.110243
0 0.990337 0.716667 0.078125 0.110243
0 0.916475 0.716667 0.078125 0.110243
0 0.836938 0.695450 0.078125 0.110243
0 0.865337 0.563633 0.078125 0.110243
0 0.771025 0.595450 0.078125 0.110243
0 0.694887 0.590917 0.078125 0.110243
0 0.599438 0.574250 0.078125 0.110243
0 0.505112 0.565150 0.078125 0.110243
0 0.410800 0.581817 0.078125 0.110243
0 0.315337 0.560600 0.078125 0.110243
0 0.315337 0.674250 0.078125 0.110243
0 0.400562 0.686367 0.078125 0.110243
0 0.483525 0.693933 0.078125 0.110243
0 0.580113 0.698483 0.078125 0.110243
0 0.676700 0.704550 0.078125 0.110243
0 0.778975 0.701517 0.078125 0.110243
0 0.992163 0.809083 0.078125 0.110243
0 0.921250 0.809083 0.078125 0.110243
0 0.827163 0.809083 0.078125 0.110243
0 0.746700 0.810917 0.078125 0.110243
0 0.682613 0.809083 0.078125 0.110243
0 0.573525 0.809083 0.078125 0.110243
0 0.497163 0.812733 0.078125 0.110243
0 0.401700 0.814550 0.078125 0.110243
0 0.317163 0.810917 0.078125 0.110243
0 0.314438 0.923633 0.078125 0.110243
0 0.408525 0.934550 0.078125 0.110243
0 0.501250 0.936367 0.078125 0.110243
0 0.584438 0.925450 0.078125 0.110243
0 0.668975 0.916367 0.078125 0.110243
0 0.758975 0.923633 0.078125 0.110243
0 0.836700 0.936367 0.078125 0.110243
0 0.910338 0.934550 0.078125 0.110243
0 0.989437 0.932733 0.078125 0.110243
0 0.982613 0.987267 0.078125 0.110243
0 0.906250 0.996367 0.078125 0.110243
0 0.831250 0.990917 0.078125 0.110243
0 0.741250 0.994550 0.078125 0.110243
0 0.647163 0.989083 0.078125 0.110243
0 0.591250 0.994550 0.078125 0.110243
0 0.502613 0.994550 0.078125 0.110243
0 0.401700 0.989083 0.078125 0.110243
0 0.340337 0.994550 0.078125 0.110243
0 0.272162 0.978183 0.078125 0.110243
0 0.269437 0.918183 0.078125 0.110243
0 0.255800 0.783633 0.078125 0.110243
0 0.266700 0.665450 0.078125 0.110243
0 0.268062 0.563633 0.078125 0.110243
0 0.266700 0.430917 0.078125 0.110243
0 0.272162 0.341817 0.078125 0.110243
0 0.262613 0.196367 0.078125 0.110243
0 0.266700 0.081817 0.078125 0.110243