0 0.059450 0.078460 0.076023 0.108507
0 0.134938 0.067236 0.076023 0.108507
0 0.215925 0.067236 0.076023 0.108507
0 0.285150 0.068850 0.076023 0.108507
0 0.354162 0.062430 0.076023 0.108507
0 0.425438 0.062430 0.076023 0.108507
0 0.510850 0.073655 0.076023 0.108507
0 0.585363 0.060835 0.076023 0.108507
0 0.653288 0.059221 0.076023 0.108507
0 0.720363 0.059221 0.076023 0.108507
0 0.797025 0.065640 0.076023 0.108507
0 0.865062 0.078460 0.076023 0.108507
0 0.938388 0.081670 0.076023 0.108507
0 0.947025 0.176234 0.076023 0.108507
0 0.873600 0.173024 0.076023 0.108507
0 0.804588 0.176234 0.076023 0.108507
0 0.731050 0.163414 0.076023 0.108507
0 0.660850 0.158609 0.076023 0.108507
0 0.591850 0.166623 0.076023 0.108507
0 0.499950 0.168219 0.076023 0.108507
0 0.427588 0.161800 0.076023 0.108507
0 0.366150 0.168219 0.076023 0.108507
0 0.278675 0.171429 0.076023 0.108507
0 0.201887 0.174638 0.076023 0.108507
0 0.136125 0.176234 0.076023 0.108507
0 0.057188 0.182635 0.076023 0.108507
0 0.052975 0.283618 0.076023 0.108507
0 0.129637 0.278813 0.076023 0.108507
0 0.199725 0.280408 0.076023 0.108507
0 0.277587 0.274007 0.076023 0.108507
0 0.355350 0.267588 0.076023 0.108507
0 0.426625 0.274007 0.076023 0.108507
0 0.498863 0.269202 0.076023 0.108507
0 0.584288 0.272412 0.076023 0.108507
0 0.657613 0.269202 0.076023 0.108507
0 0.722413 0.264397 0.076023 0.108507
0 0.798113 0.274007 0.076023 0.108507
0 0.871550 0.270798 0.076023 0.108507
0 0.940550 0.290037 0.076023 0.108507
0 0.957825 0.389406 0.076023 0.108507
0 0.886550 0.389406 0.076023 0.108507
0 0.951137 0.498571 0.076023 0.108507
0 0.944875 0.602913 0.076023 0.108507
0 0.871437 0.493915 0.076023 0.108507
0 0.877163 0.605955 0.076023 0.108507
0 0.802650 0.596660 0.076023 0.108507
0 0.805775 0.490872 0.076023 0.108507
0 0.728675 0.485417 0.076023 0.108507
0 0.732887 0.602115 0.076023 0.108507
0 0.733962 0.709499 0.076023 0.108507
0 0.801675 0.711095 0.076023 0.108507
0 0.876625 0.717996 0.076023 0.108507
0 0.951562 0.708850 0.076023 0.108507
0 0.734175 0.375788 0.076023 0.108507
0 0.953838 0.824583 0.076023 0.108507
0 0.955563 0.927644 0.076023 0.108507
0 0.888288 0.820575 0.076023 0.108507
0 0.886125 0.930853 0.076023 0.108507
0 0.809013 0.818015 0.076023 0.108507
0 0.813338 0.923636 0.076023 0.108507
0 0.741088 0.930056 0.076023 0.108507
0 0.735263 0.826994 0.076023 0.108507
0 0.666250 0.811280 0.076023 0.108507
0 0.670138 0.925881 0.076023 0.108507
0 0.589900 0.914824 0.076023 0.108507
0 0.586875 0.805659 0.076023 0.108507
0 0.589150 0.703247 0.076023 0.108507
0 0.657400 0.701169 0.076023 0.108507
0 0.662687 0.583024 0.076023 0.108507
0 0.586013 0.586085 0.076023 0.108507
0 0.663125 0.477885 0.076023 0.108507
0 0.581375 0.485417 0.076023 0.108507
0 0.660637 0.371466 0.076023 0.108507
0 0.585037 0.366976 0.076023 0.108507
0 0.503513 0.370816 0.076023 0.108507
0 0.505238 0.482375 0.076023 0.108507
0 0.502650 0.591206 0.076023 0.108507
0 0.511937 0.709332 0.076023 0.108507
0 0.509450 0.811280 0.076023 0.108507
0 0.508587 0.923469 0.076023 0.108507
0 0.429425 0.923469 0.076023 0.108507
0 0.431150 0.816735 0.076023 0.108507
0 0.426725 0.703080 0.076023 0.108507
0 0.428450 0.596345 0.076023 0.108507
0 0.421325 0.480130 0.076023 0.108507
0 0.428450 0.371948 0.076023 0.108507
0 0.049513 0.392616 0.076023 0.108507
0 0.130512 0.380427 0.076023 0.108507
0 0.203288 0.378182 0.076023 0.108507
0 0.275975 0.378182 0.076023 0.108507
0 0.345737 0.381558 0.076023 0.108507
0 0.354050 0.491670 0.076023 0.108507
0 0.270038 0.482690 0.076023 0.108507
0 0.190550 0.482690 0.076023 0.108507
0 0.118525 0.489425 0.076023 0.108507
0 0.043575 0.498404 0.076023 0.108507
0 0.033750 0.602913 0.076023 0.108507
0 0.102000 0.596345 0.076023 0.108507
0 0.182237 0.598571 0.076023 0.108507
0 0.273050 0.597458 0.076023 0.108507
0 0.263225 0.703080 0.076023 0.108507
0 0.186775 0.712059 0.076023 0.108507
0 0.116250 0.712059 0.076023 0.108507
0 0.046488 0.718794 0.076023 0.108507
0 0.045738 0.824416 0.076023 0.108507
0 0.123050 0.818980 0.076023 0.108507
0 0.196488 0.816735 0.076023 0.108507
0 0.271550 0.813358 0.076023 0.108507
0 0.276725 0.925714 0.076023 0.108507
0 0.355450 0.927959 0.076023 0.108507
0 0.356963 0.821206 0.076023 0.108507
0 0.352538 0.712059 0.076023 0.108507
0 0.351788 0.606271 0.076023 0.108507
0 0.204050 0.931336 0.076023 0.108507
0 0.127488 0.933581 0.076023 0.108507
0 0.047250 0.945751 0.076023 0.108507