0 0.081531 0.116901 0.022059 0.186632
0 0.132047 0.115852 0.022059 0.186632
0 0.176953 0.120059 0.022059 0.186632
0 0.209227 0.125319 0.022059 0.186632
0 0.228867 0.127428 0.022059 0.186632
0 0.262547 0.128477 0.022059 0.186632
0 0.289203 0.126374 0.022059 0.186632
0 0.325687 0.133738 0.022059 0.186632
0 0.343930 0.137950 0.022059 0.186632
0 0.397250 0.155835 0.022059 0.186632
0 0.425312 0.155835 0.022059 0.186632
0 0.456187 0.161095 0.022059 0.186632
0 0.470219 0.163199 0.022059 0.186632
0 0.484250 0.178981 0.022059 0.186632
0 0.508102 0.183193 0.022059 0.186632
0 0.526344 0.191611 0.022059 0.186632
0 0.550203 0.217914 0.022059 0.186632
0 0.561422 0.227381 0.022059 0.186632
0 0.586680 0.210551 0.022059 0.186632
0 0.616148 0.225278 0.022059 0.186632
0 0.602117 0.237903 0.022059 0.186632
0 0.634391 0.247376 0.022059 0.186632
0 0.604922 0.025366 0.022059 0.186632
0 0.616148 0.030627 0.022059 0.186632
0 0.628781 0.035888 0.022059 0.186632
0 0.644211 0.031675 0.022059 0.186632
0 0.593695 0.020105 0.022059 0.186632
0 0.727000 0.066397 0.022059 0.186632
0 0.736820 0.067452 0.022059 0.186632
0 0.746648 0.067452 0.022059 0.186632
0 0.759273 0.071658 0.022059 0.186632
0 0.784531 0.079028 0.022059 0.186632
0 0.797164 0.086391 0.022059 0.186632
0 0.805578 0.101119 0.022059 0.186632
0 0.832242 0.105331 0.022059 0.186632
0 0.844867 0.104277 0.022059 0.186632
0 0.861711 0.112695 0.022059 0.186632
0 0.950109 0.141101 0.022059 0.186632
0 0.973961 0.157938 0.022059 0.186632
0 0.992203 0.148471 0.022059 0.186632
0 0.718586 0.254739 0.022059 0.186632
0 0.735422 0.255794 0.022059 0.186632
0 0.756469 0.256842 0.022059 0.186632
0 0.774711 0.275782 0.022059 0.186632
0 0.790148 0.278940 0.022059 0.186632
0 0.797164 0.282097 0.022059 0.186632
0 0.806984 0.287358 0.022059 0.186632
0 0.822422 0.289461 0.022059 0.186632
0 0.829438 0.296831 0.022059 0.186632
0 0.867320 0.297879 0.022059 0.186632
0 0.947305 0.296831 0.022059 0.186632
0 0.976773 0.289461 0.022059 0.186632
0 0.992203 0.311558 0.022059 0.186632
0 0.082937 0.561980 0.022059 0.186632
0 0.108195 0.563035 0.022059 0.186632
0 0.137664 0.559877 0.022059 0.186632
0 0.153094 0.559877 0.022059 0.186632
0 0.183969 0.578817 0.022059 0.186632
0 0.221852 0.526204 0.022059 0.186632
0 0.269562 0.531465 0.022059 0.186632
0 0.318672 0.519895 0.022059 0.186632
0 0.336914 0.537780 0.022059 0.186632
0 0.352352 0.528307 0.022059 0.186632
0 0.370594 0.505161 0.022059 0.186632
0 0.383219 0.523046 0.022059 0.186632
0 0.397250 0.519895 0.022059 0.186632
0 0.421109 0.511476 0.022059 0.186632
0 0.440750 0.504107 0.022059 0.186632
0 0.463203 0.526204 0.022059 0.186632
0 0.482844 0.498846 0.022059 0.186632
0 0.496875 0.511476 0.022059 0.186632
0 0.512312 0.509367 0.022059 0.186632
0 0.541781 0.496743 0.022059 0.186632
0 0.557219 0.498846 0.022059 0.186632
0 0.588086 0.493585 0.022059 0.186632
0 0.620359 0.496743 0.022059 0.186632
0 0.611937 0.490434 0.022059 0.186632
0 0.606328 0.496743 0.022059 0.186632
0 0.741031 0.476755 0.022059 0.186632
0 0.721391 0.476755 0.022059 0.186632
0 0.715773 0.477803 0.022059 0.186632
0 0.707359 0.479906 0.022059 0.186632
0 0.766289 0.469385 0.022059 0.186632
0 0.776109 0.467282 0.022059 0.186632
0 0.781727 0.463076 0.022059 0.186632
0 0.787336 0.460967 0.022059 0.186632
0 0.799969 0.460967 0.022059 0.186632
0 0.806984 0.458864 0.022059 0.186632
0 0.826625 0.455706 0.022059 0.186632
0 0.830836 0.454657 0.022059 0.186632
0 0.814000 0.452554 0.022059 0.186632
0 0.840656 0.456760 0.022059 0.186632
0 0.938883 0.458864 0.022059 0.186632
0 0.912227 0.456760 0.022059 0.186632
0 0.954320 0.460967 0.022059 0.186632
0 0.969750 0.467282 0.022059 0.186632
0 0.982383 0.479906 0.022059 0.186632
0 0.993609 0.492537 0.022059 0.186632
0 0.102578 0.959707 0.022059 0.186632
0 0.134852 0.956550 0.022059 0.186632
0 0.162922 0.937610 0.022059 0.186632
0 0.198000 0.928143 0.022059 0.186632
0 0.227469 0.903943 0.022059 0.186632
0 0.268156 0.897627 0.022059 0.186632
0 0.299031 0.927088 0.022059 0.186632
0 0.320078 0.958653 0.022059 0.186632
0 0.328492 0.956550 0.022059 0.186632
0 0.338320 0.951289 0.022059 0.186632
0 0.346734 0.947083 0.022059 0.186632
0 0.360766 0.928143 0.022059 0.186632
0 0.380414 0.889209 0.022059 0.186632
0 0.415492 0.868166 0.022059 0.186632
0 0.443555 0.838705 0.022059 0.186632
0 0.470219 0.815559 0.022059 0.186632
0 0.491266 0.802929 0.022059 0.186632
0 0.505297 0.792408 0.022059 0.186632
0 0.520734 0.782941 0.022059 0.186632
0 0.536164 0.789250 0.022059 0.186632
0 0.568437 0.768207 0.022059 0.186632
0 0.555813 0.770310 0.022059 0.186632
0 0.575453 0.759789 0.022059 0.186632
0 0.590891 0.759789 0.022059 0.186632
0 0.611937 0.750322 0.022059 0.186632
0 0.731211 0.707182 0.022059 0.186632
0 0.743836 0.692449 0.022059 0.186632
0 0.752258 0.667200 0.022059 0.186632
0 0.769094 0.658781 0.022059 0.186632
0 0.776109 0.654569 0.022059 0.186632
0 0.791547 0.642999 0.022059 0.186632
0 0.805578 0.634581 0.022059 0.186632
0 0.819609 0.628266 0.022059 0.186632
0 0.837852 0.608278 0.022059 0.186632
0 0.902398 0.616696 0.022059 0.186632
0 0.919242 0.621957 0.022059 0.186632
0 0.930461 0.635636 0.022059 0.186632
0 0.950109 0.637739 0.022059 0.186632
0 0.969750 0.626163 0.022059 0.186632
0 0.982383 0.639842 0.022059 0.186632
0 0.992203 0.780838 0.022059 0.186632
0 0.972562 0.777680 0.022059 0.186632
0 0.959930 0.776626 0.022059 0.186632
0 0.944500 0.772419 0.022059 0.186632
0 0.924852 0.767159 0.022059 0.186632
0 0.910820 0.762947 0.022059 0.186632
0 0.892578 0.756637 0.022059 0.186632
0 0.499688 0.981804 0.022059 0.186632
0 0.520734 0.980750 0.022059 0.186632
0 0.529148 0.975489 0.022059 0.186632
0 0.543180 0.975489 0.022059 0.186632
0 0.557219 0.963913 0.022059 0.186632
0 0.582477 0.962865 0.022059 0.186632
0 0.602117 0.947083 0.022059 0.186632
0 0.621766 0.930246 0.022059 0.186632
0 0.689117 0.898682 0.022059 0.186632
0 0.697531 0.883948 0.022059 0.186632
0 0.704547 0.875530 0.022059 0.186632
0 0.714375 0.868166 0.022059 0.186632
0 0.719984 0.851330 0.022059 0.186632
0 0.728406 0.845021 0.022059 0.186632
0 0.736820 0.833445 0.022059 0.186632
0 0.750859 0.825026 0.022059 0.186632
0 0.759273 0.822923 0.022059 0.186632
0 0.764891 0.810299 0.022059 0.186632
0 0.804180 0.802929 0.022059 0.186632
0 0.771906 0.790305 0.022059 0.186632
0 0.833641 0.778729 0.022059 0.186632
0 0.814000 0.788202 0.022059 0.186632
0 0.888367 0.916567 0.022059 0.186632
0 0.902398 0.919725 0.022059 0.186632
0 0.912227 0.947083 0.022059 0.186632
0 0.923445 0.937610 0.022059 0.186632
0 0.931867 0.940767 0.022059 0.186632
0 0.944500 0.934452 0.022059 0.186632
0 0.950109 0.939713 0.022059 0.186632
0 0.961336 0.937610 0.022059 0.186632
0 0.979578 0.940767 0.022059 0.186632
0 0.814000 0.956550 0.022059 0.186632
0 0.826625 0.924985 0.022059 0.186632
0 0.787336 0.959707 0.022059 0.186632
0 0.798562 0.956550 0.022059 0.186632
0 0.752258 0.973386 0.022059 0.186632
0 0.760680 0.968125 0.022059 0.186632
0 0.165312 0.590926 0.022059 0.186632