0 0.144889 0.545454 0.081380 0.067708
0 0.133521 0.568185 0.081380 0.067708
0 0.129736 0.592176 0.081380 0.067708
0 0.122160 0.609852 0.081380 0.067708
0 0.112688 0.628787 0.081380 0.067708
0 0.105111 0.654037 0.081380 0.067708
0 0.092806 0.681815 0.081380 0.067708
0 0.080493 0.704546 0.081380 0.067708
0 0.060604 0.766417 0.081380 0.067708
0 0.160035 0.775250 0.081380 0.067708
0 0.170451 0.732324 0.081380 0.067708
0 0.177083 0.704546 0.081380 0.067708
0 0.181819 0.674241 0.081380 0.067708
0 0.191285 0.645204 0.081380 0.067708
0 0.195076 0.627528 0.081380 0.067708
0 0.204549 0.595963 0.081380 0.067708
0 0.210229 0.584593 0.081380 0.067708
0 0.214014 0.569444 0.081380 0.067708
0 0.224431 0.549241 0.081380 0.067708
0 0.305868 0.553028 0.081380 0.067708
0 0.298299 0.580806 0.081380 0.067708
0 0.291667 0.606065 0.081380 0.067708
0 0.287882 0.627528 0.081380 0.067708
0 0.281250 0.655306 0.081380 0.067708
0 0.274618 0.678028 0.081380 0.067708
0 0.265153 0.710861 0.081380 0.067708
0 0.262313 0.733583 0.081380 0.067708
0 0.252840 0.775250 0.081380 0.067708
0 0.340910 0.784093 0.081380 0.067708
0 0.347535 0.742426 0.081380 0.067708
0 0.354167 0.707074 0.081380 0.067708
0 0.354167 0.685602 0.081380 0.067708
0 0.359847 0.656565 0.081380 0.067708
0 0.361743 0.626259 0.081380 0.067708
0 0.366479 0.602269 0.081380 0.067708
0 0.369319 0.579546 0.081380 0.067708
0 0.374056 0.558083 0.081380 0.067708
0 0.459278 0.550509 0.081380 0.067708
0 0.450757 0.573231 0.081380 0.067708
0 0.448861 0.606065 0.081380 0.067708
0 0.446972 0.623741 0.081380 0.067708
0 0.443181 0.652778 0.081380 0.067708
0 0.443181 0.681815 0.081380 0.067708
0 0.439396 0.712120 0.081380 0.067708
0 0.440340 0.744954 0.081380 0.067708
0 0.439396 0.799241 0.081380 0.067708
0 0.544507 0.799241 0.081380 0.067708
0 0.543563 0.742426 0.081380 0.067708
0 0.536931 0.699491 0.081380 0.067708
0 0.533146 0.678028 0.081380 0.067708
0 0.532194 0.645204 0.081380 0.067708
0 0.525569 0.621213 0.081380 0.067708
0 0.523674 0.601009 0.081380 0.067708
0 0.523674 0.580806 0.081380 0.067708
0 0.522729 0.554296 0.081380 0.067708
0 0.602271 0.554296 0.081380 0.067708
0 0.602271 0.578287 0.081380 0.067708
0 0.603222 0.597222 0.081380 0.067708
0 0.603222 0.617426 0.081380 0.067708
0 0.603222 0.638889 0.081380 0.067708
0 0.607007 0.670454 0.081380 0.067708
0 0.609847 0.695704 0.081380 0.067708
0 0.610799 0.726009 0.081380 0.067708
0 0.637313 0.803028 0.081380 0.067708
0 0.730111 0.789139 0.081380 0.067708
0 0.708333 0.698231 0.081380 0.067708
0 0.703597 0.671713 0.081380 0.067708
0 0.697917 0.645204 0.081380 0.067708
0 0.692236 0.622472 0.081380 0.067708
0 0.692236 0.597222 0.081380 0.067708
0 0.685604 0.575759 0.081380 0.067708
0 0.676139 0.563130 0.081380 0.067708
0 0.752840 0.559343 0.081380 0.067708
0 0.756632 0.582074 0.081380 0.067708
0 0.757576 0.603537 0.081380 0.067708
0 0.759472 0.625000 0.081380 0.067708
0 0.775569 0.645204 0.081380 0.067708
0 0.781250 0.664139 0.081380 0.067708
0 0.786931 0.688130 0.081380 0.067708
0 0.793563 0.715907 0.081380 0.067708
0 0.806819 0.750000 0.081380 0.067708
0 0.802083 0.780306 0.081380 0.067708
0 0.832389 0.640148 0.081380 0.067708
0 0.825757 0.590907 0.081380 0.067708
0 0.822917 0.564398 0.081380 0.067708