0 0.117746 0.078510 0.050347 0.043403
0 0.155538 0.036363 0.050347 0.043403
0 0.009754 0.230901 0.050347 0.043403
0 0.018392 0.456236 0.050347 0.043403
0 0.109108 0.436778 0.050347 0.043403
0 0.172823 0.452991 0.050347 0.043403
0 0.108023 0.517829 0.050347 0.043403
0 0.068069 0.670219 0.050347 0.043403
0 0.135023 0.683187 0.050347 0.043403
0 0.212777 0.222794 0.050347 0.043403
0 0.232215 0.279527 0.050347 0.043403
0 0.347769 0.239007 0.050347 0.043403
0 0.435238 0.251975 0.050347 0.043403
0 0.437400 0.203337 0.050347 0.043403
0 0.502192 0.260081 0.050347 0.043403
0 0.346685 0.360589 0.050347 0.043403
0 0.401762 0.404353 0.050347 0.043403
0 0.435238 0.407598 0.050347 0.043403
0 0.449277 0.423811 0.050347 0.043403
0 0.273254 0.629688 0.050347 0.043403
0 0.258131 0.709122 0.050347 0.043403
0 0.128546 0.858268 0.050347 0.043403
0 0.370446 0.903661 0.050347 0.043403
0 0.633946 0.910150 0.050347 0.043403
0 0.465477 0.535670 0.050347 0.043403
0 0.551869 0.535670 0.050347 0.043403
0 0.570231 0.574573 0.050347 0.043403
0 0.577785 0.611859 0.050347 0.043403
0 0.602623 0.553499 0.050347 0.043403
0 0.677138 0.550254 0.050347 0.043403
0 0.690100 0.581062 0.050347 0.043403
0 0.666338 0.679942 0.050347 0.043403
0 0.709538 0.501628 0.050347 0.043403
0 0.734377 0.456236 0.050347 0.043403
0 0.663100 0.352483 0.050347 0.043403
0 0.744092 0.287633 0.050347 0.043403
0 0.953600 0.438395 0.050347 0.043403
0 0.947115 0.483788 0.050347 0.043403
0 0.777569 0.587540 0.050347 0.043403
0 0.821846 0.584296 0.050347 0.043403
0 0.902838 0.606998 0.050347 0.043403
0 0.888800 0.641039 0.050347 0.043403
0 0.905000 0.723718 0.050347 0.043403
0 0.976277 0.631316 0.050347 0.043403
0 0.994631 0.566467 0.050347 0.043403