0 0.014400 0.122024 0.049787 0.075521
0 0.061733 0.113286 0.049787 0.075521
0 0.109083 0.113286 0.049787 0.075521
0 0.167117 0.113286 0.049787 0.075521
0 0.219050 0.111095 0.049787 0.075521
0 0.272500 0.108929 0.049787 0.075521
0 0.333600 0.113286 0.049787 0.075521
0 0.405367 0.106738 0.049787 0.075521
0 0.457300 0.117643 0.049787 0.075521
0 0.516867 0.104571 0.049787 0.075521
0 0.577950 0.111095 0.049787 0.075521
0 0.642100 0.111095 0.049787 0.075521
0 0.697083 0.119833 0.049787 0.075521
0 0.761233 0.095833 0.049787 0.075521
0 0.816217 0.102381 0.049787 0.075521
0 0.871200 0.111095 0.049787 0.075521
0 0.929233 0.115476 0.049787 0.075521
0 0.975050 0.113286 0.049787 0.075521
0 0.997950 0.322738 0.049787 0.075521
0 0.956717 0.331476 0.049787 0.075521
0 0.906317 0.331476 0.049787 0.075521
0 0.846750 0.324929 0.049787 0.075521
0 0.794833 0.322738 0.049787 0.075521
0 0.742900 0.324929 0.049787 0.075521
0 0.683333 0.329286 0.049787 0.075521
0 0.623767 0.333643 0.049787 0.075521
0 0.562383 0.326024 0.049787 0.075521
0 0.504033 0.336500 0.049787 0.075521
0 0.450883 0.334952 0.049787 0.075521
0 0.393767 0.334952 0.049787 0.075521
0 0.335433 0.318381 0.049787 0.075521
0 0.288683 0.334952 0.049787 0.075521
0 0.229283 0.330381 0.049787 0.075521
0 0.163600 0.324500 0.049787 0.075521
0 0.121150 0.328857 0.049787 0.075521
0 0.076550 0.339548 0.049787 0.075521
0 0.997200 0.535024 0.049787 0.075521
0 0.962217 0.536571 0.049787 0.075521
0 0.902800 0.527405 0.049787 0.075521
0 0.871950 0.542667 0.049787 0.075521
0 0.807350 0.539619 0.049787 0.075521
0 0.754350 0.547024 0.049787 0.075521
0 0.693883 0.542667 0.049787 0.075521
0 0.649283 0.542667 0.049787 0.075521
0 0.587733 0.528929 0.049787 0.075521
0 0.540083 0.536571 0.049787 0.075521
0 0.489217 0.539619 0.049787 0.075521
0 0.437150 0.533500 0.049787 0.075521
0 0.400033 0.533500 0.049787 0.075521
0 0.333283 0.545714 0.049787 0.075521
0 0.301367 0.533500 0.049787 0.075521
0 0.243033 0.539619 0.049787 0.075521
0 0.212333 0.547024 0.049787 0.075521
0 0.153983 0.536571 0.049787 0.075521
0 0.121150 0.527405 0.049787 0.075521
0 0.063883 0.531976 0.049787 0.075521
0 0.027533 0.533286 0.049787 0.075521
0 0.004617 0.736190 0.049787 0.075521
0 0.055017 0.747095 0.049787 0.075521
0 0.118100 0.743190 0.049787 0.075521
0 0.177500 0.752119 0.049787 0.075521
0 0.235850 0.744714 0.049787 0.075521
0 0.306867 0.756714 0.049787 0.075521
0 0.361083 0.752119 0.049787 0.075521
0 0.428900 0.750810 0.049787 0.075521
0 0.486167 0.752119 0.049787 0.075521
0 0.560400 0.761286 0.049787 0.075521
0 0.615533 0.761286 0.049787 0.075521
0 0.684567 0.743190 0.049787 0.075521
0 0.748100 0.743190 0.049787 0.075521
0 0.800167 0.747762 0.049787 0.075521
0 0.863717 0.758238 0.049787 0.075521
0 0.925250 0.753643 0.049787 0.075521
0 0.974133 0.737071 0.049787 0.075521
0 0.980400 0.941286 0.049787 0.075521
0 0.933350 0.939548 0.049787 0.075521
0 0.884933 0.945000 0.049787 0.075521
0 0.834083 0.945000 0.049787 0.075521
0 0.784450 0.939548 0.049787 0.075521
0 0.739850 0.945000 0.049787 0.075521
0 0.692800 0.937786 0.049787 0.075521
0 0.650800 0.943262 0.049787 0.075521
0 0.612633 0.943262 0.049787 0.075521
0 0.501900 0.945000 0.049787 0.075521
0 0.453483 0.945000 0.049787 0.075521
0 0.405067 0.939548 0.049787 0.075521
0 0.337717 0.937786 0.049787 0.075521
0 0.290517 0.939548 0.049787 0.075521
0 0.229433 0.932333 0.049787 0.075521
0 0.170933 0.930381 0.049787 0.075521
0 0.121300 0.934095 0.049787 0.075521
0 0.076700 0.930381 0.049787 0.075521
0 0.032267 0.928643 0.049787 0.075521