0 0.096133 0.085787 0.151572 0.156250
0 0.264505 0.089944 0.151572 0.156250
0 0.422836 0.076105 0.151572 0.156250
0 0.581180 0.081648 0.151572 0.156250
0 0.755550 0.087172 0.151572 0.156250
0 0.913894 0.091330 0.151572 0.156250
0 0.899864 0.266985 0.151572 0.156250
0 0.732510 0.272509 0.151572 0.156250
0 0.545102 0.264213 0.151572 0.156250
0 0.351682 0.266985 0.151572 0.156250
0 0.175305 0.268371 0.151572 0.156250
0 0.088114 0.455094 0.151572 0.156250
0 0.244450 0.449551 0.151572 0.156250
0 0.422836 0.439869 0.151572 0.156250
0 0.587191 0.439869 0.151572 0.156250
0 0.772592 0.439869 0.151572 0.156250
0 0.908887 0.427434 0.151572 0.156250
0 0.928928 0.583727 0.151572 0.156250
0 0.736513 0.594775 0.151572 0.156250
0 0.148250 0.640431 0.151572 0.156250
0 0.320624 0.659794 0.151572 0.156250
0 0.450896 0.634888 0.151572 0.156250
0 0.591208 0.650112 0.151572 0.156250
0 0.764573 0.778745 0.151572 0.156250
0 0.913894 0.756610 0.151572 0.156250
0 0.587191 0.845131 0.151572 0.156250
0 0.438874 0.838221 0.151572 0.156250
0 0.270516 0.872790 0.151572 0.156250
0 0.087110 0.845131 0.151572 0.156250