0 0.167050 0.253033 0.147135 0.163194
0 0.253412 0.333333 0.147135 0.163194
0 0.217050 0.525750 0.147135 0.163194
0 0.477275 0.289400 0.147135 0.163194
0 0.775000 0.407583 0.147135 0.163194
0 0.537500 0.430300 0.147135 0.163194
0 0.370450 0.393933 0.147135 0.163194
0 0.395450 0.542417 0.147135 0.163194
0 0.377275 0.730300 0.147135 0.163194
0 0.612500 0.583333 0.147135 0.163194
0 0.650000 0.816667 0.147135 0.163194
0 0.390225 0.970150 0.147135 0.163194
0 0.644775 0.985300 0.147135 0.163194
0 0.832275 0.645917 0.147135 0.163194
0 0.893413 0.290600 0.147135 0.163194
0 0.756587 0.196817 0.147135 0.163194
0 0.663863 0.300300 0.147135 0.163194
0 0.573862 0.209083 0.147135 0.163194
0 0.625800 0.116967 0.147135 0.163194
0 0.440337 0.190750 0.147135 0.163194
0 0.410112 0.073183 0.147135 0.163194
0 0.265338 0.102117 0.147135 0.163194
0 0.302725 0.211667 0.147135 0.163194
0 0.573300 0.020917 0.147135 0.163194
0 0.721700 0.070917 0.147135 0.163194
0 0.784887 0.015450 0.147135 0.163194
0 0.836250 0.082417 0.147135 0.163194
0 0.941250 0.153933 0.147135 0.163194
0 0.953863 0.059550 0.147135 0.163194
0 0.926700 0.428333 0.147135 0.163194
0 0.980687 0.573033 0.147135 0.163194