0 0.137425 0.099323 0.226236 0.159722
0 0.112225 0.310231 0.226236 0.159722
0 0.094987 0.462956 0.226236 0.159722
0 0.101619 0.601140 0.226236 0.159722
0 0.121506 0.806590 0.226236 0.159722
0 0.288600 0.839323 0.226236 0.159722
0 0.313800 0.682956 0.226236 0.159722
0 0.328387 0.521140 0.226236 0.159722
0 0.332362 0.386590 0.226236 0.159722
0 0.331037 0.037498 0.226236 0.159722
0 0.307169 0.210231 0.226236 0.159722
0 0.561787 0.050231 0.226236 0.159722
0 0.522000 0.199323 0.226236 0.159722
0 0.535262 0.382956 0.226236 0.159722
0 0.535262 0.537498 0.226236 0.159722
0 0.559131 0.673865 0.226236 0.159722
0 0.565762 0.850231 0.226236 0.159722
0 0.821706 0.781140 0.226236 0.159722
0 0.792531 0.624773 0.226236 0.159722
0 0.844250 0.464773 0.226236 0.159722
0 0.787231 0.262956 0.226236 0.159722
0 0.813750 0.073865 0.226236 0.159722