0 0.219700 0.165150 0.076389 0.309028
0 0.395467 0.142400 0.076389 0.309028
0 0.481300 0.122750 0.076389 0.309028
0 0.614633 0.145450 0.076389 0.309028
0 0.696467 0.143950 0.076389 0.309028
0 0.923733 0.465150 0.076389 0.309028
0 0.857067 0.439400 0.076389 0.309028
0 0.771200 0.446950 0.076389 0.309028
0 0.702533 0.428800 0.076389 0.309028
0 0.627767 0.430300 0.076389 0.309028
0 0.549000 0.403050 0.076389 0.309028
0 0.468167 0.396950 0.076389 0.309028
0 0.387367 0.390900 0.076389 0.309028
0 0.309600 0.401500 0.076389 0.309028
0 0.241933 0.407600 0.076389 0.309028
0 0.170200 0.415150 0.076389 0.309028
0 0.095467 0.422750 0.076389 0.309028
0 0.066167 0.754550 0.076389 0.309028
0 0.138900 0.734850 0.076389 0.309028
0 0.215667 0.725750 0.076389 0.309028
0 0.293433 0.722750 0.076389 0.309028
0 0.376267 0.695450 0.076389 0.309028
0 0.463133 0.690900 0.076389 0.309028
0 0.527767 0.689400 0.076389 0.309028
0 0.599500 0.701500 0.076389 0.309028
0 0.681300 0.731800 0.076389 0.309028
0 0.763133 0.757600 0.076389 0.309028
0 0.833833 0.759100 0.076389 0.309028
0 0.910600 0.771200 0.076389 0.309028
0 0.591400 0.919700 0.076389 0.309028
0 0.506567 0.913650 0.076389 0.309028
0 0.427767 0.903050 0.076389 0.309028
0 0.344933 0.903050 0.076389 0.309028
0 0.275267 0.909100 0.076389 0.309028