0 0.965197 0.838909 0.199653 0.226562
0 0.716273 0.825295 0.199653 0.226562
0 0.501864 0.838909 0.199653 0.226562
0 0.251106 0.855273 0.199653 0.226562
0 0.038515 0.836182 0.199653 0.226562
0 0.065773 0.533659 0.199653 0.226562
0 0.078485 0.277455 0.199653 0.226562
0 0.098485 0.078477 0.199653 0.226562
0 0.291076 0.056682 0.199653 0.226562
0 0.289273 0.315614 0.199653 0.226562
0 0.274727 0.539114 0.199653 0.226562
0 0.494591 0.051227 0.199653 0.226562
0 0.492773 0.280182 0.199653 0.226562
0 0.494591 0.539114 0.199653 0.226562
0 0.721727 0.310159 0.199653 0.226562
0 0.723530 0.550000 0.199653 0.226562
0 0.718091 0.064864 0.199653 0.226562
0 0.908879 0.075773 0.199653 0.226562
0 0.934318 0.318341 0.199653 0.226562
0 0.937955 0.560909 0.199653 0.226562