0 0.123508 0.337991 0.222801 0.221354
0 0.148092 0.138453 0.222801 0.221354
0 0.359385 0.117691 0.222801 0.221354
0 0.577600 0.114226 0.222801 0.221354
0 0.388585 0.339145 0.222801 0.221354
0 0.609862 0.340300 0.222801 0.221354
0 0.834215 0.137298 0.222801 0.221354
0 0.863415 0.305704 0.222801 0.221354
0 0.984046 0.113072 0.222801 0.221354
0 0.009785 0.139607 0.222801 0.221354
0 0.101985 0.573279 0.222801 0.221354
0 0.385508 0.577898 0.222801 0.221354
0 0.586815 0.567529 0.222801 0.221354
0 0.884169 0.554827 0.222801 0.221354
0 0.880323 0.867413 0.222801 0.221354
0 0.645215 0.829353 0.222801 0.221354
0 0.407031 0.816651 0.222801 0.221354
0 0.144246 0.822425 0.222801 0.221354