0 0.038877 0.058037 0.211227 0.364583
0 0.257592 0.065935 0.211227 0.364583
0 0.566738 0.067506 0.211227 0.364583
0 0.830669 0.067506 0.211227 0.364583
0 0.932669 0.422679 0.211227 0.364583
0 0.988608 0.767737 0.211227 0.364583
0 0.992292 0.137760 0.211227 0.364583
0 0.692500 0.402309 0.211227 0.364583
0 0.759692 0.748637 0.211227 0.364583
0 0.908692 0.975150 0.211227 0.364583
0 0.637931 0.969630 0.211227 0.364583
0 0.541608 0.754157 0.211227 0.364583
0 0.394500 0.364111 0.211227 0.364583
0 0.279992 0.710439 0.211227 0.364583
0 0.145500 0.325912 0.211227 0.364583
0 0.040138 0.702379 0.211227 0.364583
0 0.112800 0.950520 0.211227 0.364583
0 0.378092 0.983199 0.211227 0.364583