0 0.252474 0.233398 0.229575 0.141493
0 0.488712 0.234912 0.229575 0.141493
0 0.695432 0.230361 0.229575 0.141493
0 0.731786 0.366729 0.229575 0.141493
0 0.477365 0.369756 0.229575 0.141493
0 0.232020 0.386426 0.229575 0.141493
0 0.236574 0.507637 0.229575 0.141493
0 0.227482 0.630361 0.229575 0.141493
0 0.263821 0.777334 0.229575 0.141493
0 0.493265 0.769756 0.229575 0.141493
0 0.463734 0.610664 0.229575 0.141493
0 0.722694 0.754609 0.229575 0.141493
0 0.470542 0.486426 0.229575 0.141493
0 0.706794 0.486426 0.229575 0.141493
0 0.709063 0.604609 0.229575 0.141493