0 0.049823 0.344044 0.176884 0.203125
0 0.175638 0.216771 0.176884 0.203125
0 0.083285 0.087680 0.176884 0.203125
0 0.213115 0.034953 0.176884 0.203125
0 0.379085 0.038589 0.176884 0.203125
0 0.383100 0.258589 0.176884 0.203125
0 0.193038 0.413135 0.176884 0.203125
0 0.068562 0.529498 0.176884 0.203125
0 0.171623 0.662226 0.176884 0.203125
0 0.041792 0.780408 0.176884 0.203125
0 0.124777 0.860408 0.176884 0.203125
0 0.304131 0.758589 0.176884 0.203125
0 0.310823 0.591317 0.176884 0.203125
0 0.344285 0.873135 0.176884 0.203125
0 0.392469 0.447680 0.176884 0.203125
0 0.519623 0.402226 0.176884 0.203125
0 0.523638 0.205862 0.176884 0.203125
0 0.557100 0.016771 0.176884 0.203125
0 0.711023 0.127680 0.176884 0.203125
0 0.702992 0.354953 0.176884 0.203125
0 0.676223 0.269498 0.176884 0.203125
0 0.832823 0.167680 0.176884 0.203125
0 0.784638 0.022226 0.176884 0.203125
0 0.692285 0.569498 0.176884 0.203125
0 0.542377 0.598589 0.176884 0.203125
0 0.557100 0.791317 0.176884 0.203125
0 0.546392 0.889498 0.176884 0.203125
0 0.701254 0.776594 0.176884 0.203125
0 0.865485 0.540961 0.176884 0.203125
0 0.821446 0.386959 0.176884 0.203125
0 0.955700 0.317868 0.176884 0.203125
0 0.976446 0.610052 0.176884 0.203125
0 0.890915 0.779687 0.176884 0.203125
0 0.756800 0.870773 0.176884 0.203125
0 0.967208 0.830052 0.176884 0.203125
0 0.941777 0.886594 0.176884 0.203125
0 0.988085 0.151317 0.176884 0.203125
0 0.955700 0.035141 0.176884 0.203125
0 0.951015 0.463323 0.176884 0.203125
0 0.478638 0.858318 0.176884 0.203125
0 0.822346 0.646928 0.176884 0.203125