0 0.120270 0.283409 0.144954 0.302951
0 0.289870 0.289474 0.144954 0.302951
0 0.413600 0.237955 0.144954 0.302951
0 0.555470 0.222656 0.144954 0.302951
0 0.684530 0.198565 0.144954 0.302951
0 0.807200 0.189318 0.144954 0.302951
0 0.840270 0.457656 0.144954 0.302951
0 0.713330 0.459162 0.144954 0.302951
0 0.551200 0.489318 0.144954 0.302951
0 0.405070 0.460526 0.144954 0.302951
0 0.159730 0.616747 0.144954 0.302951
0 0.295200 0.686435 0.144954 0.302951
0 0.439200 0.737955 0.144954 0.302951
0 0.561870 0.787955 0.144954 0.302951
0 0.706930 0.762045 0.144954 0.302951
0 0.864800 0.722656 0.144954 0.302951