0 0.024186 0.419686 0.082474 0.190972
0 0.024186 0.381816 0.082474 0.190972
0 0.051169 0.395448 0.082474 0.190972
0 0.132145 0.428767 0.082474 0.190972
0 0.148136 0.404529 0.082474 0.190972
0 0.195118 0.409081 0.082474 0.190972
0 0.197115 0.616659 0.082474 0.190972
0 0.273092 0.530291 0.082474 0.190972
0 0.270089 0.407556 0.082474 0.190972
0 0.325074 0.369686 0.082474 0.190972
0 0.368062 0.362108 0.082474 0.190972
0 0.422041 0.356054 0.082474 0.190972
0 0.429038 0.409081 0.082474 0.190972
0 0.467027 0.374238 0.082474 0.190972
0 0.497012 0.604529 0.082474 0.190972
0 0.648964 0.528767 0.082474 0.190972
0 0.832899 0.507556 0.082474 0.190972
0 0.855888 0.412108 0.082474 0.190972
0 0.984837 0.404529 0.082474 0.190972
0 0.930858 0.325740 0.082474 0.190972
0 0.757914 0.321188 0.082474 0.190972
0 0.783905 0.401502 0.082474 0.190972
0 0.683950 0.322713 0.082474 0.190972
0 0.637959 0.327265 0.082474 0.190972
0 0.610976 0.406054 0.082474 0.190972