0 0.212700 0.474633 0.111979 0.195312
0 0.141163 0.639283 0.111979 0.195312
0 0.483031 0.683467 0.111979 0.195312
0 0.385894 0.026833 0.111979 0.195312
0 0.849000 0.765800 0.111979 0.195312
0 0.717219 0.036867 0.111979 0.195312
0 0.424300 0.860167 0.111979 0.195312
0 0.668275 0.711583 0.111979 0.195312
0 0.169775 0.137283 0.111979 0.195312
0 0.369325 0.498717 0.111979 0.195312
0 0.901713 0.583067 0.111979 0.195312
0 0.967975 0.430450 0.111979 0.195312
0 0.911500 0.036867 0.111979 0.195312
0 0.790263 0.370217 0.111979 0.195312
0 0.107275 0.289883 0.111979 0.195312
0 0.245081 0.838083 0.111979 0.195312
0 0.316619 0.663383 0.111979 0.195312
0 0.727763 0.550933 0.111979 0.195312
0 0.789513 0.944517 0.111979 0.195312
0 0.073394 0.805950 0.111979 0.195312
0 0.496588 0.185467 0.111979 0.195312
0 0.074900 0.044900 0.111979 0.195312
0 0.186344 0.986683 0.111979 0.195312
0 0.346737 0.149317 0.111979 0.195312
0 0.273694 0.307967 0.111979 0.195312
0 0.980775 0.950533 0.111979 0.195312
0 0.853519 0.205550 0.111979 0.195312
0 0.551556 0.514783 0.111979 0.195312
0 0.551556 0.056950 0.111979 0.195312
0 0.019175 0.117200 0.111979 0.195312
0 0.604269 0.350133 0.111979 0.195312
0 0.436344 0.346117 0.111979 0.195312
0 0.608031 0.872217 0.111979 0.195312
0 0.666769 0.197517 0.111979 0.195312
0 0.038000 0.434467 0.111979 0.195312