0 0.377874 0.141548 0.080543 0.143229
0 0.459532 0.773129 0.080543 0.143229
0 0.314991 0.024613 0.080543 0.143229
0 0.626126 0.784839 0.080543 0.143229
0 0.862126 0.018742 0.080543 0.143229
0 0.310901 0.479290 0.080543 0.143229
0 0.852324 0.637194 0.080543 0.143229
0 0.640000 0.134258 0.080543 0.143229
0 0.750234 0.461742 0.080543 0.143229
0 0.154126 0.641548 0.080543 0.143229
0 0.132072 0.318452 0.080543 0.143229
0 0.624486 0.926645 0.080543 0.143229
0 0.550991 0.020226 0.080543 0.143229
0 0.372973 0.939806 0.080543 0.143229
0 0.129622 0.938355 0.080543 0.143229
0 0.232505 0.311161 0.080543 0.143229
0 0.225171 0.020226 0.080543 0.143229
0 0.571405 0.299452 0.080543 0.143229
0 0.306000 0.647419 0.080543 0.143229
0 0.295387 0.941258 0.080543 0.143229
0 0.141874 0.026065 0.080543 0.143229
0 0.462793 0.942742 0.080543 0.143229
0 0.093694 0.178097 0.080543 0.143229
0 0.635910 0.020226 0.080543 0.143229
0 0.870288 0.153258 0.080543 0.143229
0 0.652252 0.302387 0.080543 0.143229
0 0.381135 0.018742 0.080543 0.143229
0 0.535477 0.776065 0.080543 0.143229
0 0.460342 0.018742 0.080543 0.143229
0 0.629387 0.637194 0.080543 0.143229
0 0.092865 0.325774 0.080543 0.143229
0 0.377045 0.632806 0.080543 0.143229
0 0.475045 0.143032 0.080543 0.143229
0 0.210468 0.770226 0.080543 0.143229
0 0.370523 0.776065 0.080543 0.143229
0 0.756775 0.151806 0.080543 0.143229
0 0.304378 0.150323 0.080543 0.143229
0 0.389297 0.447129 0.080543 0.143229
0 0.208829 0.160581 0.080543 0.143229
0 0.217820 0.939806 0.080543 0.143229
0 0.543640 0.641548 0.080543 0.143229
0 0.211279 0.466129 0.080543 0.143229
0 0.751063 0.021677 0.080543 0.143229
0 0.221081 0.644484 0.080543 0.143229
0 0.135333 0.779000 0.080543 0.143229
0 0.288865 0.774613 0.080543 0.143229
0 0.864559 0.923742 0.080543 0.143229
0 0.305189 0.312613 0.080543 0.143229
0 0.859676 0.786290 0.080543 0.143229
0 0.765766 0.319935 0.080543 0.143229
0 0.470955 0.302387 0.080543 0.143229
0 0.860486 0.455903 0.080543 0.143229
0 0.394198 0.308226 0.080543 0.143229
0 0.654703 0.469065 0.080543 0.143229
0 0.459532 0.618161 0.080543 0.143229
0 0.144324 0.469065 0.080543 0.143229
0 0.540378 0.941258 0.080543 0.143229
0 0.470144 0.452968 0.080543 0.143229
0 0.573045 0.452968 0.080543 0.143229
0 0.687369 0.625484 0.080543 0.143229