0 0.902182 0.829763 0.170956 0.244141
0 0.753191 0.858861 0.170956 0.244141
0 0.553282 0.858861 0.170956 0.244141
0 0.438245 0.866126 0.170956 0.244141
0 0.259073 0.858861 0.170956 0.244141
0 0.128945 0.877038 0.170956 0.244141
0 0.091227 0.635223 0.170956 0.244141
0 0.245873 0.626126 0.170956 0.244141
0 0.417500 0.626126 0.170956 0.244141
0 0.547627 0.635223 0.170956 0.244141
0 0.732445 0.624312 0.170956 0.244141
0 0.872009 0.637038 0.170956 0.244141
0 0.896527 0.393401 0.170956 0.244141
0 0.713591 0.380675 0.170956 0.244141
0 0.591000 0.382498 0.170956 0.244141
0 0.428809 0.387949 0.170956 0.244141
0 0.283591 0.389763 0.170956 0.244141
0 0.087455 0.404312 0.170956 0.244141
0 0.153464 0.127949 0.170956 0.244141
0 0.310000 0.146126 0.170956 0.244141
0 0.483500 0.153401 0.170956 0.244141
0 0.668327 0.149763 0.170956 0.244141
0 0.824864 0.142498 0.170956 0.244141