0 0.093219 0.243865 0.261724 0.190104
0 0.156044 0.366495 0.261724 0.190104
0 0.284881 0.540223 0.261724 0.190104
0 0.445662 0.748980 0.261724 0.190104
0 0.588344 0.503573 0.261724 0.190104
0 0.792781 0.702117 0.261724 0.190104
0 0.885419 0.492039 0.261724 0.190104
0 0.973794 0.315398 0.261724 0.190104
0 0.791719 0.226204 0.261724 0.190104
0 0.692694 0.348835 0.261724 0.190104
0 0.420125 0.362125 0.261724 0.190104
0 0.531912 0.229126 0.261724 0.190104
0 0.649038 0.137155 0.261724 0.190104
0 0.558531 0.055398 0.261724 0.190104
0 0.438213 0.134233 0.261724 0.190104
0 0.318956 0.227806 0.261724 0.190104
0 0.236969 0.135835 0.261724 0.190104
0 0.348769 0.064310 0.261724 0.190104
0 0.459506 0.002991 0.261724 0.190104
0 0.993281 0.654670 0.261724 0.190104