0 0.173630 0.885969 0.232843 0.085938
0 0.310468 0.628719 0.232843 0.085938
0 0.295527 0.555688 0.232843 0.085938
0 0.310468 0.481000 0.232843 0.085938
0 0.312951 0.402984 0.232843 0.085938
0 0.315433 0.358172 0.232843 0.085938
0 0.330375 0.310047 0.232843 0.085938
0 0.340304 0.255266 0.232843 0.085938
0 0.688595 0.228719 0.232843 0.085938
0 0.768197 0.255266 0.232843 0.085938
0 0.803021 0.310047 0.232843 0.085938
0 0.780632 0.376437 0.232843 0.085938
0 0.753279 0.447797 0.232843 0.085938
0 0.890094 0.502578 0.232843 0.085938
0 0.857752 0.628719 0.232843 0.085938
0 0.972178 0.721656 0.232843 0.085938
0 0.890094 0.861078 0.232843 0.085938