0 0.849392 0.475913 0.147569 0.184896
0 0.725758 0.679550 0.147569 0.184896
0 0.598483 0.926813 0.147569 0.184896
0 0.478483 0.828638 0.147569 0.184896
0 0.365758 0.623188 0.147569 0.184896
0 0.644542 0.586812 0.147569 0.184896
0 0.747575 0.419550 0.147569 0.184896
0 0.608183 0.312275 0.147569 0.184896
0 0.557275 0.292275 0.147569 0.184896
0 0.377875 0.334087 0.147569 0.184896
0 0.360908 0.314088 0.147569 0.184896
0 0.514850 0.268637 0.147569 0.184896
0 0.426367 0.388638 0.147569 0.184896
0 0.497875 0.446813 0.147569 0.184896
0 0.274850 0.503188 0.147569 0.184896
0 0.693033 0.375913 0.147569 0.184896
0 0.547575 0.521362 0.147569 0.184896
0 0.480908 0.234088 0.147569 0.184896