0 0.031631 0.137811 0.210066 0.271701
0 0.170362 0.172656 0.210066 0.271701
0 0.351085 0.145385 0.210066 0.271701
0 0.544538 0.122656 0.210066 0.271701
0 0.723992 0.136291 0.210066 0.271701
0 0.919992 0.113562 0.210066 0.271701
0 0.480377 0.389835 0.210066 0.271701
0 0.991000 0.851438 0.210066 0.271701
0 0.122308 0.011291 0.210066 0.271701
0 0.073631 0.874176 0.210066 0.271701
0 0.162723 0.665082 0.210066 0.271701
0 0.025269 0.655989 0.210066 0.271701
0 0.270908 0.881749 0.210066 0.271701
0 0.381631 0.696896 0.210066 0.271701
0 0.473269 0.883260 0.210066 0.271701
0 0.576362 0.639322 0.210066 0.271701
0 0.652723 0.877207 0.210066 0.271701
0 0.782538 0.669625 0.210066 0.271701
0 0.869085 0.886291 0.210066 0.271701
0 0.964538 0.665082 0.210066 0.271701
0 0.902177 0.405989 0.210066 0.271701
0 0.708723 0.405989 0.210066 0.271701
0 0.306538 0.433260 0.210066 0.271701
0 0.123269 0.419625 0.210066 0.271701