0 0.197382 0.084818 0.122635 0.168403
0 0.116600 0.193923 0.122635 0.168403
0 0.035818 0.180291 0.122635 0.168403
0 0.207618 0.289370 0.122635 0.168403
0 0.283855 0.171186 0.122635 0.168403
0 0.317982 0.022712 0.122635 0.168403
0 0.439727 0.334818 0.122635 0.168403
0 0.567145 0.351501 0.122635 0.168403
0 0.674091 0.365133 0.122635 0.168403
0 0.786727 0.289370 0.122635 0.168403
0 0.725291 0.121186 0.122635 0.168403
0 0.511400 0.180291 0.122635 0.168403
0 0.981291 0.036344 0.122635 0.168403
0 0.982418 0.459080 0.122635 0.168403
0 0.950564 0.604528 0.122635 0.168403
0 0.868655 0.666634 0.122635 0.168403
0 0.692291 0.510581 0.122635 0.168403
0 0.513673 0.525738 0.122635 0.168403
0 0.495473 0.434818 0.122635 0.168403
0 0.396491 0.595424 0.122635 0.168403
0 0.145055 0.878765 0.122635 0.168403
0 0.064273 0.745424 0.122635 0.168403
0 0.217855 0.795424 0.122635 0.168403
0 0.016473 0.780291 0.122635 0.168403
0 0.396800 0.981985 0.122635 0.168403