0 0.949260 0.871766 0.226307 0.173611
0 0.714142 0.920851 0.226307 0.173611
0 0.736893 0.788128 0.226307 0.173611
0 0.527071 0.844489 0.226307 0.173611
0 0.367781 0.822660 0.226307 0.173611
0 0.248964 0.939043 0.226307 0.173611
0 0.451213 0.944489 0.226307 0.173611
0 0.198373 0.857213 0.226307 0.173611
0 0.122544 0.935404 0.226307 0.173611
0 0.021420 0.906298 0.226307 0.173611
0 0.008757 0.811766 0.226307 0.173611
0 0.150355 0.731766 0.226307 0.173611
0 0.021420 0.631766 0.226307 0.173611
0 0.084615 0.560851 0.226307 0.173611
0 0.236302 0.579043 0.226307 0.173611
0 0.360207 0.695404 0.226307 0.173611
0 0.453728 0.586298 0.226307 0.173611
0 0.577633 0.682660 0.226307 0.173611
0 0.691391 0.568128 0.226307 0.173611
0 0.903757 0.533574 0.226307 0.173611
0 0.832988 0.682660 0.226307 0.173611
0 0.974556 0.660851 0.226307 0.173611
0 0.987189 0.760851 0.226307 0.173611
0 0.934112 0.742660 0.226307 0.173611
0 0.855740 0.782660 0.226307 0.173611
0 0.079556 0.859043 0.226307 0.173611
0 0.046686 0.789936 0.226307 0.173611
0 0.868373 0.333574 0.226307 0.173611
0 0.911361 0.226298 0.226307 0.173611
0 0.911361 0.073574 0.226307 0.173611
0 0.739438 0.077213 0.226307 0.173611
0 0.671154 0.253574 0.226307 0.173611
0 0.575089 0.340851 0.226307 0.173611
0 0.448669 0.200851 0.226307 0.173611
0 0.410769 0.344489 0.226307 0.173611
0 0.185740 0.319043 0.226307 0.173611
0 0.271716 0.180851 0.226307 0.173611
0 0.360207 0.026298 0.226307 0.173611
0 0.137722 0.048128 0.226307 0.173611
0 0.046686 0.209936 0.226307 0.173611
0 0.021420 0.340851 0.226307 0.173611
0 0.403166 0.100851 0.226307 0.173611
0 0.724260 0.386298 0.226307 0.173611
0 0.992249 0.371766 0.226307 0.173611
0 0.774822 0.195404 0.226307 0.173611
0 0.956864 0.149936 0.226307 0.173611
0 0.613018 0.015404 0.226307 0.173611
0 0.549822 0.077213 0.226307 0.173611