0 0.147212 0.069939 0.239171 0.332465
0 0.357575 0.166906 0.239171 0.332465
0 0.561362 0.068427 0.239171 0.332465
0 0.772825 0.160847 0.239171 0.332465
0 0.949225 0.197208 0.239171 0.332465
0 0.964562 0.542671 0.239171 0.332465
0 0.784875 0.475998 0.239171 0.332465
0 0.577800 0.333578 0.239171 0.332465
0 0.166931 0.379032 0.239171 0.332465
0 0.021212 0.233578 0.239171 0.332465
0 0.031075 0.529032 0.239171 0.332465
0 0.158169 0.706301 0.239171 0.332465
0 0.366337 0.532057 0.239171 0.332465
0 0.394825 0.845696 0.239171 0.332465
0 0.587662 0.668427 0.239171 0.332465
0 0.834181 0.797208 0.239171 0.332465
0 0.027787 0.851755 0.239171 0.332465
0 0.613956 0.901755 0.239171 0.332465