0 0.360222 0.402476 0.185732 0.193576
0 0.601422 0.117586 0.185732 0.193576
0 0.199956 0.369028 0.185732 0.193576
0 0.059333 0.325204 0.185732 0.193576
0 0.068311 0.205266 0.185732 0.193576
0 0.269467 0.228339 0.185732 0.193576
0 0.103489 0.074922 0.185732 0.193576
0 0.184422 0.087618 0.185732 0.193576
0 0.276000 0.093386 0.185732 0.193576
0 0.372489 0.102602 0.185732 0.193576
0 0.488578 0.126834 0.185732 0.193576
0 0.729778 0.147586 0.185732 0.193576
0 0.912933 0.163730 0.185732 0.193576
0 0.917022 0.336740 0.185732 0.193576
0 0.704444 0.299843 0.185732 0.193576
0 0.465689 0.268683 0.185732 0.193576
0 0.572800 0.426708 0.185732 0.193576
0 0.816467 0.517837 0.185732 0.193576
0 0.825289 0.038809 0.185732 0.193576
0 0.459067 0.017241 0.185732 0.193576
0 0.032911 0.454044 0.185732 0.193576
0 0.123511 0.477241 0.185732 0.193576
0 0.311889 0.535361 0.185732 0.193576
0 0.507400 0.596834 0.185732 0.193576
0 0.749911 0.683229 0.185732 0.193576
0 0.934778 0.739749 0.185732 0.193576
0 0.877044 0.899154 0.185732 0.193576
0 0.738133 0.850940 0.185732 0.193576
0 0.546222 0.779530 0.185732 0.193576
0 0.369622 0.708150 0.185732 0.193576
0 0.295467 0.661661 0.185732 0.193576
0 0.198889 0.638370 0.185732 0.193576
0 0.114111 0.610094 0.185732 0.193576
0 0.050578 0.580219 0.185732 0.193576
0 0.046978 0.701442 0.185732 0.193576
0 0.172978 0.779530 0.185732 0.193576
0 0.323667 0.824420 0.185732 0.193576
0 0.527422 0.900752 0.185732 0.193576
0 0.260133 0.897524 0.185732 0.193576
0 0.102333 0.845987 0.185732 0.193576
0 0.056467 0.909060 0.185732 0.193576
0 0.012622 0.790972 0.185732 0.193576
0 0.984978 0.175423 0.185732 0.193576
0 0.981689 0.040690 0.185732 0.193576
0 0.030733 0.065078 0.185732 0.193576
0 0.010978 0.189342 0.185732 0.193576
0 0.989911 0.552884 0.185732 0.193576