0 0.985900 0.718528 0.163534 0.177951
0 0.772706 0.768797 0.163534 0.177951
0 0.480131 0.749948 0.163534 0.177951
0 0.162612 0.737385 0.163534 0.177951
0 0.214775 0.454615 0.163534 0.177951
0 0.012925 0.454615 0.163534 0.177951
0 0.096844 0.256684 0.163534 0.177951
0 0.017463 0.102736 0.163534 0.177951
0 0.153544 0.112156 0.163534 0.177951
0 0.332713 0.127870 0.163534 0.177951
0 0.294156 0.237835 0.163534 0.177951
0 0.468794 0.240978 0.163534 0.177951
0 0.473331 0.099593 0.163534 0.177951
0 0.434775 0.426338 0.163534 0.177951
0 0.670644 0.470329 0.163534 0.177951
0 0.647962 0.253541 0.163534 0.177951
0 0.634356 0.105879 0.163534 0.177951
0 0.772706 0.087022 0.163534 0.177951
0 0.840744 0.244113 0.163534 0.177951
0 0.917856 0.153004 0.163534 0.177951
0 0.974556 0.288104 0.163534 0.177951
0 0.911056 0.426338 0.163534 0.177951