0 0.542134 0.880486 0.082902 0.214410
0 0.346680 0.808484 0.082902 0.214410
0 0.143989 0.747395 0.082902 0.214410
0 0.361162 0.474665 0.082902 0.214410
0 0.175840 0.383032 0.082902 0.214410
0 0.204800 0.073208 0.082902 0.214410
0 0.549375 0.033937 0.082902 0.214410
0 0.375640 0.177940 0.082902 0.214410
0 0.546479 0.282664 0.082902 0.214410
0 0.542134 0.564121 0.082902 0.214410
0 0.738892 0.737358 0.082902 0.214410
0 0.773057 0.718374 0.082902 0.214410
0 0.804478 0.701575 0.082902 0.214410
0 0.837920 0.682590 0.082902 0.214410
0 0.841538 0.743687 0.082902 0.214410
0 0.805923 0.757432 0.082902 0.214410
0 0.774507 0.774231 0.082902 0.214410
0 0.738892 0.789934 0.082902 0.214410
0 0.741641 0.847976 0.082902 0.214410
0 0.776533 0.830957 0.082902 0.214410
0 0.809399 0.815247 0.082902 0.214410
0 0.843564 0.798447 0.082902 0.214410
0 0.848491 0.859536 0.082902 0.214410
0 0.743667 0.902517 0.082902 0.214410
0 0.780732 0.944628 0.082902 0.214410
0 0.746563 0.956188 0.082902 0.214410
0 0.813599 0.934157 0.082902 0.214410
0 0.810703 0.871972 0.082902 0.214410
0 0.852686 0.920412 0.082902 0.214410
0 0.887144 0.675607 0.082902 0.214410
0 0.912627 0.686085 0.082902 0.214410
0 0.929712 0.694371 0.082902 0.214410
0 0.952007 0.707903 0.082902 0.214410
0 0.889316 0.733429 0.082902 0.214410
0 0.915522 0.744776 0.082902 0.214410
0 0.933477 0.748918 0.082902 0.214410
0 0.956929 0.754157 0.082902 0.214410
0 0.894531 0.793429 0.082902 0.214410
0 0.919287 0.798447 0.082902 0.214410
0 0.936660 0.804989 0.082902 0.214410
0 0.959536 0.820486 0.082902 0.214410
0 0.896411 0.849500 0.082902 0.214410
0 0.922036 0.858227 0.082902 0.214410
0 0.939990 0.866085 0.082902 0.214410
0 0.962139 0.875901 0.082902 0.214410
0 0.905098 0.974084 0.082902 0.214410
0 0.931304 0.978447 0.082902 0.214410
0 0.927251 0.914305 0.082902 0.214410
0 0.900464 0.910809 0.082902 0.214410
0 0.856597 0.983687 0.082902 0.214410
0 0.816494 0.991538 0.082902 0.214410
0 0.782759 0.994157 0.082902 0.214410
0 0.944478 0.922156 0.082902 0.214410
0 0.967788 0.931104 0.082902 0.214410
0 0.950269 0.979316 0.082902 0.214410
0 0.967207 0.981067 0.082902 0.214410