0 0.013222 0.347938 0.071605 0.252604
0 0.010733 0.042312 0.071605 0.252604
0 0.039067 0.062250 0.071605 0.252604
0 0.124044 0.098750 0.071605 0.252604
0 0.173622 0.120344 0.071605 0.252604
0 0.259778 0.168469 0.071605 0.252604
0 0.327044 0.186719 0.071605 0.252604
0 0.430911 0.239844 0.071605 0.252604
0 0.485200 0.278000 0.071605 0.252604
0 0.632733 0.365969 0.071605 0.252604
0 0.690578 0.384219 0.071605 0.252604
0 0.862889 0.407469 0.071605 0.252604
0 0.950222 0.487125 0.071605 0.252604
0 0.927933 0.919844 0.071605 0.252604
0 0.710289 0.852937 0.071605 0.252604
0 0.642311 0.809969 0.071605 0.252604
0 0.482622 0.771625 0.071605 0.252604
0 0.411200 0.714344 0.071605 0.252604
0 0.305800 0.647312 0.071605 0.252604
0 0.227556 0.597187 0.071605 0.252604
0 0.283022 0.627062 0.071605 0.252604
0 0.124867 0.527469 0.071605 0.252604
0 0.072933 0.457750 0.071605 0.252604
0 0.010378 0.841156 0.071605 0.252604
0 0.063489 0.894281 0.071605 0.252604
0 0.913756 0.085469 0.071605 0.252604
0 0.827133 0.059094 0.071605 0.252604