0 0.048560 0.349915 0.208984 0.307292
0 0.089040 0.432900 0.208984 0.307292
0 0.137824 0.443966 0.208984 0.307292
0 0.204240 0.435672 0.208984 0.307292
0 0.281040 0.435672 0.208984 0.307292
0 0.341248 0.443966 0.208984 0.307292
0 0.422208 0.460554 0.208984 0.307292
0 0.487584 0.461940 0.208984 0.307292
0 0.587232 0.463326 0.208984 0.307292
0 0.669216 0.485458 0.208984 0.307292
0 0.749136 0.479915 0.208984 0.307292
0 0.820752 0.477164 0.208984 0.307292
0 0.901712 0.474392 0.208984 0.307292
0 0.969168 0.666652 0.208984 0.307292
0 0.620432 0.734414 0.208984 0.307292
0 0.609024 0.842303 0.208984 0.307292
0 0.625632 0.933582 0.208984 0.307292
0 0.139888 0.721962 0.208984 0.307292
0 0.122240 0.800810 0.208984 0.307292
0 0.085920 0.905928 0.208984 0.307292