0 0.036938 0.060600 0.136719 0.223090
0 0.139200 0.068183 0.136719 0.223090
0 0.219888 0.028783 0.136719 0.223090
0 0.213062 0.122733 0.136719 0.223090
0 0.036938 0.209083 0.136719 0.223090
0 0.183525 0.290917 0.136719 0.223090
0 0.303975 0.377267 0.136719 0.223090
0 0.331250 0.172733 0.136719 0.223090
0 0.376700 0.039400 0.136719 0.223090
0 0.535800 0.030300 0.136719 0.223090
0 0.703975 0.022733 0.136719 0.223090
0 0.625563 0.112117 0.136719 0.223090
0 0.503975 0.186367 0.136719 0.223090
0 0.647163 0.265150 0.136719 0.223090
0 0.761937 0.153033 0.136719 0.223090
0 0.830113 0.063633 0.136719 0.223090
0 0.911937 0.040917 0.136719 0.223090
0 0.956250 0.153033 0.136719 0.223090
0 0.855113 0.209083 0.136719 0.223090
0 0.953975 0.336367 0.136719 0.223090
0 0.953975 0.456067 0.136719 0.223090
0 0.855113 0.354550 0.136719 0.223090
0 0.724437 0.483333 0.136719 0.223090
0 0.844888 0.598483 0.136719 0.223090
0 0.977838 0.636367 0.136719 0.223090
0 0.951700 0.796967 0.136719 0.223090
0 0.983525 0.931817 0.136719 0.223090
0 0.865337 0.750000 0.136719 0.223090
0 0.851700 0.965150 0.136719 0.223090
0 0.773300 0.778783 0.136719 0.223090
0 0.703975 0.978783 0.136719 0.223090
0 0.717613 0.656067 0.136719 0.223090
0 0.658525 0.719700 0.136719 0.223090
0 0.625563 0.574250 0.136719 0.223090
0 0.570125 0.461000 0.136719 0.223090
0 0.456250 0.381817 0.136719 0.223090
0 0.417612 0.543933 0.136719 0.223090
0 0.551700 0.328783 0.136719 0.223090
0 0.509663 0.746967 0.136719 0.223090
0 0.632387 0.866667 0.136719 0.223090
0 0.547162 0.954550 0.136719 0.223090
0 0.426700 0.924250 0.136719 0.223090
0 0.326700 0.854550 0.136719 0.223090
0 0.292612 0.986367 0.136719 0.223090
0 0.144888 0.984850 0.136719 0.223090
0 0.172162 0.833333 0.136719 0.223090
0 0.208525 0.739400 0.136719 0.223090
0 0.231250 0.607583 0.136719 0.223090
0 0.096025 0.771217 0.136719 0.223090
0 0.089200 0.569700 0.136719 0.223090
0 0.140338 0.459083 0.136719 0.223090
0 0.066475 0.401517 0.136719 0.223090
0 0.027838 0.454550 0.136719 0.223090
0 0.017612 0.924250 0.136719 0.223090