0 0.442173 0.254667 0.146165 0.276042
0 0.208407 0.188133 0.146165 0.276042
0 0.127494 0.337378 0.146165 0.276042
0 0.177444 0.501000 0.146165 0.276042
0 0.060556 0.664644 0.146165 0.276042
0 0.039580 0.813889 0.146165 0.276042
0 0.015605 0.465044 0.146165 0.276042
0 0.035580 0.560356 0.146165 0.276042
0 0.019593 0.339178 0.146165 0.276042
0 0.032580 0.209711 0.146165 0.276042
0 0.045568 0.116200 0.146165 0.276042
0 0.123494 0.197111 0.146165 0.276042
0 0.137481 0.135978 0.146165 0.276042
0 0.127494 0.105400 0.146165 0.276042
0 0.193420 0.042467 0.146165 0.276042
0 0.293321 0.076644 0.146165 0.276042
0 0.355259 0.125178 0.146165 0.276042
0 0.338284 0.306800 0.146165 0.276042
0 0.261358 0.423689 0.146165 0.276042
0 0.319296 0.510000 0.146165 0.276042
0 0.324296 0.457844 0.146165 0.276042
0 0.184432 0.750956 0.146165 0.276042
0 0.154457 0.628689 0.146165 0.276042
0 0.201420 0.853467 0.146165 0.276042
0 0.300321 0.707800 0.146165 0.276042
0 0.350272 0.912800 0.146165 0.276042
0 0.424198 0.716800 0.146165 0.276042
0 0.503111 0.738378 0.146165 0.276042
0 0.574049 0.817489 0.146165 0.276042
0 0.490123 0.902000 0.146165 0.276042
0 0.467148 0.527978 0.146165 0.276042
0 0.424198 0.484822 0.146165 0.276042
0 0.565049 0.387733 0.146165 0.276042
0 0.548074 0.234867 0.146165 0.276042
0 0.598025 0.224089 0.146165 0.276042
0 0.592025 0.166556 0.146165 0.276042
0 0.574049 0.109000 0.146165 0.276042
0 0.538074 0.047867 0.146165 0.276042
0 0.444173 0.082022 0.146165 0.276042
0 0.430185 0.137778 0.146165 0.276042
0 0.358259 0.207911 0.146165 0.276042
0 0.367247 0.035267 0.146165 0.276042
0 0.526086 0.984733 0.146165 0.276042
0 0.582037 0.824689 0.146165 0.276042
0 0.622000 0.540578 0.146165 0.276042
0 0.764852 0.150356 0.146165 0.276042
0 0.683938 0.202511 0.146165 0.276042
0 0.694926 0.260044 0.146165 0.276042
0 0.699914 0.292422 0.146165 0.276042
0 0.727889 0.342778 0.146165 0.276042
0 0.717901 0.495622 0.146165 0.276042
0 0.802815 0.536978 0.146165 0.276042
0 0.837778 0.461444 0.146165 0.276042
0 0.886728 0.409311 0.146165 0.276042
0 0.845765 0.353556 0.146165 0.276042
0 0.883728 0.321200 0.146165 0.276042
0 0.836778 0.261844 0.146165 0.276042
0 0.838778 0.175533 0.146165 0.276042
0 0.897716 0.243867 0.146165 0.276042
0 0.919704 0.283422 0.146165 0.276042
0 0.936679 0.353556 0.146165 0.276042
0 0.883728 0.589111 0.146165 0.276042
0 0.776840 0.835467 0.146165 0.276042
0 0.681938 0.689822 0.146165 0.276042
0 0.907704 0.792311 0.146165 0.276042
0 0.868753 0.972133 0.146165 0.276042
0 0.682938 0.986533 0.146165 0.276042
0 0.628988 0.073044 0.146165 0.276042
0 0.673938 0.033467 0.146165 0.276042
0 0.934679 0.098222 0.146165 0.276042
0 0.794827 0.026289 0.146165 0.276042
0 0.723889 0.080222 0.146165 0.276042
0 0.950667 0.204311 0.146165 0.276042
0 0.977642 0.294222 0.146165 0.276042
0 0.950667 0.499222 0.146165 0.276042
0 0.982630 0.554956 0.146165 0.276042
0 0.969642 0.585533 0.146165 0.276042
0 0.978642 0.677244 0.146165 0.276042
0 0.980642 0.628689 0.146165 0.276042
0 0.865753 0.031689 0.146165 0.276042
0 0.980642 0.157556 0.146165 0.276042
0 0.727889 0.028089 0.146165 0.276042
0 0.684938 0.092822 0.146165 0.276042
0 0.511111 0.421889 0.146165 0.276042
0 0.309309 0.222289 0.146165 0.276042
0 0.297321 0.188133 0.146165 0.276042
0 0.448173 0.015489 0.146165 0.276042
0 0.476136 0.028089 0.146165 0.276042
0 0.611630 0.623689 0.146165 0.276042