0 0.923362 0.775774 0.147510 0.191840
0 0.771831 0.753044 0.147510 0.191840
0 0.655954 0.762134 0.147510 0.191840
0 0.521131 0.756077 0.147510 0.191840
0 0.388538 0.777291 0.147510 0.191840
0 0.264862 0.768201 0.147510 0.191840
0 0.172377 0.786381 0.147510 0.191840
0 0.095500 0.800010 0.147510 0.191840
0 0.089931 0.562134 0.147510 0.191840
0 0.081015 0.392437 0.147510 0.191840
0 0.054269 0.233347 0.147510 0.191840
0 0.245915 0.213651 0.147510 0.191840
0 0.245915 0.378797 0.147510 0.191840
0 0.251492 0.563651 0.147510 0.191840
0 0.406369 0.563651 0.147510 0.191840
0 0.396338 0.372741 0.147510 0.191840
0 0.396338 0.216684 0.147510 0.191840
0 0.522246 0.219707 0.147510 0.191840
0 0.545646 0.375774 0.147510 0.191840
0 0.555669 0.577291 0.147510 0.191840
0 0.663754 0.198494 0.147510 0.191840
0 0.691608 0.369707 0.147510 0.191840
0 0.679346 0.568201 0.147510 0.191840
0 0.829769 0.584864 0.147510 0.191840
0 0.829769 0.416684 0.147510 0.191840
0 0.811938 0.233347 0.147510 0.191840
0 0.963477 0.231831 0.147510 0.191840
0 0.965708 0.401527 0.147510 0.191840
0 0.970162 0.612134 0.147510 0.191840