0 0.466463 0.570837 0.161458 0.150174
0 0.254775 0.108063 0.161458 0.150174
0 0.987625 0.565000 0.161458 0.150174
0 0.973025 0.035075 0.161458 0.150174
0 0.373025 0.982512 0.161458 0.150174
0 0.170112 0.157700 0.161458 0.150174
0 0.056062 0.940913 0.161458 0.150174
0 0.025762 0.819700 0.161458 0.150174
0 0.166663 0.959087 0.161458 0.150174
0 0.163637 0.825763 0.161458 0.150174
0 0.136362 0.707575 0.161458 0.150174
0 0.280300 0.913637 0.161458 0.150174
0 0.419700 0.843938 0.161458 0.150174
0 0.413638 0.671213 0.161458 0.150174
0 0.266662 0.704550 0.161458 0.150174
0 0.157575 0.622725 0.161458 0.150174
0 0.036362 0.651513 0.161458 0.150174
0 0.272725 0.546975 0.161458 0.150174
0 0.086363 0.492425 0.161458 0.150174
0 0.353025 0.575763 0.161458 0.150174
0 0.404550 0.466662 0.161458 0.150174
0 0.574237 0.645450 0.161458 0.150174
0 0.554550 0.806063 0.161458 0.150174
0 0.575763 0.504550 0.161458 0.150174
0 0.724237 0.793937 0.161458 0.150174
0 0.756062 0.681813 0.161458 0.150174
0 0.718187 0.565150 0.161458 0.150174
0 0.800000 0.433337 0.161458 0.150174
0 0.842425 0.583337 0.161458 0.150174
0 0.909087 0.728788 0.161458 0.150174
0 0.798487 0.884850 0.161458 0.150174
0 0.624237 0.959087 0.161458 0.150174
0 0.490913 0.963637 0.161458 0.150174
0 0.869700 0.948487 0.161458 0.150174
0 0.974237 0.880300 0.161458 0.150174
0 0.939400 0.536362 0.161458 0.150174
0 0.046975 0.281812 0.161458 0.150174
0 0.143937 0.380300 0.161458 0.150174
0 0.263637 0.409087 0.161458 0.150174
0 0.245450 0.281812 0.161458 0.150174
0 0.439400 0.375762 0.161458 0.150174
0 0.610600 0.390912 0.161458 0.150174
0 0.696975 0.339400 0.161458 0.150174
0 0.833337 0.303025 0.161458 0.150174
0 0.957575 0.400000 0.161458 0.150174
0 0.918187 0.227275 0.161458 0.150174
0 0.803025 0.181812 0.161458 0.150174
0 0.680300 0.139400 0.161458 0.150174
0 0.554550 0.248487 0.161458 0.150174
0 0.293938 0.210600 0.161458 0.150174
0 0.428787 0.253025 0.161458 0.150174
0 0.399375 0.112125 0.161458 0.150174
0 0.148487 0.200000 0.161458 0.150174
0 0.112125 0.087875 0.161458 0.150174
0 0.216663 0.040912 0.161458 0.150174
0 0.471213 0.075762 0.161458 0.150174
0 0.595450 0.063637 0.161458 0.150174
0 0.745450 0.045450 0.161458 0.150174
0 0.879375 0.059625 0.161458 0.150174
0 0.960600 0.148487 0.161458 0.150174