0 0.133382 0.107325 0.237745 0.144965
0 0.164283 0.176763 0.237745 0.144965
0 0.170789 0.253787 0.237745 0.144965
0 0.203317 0.406562 0.237745 0.144965
0 0.299291 0.530300 0.237745 0.144965
0 0.554654 0.483588 0.237745 0.144965
0 0.429420 0.353538 0.237745 0.144965
0 0.391997 0.255050 0.237745 0.144965
0 0.351337 0.166663 0.237745 0.144965
0 0.326940 0.095962 0.237745 0.144965
0 0.489597 0.092175 0.237745 0.144965
0 0.520499 0.166663 0.237745 0.144965
0 0.564428 0.241162 0.237745 0.144965
0 0.665266 0.359850 0.237745 0.144965