0 0.175570 0.283333 0.161458 0.225694
0 0.306250 0.351513 0.161458 0.225694
0 0.218750 0.392427 0.161458 0.225694
0 0.292615 0.528787 0.161458 0.225694
0 0.376705 0.569700 0.161458 0.225694
0 0.425570 0.568180 0.161458 0.225694
0 0.528975 0.512120 0.161458 0.225694
0 0.463070 0.316667 0.161458 0.225694
0 0.422160 0.259093 0.161458 0.225694
0 0.390340 0.168180 0.161458 0.225694
0 0.301705 0.163633 0.161458 0.225694
0 0.566475 0.148487 0.161458 0.225694
0 0.511930 0.166667 0.161458 0.225694
0 0.572160 0.215153 0.161458 0.225694
0 0.634660 0.303033 0.161458 0.225694
0 0.697160 0.250000 0.161458 0.225694
0 0.750570 0.245453 0.161458 0.225694
0 0.734660 0.293940 0.161458 0.225694
0 0.777840 0.360607 0.161458 0.225694
0 0.719885 0.401513 0.161458 0.225694
0 0.808525 0.450000 0.161458 0.225694
0 0.846025 0.481820 0.161458 0.225694
0 0.797160 0.610607 0.161458 0.225694
0 0.697160 0.530300 0.161458 0.225694
0 0.747160 0.709093 0.161458 0.225694
0 0.599430 0.563633 0.161458 0.225694
0 0.590340 0.750000 0.161458 0.225694
0 0.524430 0.656060 0.161458 0.225694
0 0.486930 0.675760 0.161458 0.225694
0 0.646025 0.675760 0.161458 0.225694
0 0.538070 0.759093 0.161458 0.225694
0 0.675570 0.809093 0.161458 0.225694
0 0.686930 0.989393 0.161458 0.225694
0 0.680115 0.906060 0.161458 0.225694
0 0.588070 0.978787 0.161458 0.225694
0 0.477840 0.959093 0.161458 0.225694
0 0.510795 0.906060 0.161458 0.225694
0 0.422160 0.959093 0.161458 0.225694
0 0.367615 0.986367 0.161458 0.225694
0 0.334660 0.986367 0.161458 0.225694
0 0.317615 0.924240 0.161458 0.225694
0 0.373295 0.874240 0.161458 0.225694
0 0.303975 0.684847 0.161458 0.225694
0 0.289205 0.801513 0.161458 0.225694
0 0.266475 0.863633 0.161458 0.225694
0 0.211930 0.910607 0.161458 0.225694
0 0.157385 0.780300 0.161458 0.225694
0 0.201705 0.680300 0.161458 0.225694
0 0.119885 0.716667 0.161458 0.225694
0 0.192615 0.519700 0.161458 0.225694
0 0.365340 0.465153 0.161458 0.225694
0 0.342615 0.503033 0.161458 0.225694
0 0.247160 0.301513 0.161458 0.225694