0 0.595692 0.374234 0.136686 0.183160
0 0.454954 0.374234 0.136686 0.183160
0 0.312423 0.380445 0.136686 0.183160
0 0.738000 0.378623 0.136686 0.183160
0 0.874454 0.376801 0.136686 0.183160
0 0.990646 0.369534 0.136686 0.183160
0 0.950115 0.551356 0.136686 0.183160
0 0.804200 0.551356 0.136686 0.183160
0 0.677208 0.551356 0.136686 0.183160
0 0.524538 0.487712 0.136686 0.183160
0 0.389431 0.558623 0.136686 0.183160
0 0.255677 0.558623 0.136686 0.183160
0 0.105708 0.560445 0.136686 0.183160
0 0.008438 0.551356 0.136686 0.183160
0 0.032754 0.380445 0.136686 0.183160
0 0.180015 0.387712 0.136686 0.183160
0 0.964977 0.194990 0.136686 0.183160
0 0.837977 0.191356 0.136686 0.183160
0 0.681254 0.194990 0.136686 0.183160
0 0.546154 0.202257 0.136686 0.183160
0 0.405646 0.202257 0.136686 0.183160
0 0.262431 0.204079 0.136686 0.183160
0 0.128677 0.194990 0.136686 0.183160
0 0.015192 0.202257 0.136686 0.183160
0 0.035454 0.056801 0.136686 0.183160
0 0.174615 0.062257 0.136686 0.183160
0 0.309715 0.064079 0.136686 0.183160
0 0.442123 0.056801 0.136686 0.183160
0 0.579931 0.056801 0.136686 0.183160
0 0.736654 0.053168 0.136686 0.183160
0 0.877162 0.044079 0.136686 0.183160
0 0.985246 0.044079 0.136686 0.183160
0 0.509438 0.612754 0.136686 0.183160