0 0.169700 0.772964 0.253913 0.257812
0 0.201180 0.539970 0.253913 0.257812
0 0.232660 0.372395 0.253913 0.257812
0 0.253660 0.249341 0.253913 0.257812
0 0.271140 0.128892 0.253913 0.257812
0 0.472280 0.134132 0.253913 0.257812
0 0.488020 0.217934 0.253913 0.257812
0 0.514240 0.343593 0.253913 0.257812
0 0.517740 0.505928 0.253913 0.257812
0 0.531740 0.767725 0.253913 0.257812
0 0.888520 0.772964 0.253913 0.257812
0 0.827400 0.532036 0.253913 0.257812
0 0.757360 0.377635 0.253913 0.257812
0 0.697880 0.225778 0.253913 0.257812
0 0.654160 0.120000 0.253913 0.257812