0 0.754732 0.927732 0.268791 0.122396
0 0.423973 0.918649 0.268791 0.122396
0 0.261399 0.993195 0.268791 0.122396
0 0.034345 0.884102 0.268791 0.122396
0 0.199732 0.725917 0.268791 0.122396
0 0.023140 0.702278 0.268791 0.122396
0 0.037158 0.589556 0.268791 0.122396
0 0.292232 0.609556 0.268791 0.122396
0 0.606176 0.753195 0.268791 0.122396
0 0.936920 0.767732 0.268791 0.122396
0 0.973363 0.651371 0.268791 0.122396
0 0.701473 0.635010 0.268791 0.122396
0 0.945342 0.531371 0.268791 0.122396
0 0.981771 0.451371 0.268791 0.122396
0 0.785565 0.431371 0.268791 0.122396
0 0.721086 0.509556 0.268791 0.122396
0 0.409955 0.402278 0.268791 0.122396
0 0.342679 0.495010 0.268791 0.122396
0 0.166086 0.389556 0.268791 0.122396
0 0.070789 0.475010 0.268791 0.122396
0 0.967753 0.131371 0.268791 0.122396
0 0.967753 0.191371 0.268791 0.122396
0 0.900491 0.253195 0.268791 0.122396
0 0.872455 0.327732 0.268791 0.122396
0 0.695863 0.111371 0.268791 0.122396
0 0.662232 0.167732 0.268791 0.122396
0 0.620179 0.240463 0.268791 0.122396
0 0.555714 0.315010 0.268791 0.122396
0 0.300640 0.296824 0.268791 0.122396
0 0.339881 0.242278 0.268791 0.122396
0 0.409955 0.169556 0.268791 0.122396
0 0.499658 0.107732 0.268791 0.122396
0 0.205342 0.095010 0.268791 0.122396
0 0.143676 0.155010 0.268791 0.122396
0 0.028750 0.104102 0.268791 0.122396
0 0.062381 0.211371 0.268791 0.122396
0 0.025937 0.278649 0.268791 0.122396
0 0.858437 0.015010 0.268791 0.122396
0 0.796771 0.069556 0.268791 0.122396
0 0.662232 0.013195 0.268791 0.122396
0 0.617381 0.060463 0.268791 0.122396
0 0.426771 0.013195 0.268791 0.122396
0 0.359509 0.045917 0.268791 0.122396
0 0.241771 0.009556 0.268791 0.122396
0 0.168899 0.040463 0.268791 0.122396