0 0.106067 0.206360 0.276042 0.286458
0 0.336360 0.270000 0.276042 0.286458
0 0.231813 0.033640 0.276042 0.286458
0 0.450000 0.054853 0.276042 0.286458
0 0.674240 0.079093 0.276042 0.286458
0 0.918187 0.106360 0.276042 0.286458
0 0.907573 0.335147 0.276042 0.286458
0 0.616667 0.282120 0.276042 0.286458
0 0.831813 0.627573 0.276042 0.286458
0 0.507573 0.576067 0.276042 0.286458
0 0.433333 0.888187 0.276042 0.286458
0 0.831813 0.948787 0.276042 0.286458
0 0.080307 0.827573 0.276042 0.286458
0 0.163640 0.506360 0.276042 0.286458
0 0.030307 0.360907 0.276042 0.286458