0 0.227280 0.907580 0.314542 0.182292
0 0.562613 0.783340 0.314542 0.182292
0 0.847467 0.910600 0.314542 0.182292
0 0.738373 0.606060 0.314542 0.182292
0 0.948480 0.427280 0.314542 0.182292
0 0.778800 0.356060 0.314542 0.182292
0 0.489893 0.365160 0.314542 0.182292
0 0.362613 0.537880 0.314542 0.182292
0 0.136373 0.687880 0.314542 0.182292
0 0.063627 0.542420 0.314542 0.182292
0 0.229280 0.422720 0.314542 0.182292
0 0.021200 0.374240 0.314542 0.182292
0 0.201013 0.284840 0.314542 0.182292
0 0.209093 0.125760 0.314542 0.182292
0 0.043440 0.230300 0.314542 0.182292
0 0.087867 0.034840 0.314542 0.182292
0 0.338373 0.046960 0.314542 0.182292
0 0.522213 0.192420 0.314542 0.182292
0 0.677787 0.071220 0.314542 0.182292
0 0.560613 0.025760 0.314542 0.182292
0 0.873733 0.048480 0.314542 0.182292
0 0.865653 0.166660 0.314542 0.182292
0 0.344453 0.357580 0.314542 0.182292
0 0.940400 0.610600 0.314542 0.182292