0 0.683506 0.416714 0.182067 0.217882
0 0.884363 0.987086 0.182067 0.217882
0 0.971139 0.824757 0.182067 0.217882
0 0.991804 0.662429 0.182067 0.217882
0 0.863698 0.672900 0.182067 0.217882
0 0.917418 0.424171 0.182067 0.217882
0 0.845107 0.285414 0.182067 0.217882
0 0.954611 0.193771 0.182067 0.217882
0 0.818241 0.041929 0.182067 0.217882
0 0.698399 0.167600 0.182067 0.217882
0 0.599222 0.026214 0.182067 0.217882
0 0.475648 0.157143 0.182067 0.217882
0 0.289290 0.055014 0.182067 0.217882
0 0.289290 0.230429 0.182067 0.217882
0 0.081511 0.181429 0.182067 0.217882
0 0.047542 0.416329 0.182067 0.217882
0 0.214915 0.416329 0.182067 0.217882
0 0.479380 0.418943 0.182067 0.217882
0 0.643856 0.669571 0.182067 0.217882
0 0.717001 0.874500 0.182067 0.217882
0 0.514510 0.874500 0.182067 0.217882
0 0.626088 0.981843 0.182067 0.217882
0 0.435998 0.994943 0.182067 0.217882
0 0.278963 0.911157 0.182067 0.217882
0 0.369876 0.649343 0.182067 0.217882
0 0.124002 0.615300 0.182067 0.217882
0 0.157057 0.803814 0.182067 0.217882
0 0.037215 0.803814 0.182067 0.217882
0 0.107463 0.963529 0.182067 0.217882