0 0.053898 0.775156 0.188079 0.276910
0 0.358706 0.919089 0.188079 0.276910
0 0.907764 0.852422 0.188079 0.276910
0 0.866374 0.550911 0.188079 0.276910
0 0.565607 0.694844 0.188079 0.276910
0 0.310256 0.588777 0.188079 0.276910
0 0.083163 0.494844 0.188079 0.276910
0 0.524233 0.446355 0.188079 0.276910
0 0.132620 0.199400 0.188079 0.276910
0 0.106374 0.038777 0.188079 0.276910
0 0.312268 0.064532 0.188079 0.276910
0 0.324393 0.276667 0.188079 0.276910
0 0.571661 0.184245 0.188079 0.276910
0 0.538355 0.037266 0.188079 0.276910
0 0.780591 0.072110 0.188079 0.276910
0 0.797748 0.267578 0.188079 0.276910
0 0.974377 0.122110 0.188079 0.276910