0 0.055625 0.885435 0.138889 0.296875
0 0.269536 0.872343 0.138889 0.296875
0 0.518375 0.822169 0.138889 0.296875
0 0.752661 0.826533 0.138889 0.296875
0 0.965125 0.815622 0.138889 0.296875
0 0.902545 0.475248 0.138889 0.296875
0 0.851616 0.213440 0.138889 0.296875
0 0.986946 0.191620 0.138889 0.296875
0 0.941839 0.012704 0.138889 0.296875
0 0.789045 0.014886 0.138889 0.296875
0 0.633339 0.012704 0.138889 0.296875
0 0.653705 0.187256 0.138889 0.296875
0 0.512554 0.191620 0.138889 0.296875
0 0.492179 0.442530 0.138889 0.296875
0 0.292821 0.503614 0.138889 0.296875
0 0.110920 0.492704 0.138889 0.296875
0 0.011964 0.217805 0.138889 0.296875
0 0.160402 0.204712 0.138889 0.296875
0 0.320473 0.198166 0.138889 0.296875
0 0.345205 0.008340 0.138889 0.296875
0 0.490723 0.010522 0.138889 0.296875
0 0.182223 0.012704 0.138889 0.296875
0 0.039616 0.019250 0.138889 0.296875
0 0.691545 0.481794 0.138889 0.296875