0 0.473294 0.025758 0.191406 0.202257
0 0.460794 0.142425 0.191406 0.202257
0 0.273294 0.298483 0.191406 0.202257
0 0.215344 0.489392 0.191406 0.202257
0 0.150569 0.753033 0.191406 0.202257
0 0.392612 0.795458 0.191406 0.202257
0 0.425569 0.480300 0.191406 0.202257
0 0.436931 0.312125 0.191406 0.202257
0 0.638069 0.042425 0.191406 0.202257
0 0.638069 0.162125 0.191406 0.202257
0 0.646025 0.310608 0.191406 0.202257
0 0.647156 0.539392 0.191406 0.202257
0 0.644887 0.778792 0.191406 0.202257
0 0.899431 0.804542 0.191406 0.202257
0 0.893750 0.601517 0.191406 0.202257
0 0.839206 0.309092 0.191406 0.202257
0 0.815344 0.169700 0.191406 0.202257
0 0.798294 0.062125 0.191406 0.202257