0 0.010909 0.045463 0.217320 0.120660
0 0.127889 0.068194 0.217320 0.120660
0 0.067381 0.136377 0.217320 0.120660
0 0.252958 0.131829 0.217320 0.120660
0 0.168243 0.234861 0.217320 0.120660
0 0.061325 0.343947 0.217320 0.120660
0 0.043174 0.575764 0.217320 0.120660
0 0.071418 0.448495 0.217320 0.120660
0 0.246903 0.325764 0.217320 0.120660
0 0.363898 0.237882 0.217320 0.120660
0 0.482897 0.143947 0.217320 0.120660
0 0.567627 0.056065 0.217320 0.120660
0 0.892173 0.046829 0.217320 0.120660
0 0.952681 0.010463 0.217320 0.120660
0 0.800185 0.163194 0.217320 0.120660
0 0.659800 0.266829 0.217320 0.120660
0 0.543621 0.383194 0.217320 0.120660
0 0.429846 0.441377 0.217320 0.120660
0 0.267673 0.555914 0.217320 0.120660
0 0.129707 0.710463 0.217320 0.120660
0 0.207165 0.881377 0.217320 0.120660
0 0.349969 0.761377 0.217320 0.120660
0 0.497627 0.603194 0.217320 0.120660
0 0.616225 0.475914 0.217320 0.120660
0 0.761464 0.357731 0.217320 0.120660
0 0.851017 0.243194 0.217320 0.120660
0 0.967211 0.125012 0.217320 0.120660
0 0.967211 0.355914 0.217320 0.120660
0 0.911541 0.454097 0.217320 0.120660
0 0.771140 0.574097 0.217320 0.120660
0 0.608968 0.708646 0.217320 0.120660
0 0.468582 0.854097 0.217320 0.120660
0 0.834083 0.865012 0.217320 0.120660
0 0.952681 0.699549 0.217320 0.120660