0 0.458969 0.073007 0.161270 0.207465
0 0.242831 0.016951 0.161270 0.207465
0 0.127562 0.097256 0.161270 0.207465
0 0.034454 0.071493 0.161270 0.207465
0 0.016723 0.232103 0.161270 0.207465
0 0.133100 0.235131 0.161270 0.207465
0 0.239508 0.133617 0.161270 0.207465
0 0.358108 0.247256 0.161270 0.207465
0 0.251700 0.366951 0.161270 0.207465
0 0.066600 0.366951 0.161270 0.207465
0 0.555400 0.245741 0.161270 0.207465
0 0.447885 0.421493 0.161270 0.207465
0 0.777077 0.395741 0.161270 0.207465
0 0.709469 0.656341 0.161270 0.207465
0 0.517715 0.621493 0.161270 0.207465
0 0.357000 0.582103 0.161270 0.207465
0 0.303792 0.769979 0.161270 0.207465
0 0.130885 0.832103 0.161270 0.207465
0 0.106500 0.668465 0.161270 0.207465
0 0.185200 0.501798 0.161270 0.207465
0 0.025592 0.524522 0.161270 0.207465
0 0.013400 0.833617 0.161270 0.207465
0 0.099854 0.009369 0.161270 0.207465