0 0.511643 0.107181 0.145255 0.139757
0 0.339907 0.206206 0.145255 0.139757
0 0.371407 0.333365 0.145255 0.139757
0 0.543893 0.460525 0.145255 0.139757
0 0.602386 0.432401 0.145255 0.139757
0 0.684879 0.371629 0.145255 0.139757
0 0.724629 0.318746 0.145255 0.139757
0 0.679629 0.481908 0.145255 0.139757
0 0.711879 0.551683 0.145255 0.139757
0 0.492143 0.706977 0.145255 0.139757
0 0.534893 0.646206 0.145255 0.139757
0 0.642886 0.668714 0.145255 0.139757
0 0.571643 0.837513 0.145255 0.139757
0 0.547643 0.854394 0.145255 0.139757
0 0.740379 0.873516 0.145255 0.139757
0 0.126179 0.506667 0.145255 0.139757