0 0.175300 0.304506 0.178017 0.407986
0 0.262860 0.377209 0.178017 0.407986
0 0.331660 0.462064 0.178017 0.407986
0 0.211780 0.657529 0.178017 0.407986
0 0.150280 0.562064 0.178017 0.407986
0 0.459880 0.540872 0.178017 0.407986
0 0.377540 0.643895 0.178017 0.407986
0 0.278500 0.713576 0.178017 0.407986
0 0.504700 0.775698 0.178017 0.407986
0 0.573500 0.537820 0.178017 0.407986
0 0.589140 0.795407 0.178017 0.407986
0 0.674620 0.519651 0.178017 0.407986
0 0.665240 0.775698 0.178017 0.407986
0 0.751760 0.415116 0.178017 0.407986
0 0.804920 0.280262 0.178017 0.407986