0 0.114923 0.848821 0.267157 0.206597
0 0.384667 0.857893 0.267157 0.206597
0 0.750154 0.867000 0.267157 0.206597
0 0.552205 0.695786 0.267157 0.206597
0 0.260667 0.654857 0.267157 0.206597
0 0.038769 0.645786 0.267157 0.206597
0 0.054000 0.417000 0.267157 0.206597
0 0.334615 0.453357 0.267157 0.206597
0 0.604410 0.454857 0.267157 0.206597
0 0.858974 0.524571 0.267157 0.206597
0 0.839385 0.348821 0.267157 0.206597
0 0.839385 0.130643 0.267157 0.206597
0 0.521744 0.033643 0.267157 0.206597
0 0.543487 0.186679 0.267157 0.206597
0 0.397744 0.318500 0.267157 0.206597
0 0.225846 0.170036 0.267157 0.206597
0 0.021333 0.195786 0.267157 0.206597
0 0.043128 0.041250 0.267157 0.206597
0 0.251949 0.009429 0.267157 0.206597