0 0.073611 0.501583 0.096065 0.156250
0 0.221867 0.449533 0.096065 0.156250
0 0.258678 0.069400 0.096065 0.156250
0 0.547844 0.217667 0.096065 0.156250
0 0.799156 0.340700 0.096065 0.156250
0 0.926389 0.343850 0.096065 0.156250
0 0.603578 0.380133 0.096065 0.156250
0 0.543633 0.582017 0.096065 0.156250
0 0.369089 0.569400 0.096065 0.156250
0 0.335433 0.619867 0.096065 0.156250
0 0.436378 0.634067 0.096065 0.156250
0 0.354367 0.703467 0.096065 0.156250
0 0.249211 0.802833 0.096065 0.156250
0 0.547844 0.698733 0.096065 0.156250
0 0.810722 0.763400 0.096065 0.156250
0 0.524711 0.940067 0.096065 0.156250
0 0.383811 0.952683 0.096065 0.156250