0 0.296160 0.842682 0.193299 0.170139
0 0.183733 0.654811 0.193299 0.170139
0 0.399587 0.700256 0.193299 0.170139
0 0.670907 0.657830 0.193299 0.170139
0 0.541987 0.529043 0.193299 0.170139
0 0.264680 0.479043 0.193299 0.170139
0 0.087800 0.491173 0.193299 0.170139
0 0.083307 0.395714 0.193299 0.170139
0 0.228707 0.409353 0.193299 0.170139
0 0.411573 0.421469 0.193299 0.170139
0 0.335133 0.309353 0.193299 0.170139
0 0.186733 0.350256 0.193299 0.170139
0 0.546493 0.330566 0.193299 0.170139
0 0.697893 0.263895 0.193299 0.170139
0 0.570467 0.271469 0.193299 0.170139
0 0.601947 0.227534 0.193299 0.170139
0 0.416080 0.288140 0.193299 0.170139
0 0.452053 0.236617 0.193299 0.170139
0 0.769840 0.456321 0.193299 0.170139
0 0.808813 0.377534 0.193299 0.170139
0 0.847787 0.300256 0.193299 0.170139
0 0.939227 0.404811 0.193299 0.170139
0 0.922733 0.500256 0.193299 0.170139
0 0.864280 0.554811 0.193299 0.170139