0 0.023988 0.899182 0.112836 0.171007
0 0.327063 0.517966 0.112836 0.171007
0 0.412113 0.368889 0.112836 0.171007
0 0.491400 0.254151 0.112836 0.171007
0 0.547037 0.393564 0.112836 0.171007
0 0.451750 0.504025 0.112836 0.171007
0 0.382050 0.633795 0.112836 0.171007
0 0.506113 0.645597 0.112836 0.171007
0 0.594988 0.512600 0.112836 0.171007
0 0.649988 0.641300 0.112836 0.171007
0 0.711375 0.511530 0.112836 0.171007
0 0.658937 0.376394 0.112836 0.171007
0 0.616737 0.246625 0.112836 0.171007
0 0.719050 0.224109 0.112836 0.171007
0 0.761888 0.358176 0.112836 0.171007
0 0.764450 0.630566 0.112836 0.171007
0 0.699538 0.793899 0.112836 0.171007
0 0.552538 0.854717 0.112836 0.171007
0 0.441775 0.816331 0.112836 0.171007
0 0.313825 0.784256 0.112836 0.171007
0 0.203075 0.793899 0.112836 0.171007
0 0.071350 0.768281 0.112836 0.171007
0 0.086625 0.938050 0.112836 0.171007
0 0.254613 0.915639 0.112836 0.171007
0 0.374963 0.954025 0.112836 0.171007
0 0.487563 0.979665 0.112836 0.171007
0 0.642250 0.950818 0.112836 0.171007
0 0.764450 0.934822 0.112836 0.171007
0 0.147700 0.643438 0.112836 0.171007
0 0.250838 0.652998 0.112836 0.171007
0 0.214513 0.515283 0.112836 0.171007
0 0.098075 0.515283 0.112836 0.171007
0 0.023575 0.662642 0.112836 0.171007
0 0.008363 0.489644 0.112836 0.171007
0 0.059900 0.342411 0.112836 0.171007
0 0.025500 0.207925 0.112836 0.171007
0 0.078950 0.063774 0.112836 0.171007
0 0.126725 0.217463 0.112836 0.171007
0 0.237475 0.249539 0.112836 0.171007
0 0.159200 0.368029 0.112836 0.171007
0 0.266125 0.377589 0.112836 0.171007
0 0.340550 0.211132 0.112836 0.171007
0 0.180175 0.082977 0.112836 0.171007
0 0.299950 0.098092 0.112836 0.171007
0 0.385825 0.015094 0.112836 0.171007
0 0.448687 0.120524 0.112836 0.171007
0 0.293112 0.003501 0.112836 0.171007
0 0.492938 0.005220 0.112836 0.171007
0 0.554200 0.092851 0.112836 0.171007
0 0.945225 0.488470 0.112836 0.171007
0 0.938638 0.753690 0.112836 0.171007
0 0.982750 0.897191 0.112836 0.171007
0 0.885175 0.917358 0.112836 0.171007
0 0.812913 0.771593 0.112836 0.171007
0 0.855763 0.634759 0.112836 0.171007
0 0.977450 0.616855 0.112836 0.171007
0 0.986787 0.356667 0.112836 0.171007
0 0.978788 0.181635 0.112836 0.171007
0 0.913250 0.327505 0.112836 0.171007
0 0.825000 0.257904 0.112836 0.171007
0 0.895850 0.107652 0.112836 0.171007
0 0.768800 0.098637 0.112836 0.171007
0 0.655100 0.040398 0.112836 0.171007
0 0.835687 0.464235 0.112836 0.171007
0 0.839712 0.006730 0.112836 0.171007
0 0.739375 0.006730 0.112836 0.171007
0 0.933325 0.017883 0.112836 0.171007
0 0.007412 0.063711 0.112836 0.171007