0 0.105757 0.912809 0.141751 0.121528
0 0.154969 0.866022 0.141751 0.121528
0 0.150626 0.801056 0.141751 0.121528
0 0.118786 0.720517 0.141751 0.121528
0 0.166546 0.611371 0.141751 0.121528
0 0.298248 0.593191 0.141751 0.121528
0 0.406783 0.629573 0.141751 0.121528
0 0.327184 0.460652 0.141751 0.121528
0 0.441514 0.445056 0.141751 0.121528
0 0.510989 0.333326 0.141751 0.121528
0 0.719387 0.198202 0.141751 0.121528
0 0.833717 0.325528 0.141751 0.121528
0 0.975544 0.286562 0.141751 0.121528
0 0.939362 0.463258 0.141751 0.121528
0 0.980476 0.419348 0.141751 0.121528
0 0.995670 0.621506 0.141751 0.121528
0 0.719537 0.932539 0.141751 0.121528
0 0.632703 0.883169 0.141751 0.121528
0 0.744431 0.768854 0.141751 0.121528
0 0.617647 0.751169 0.141751 0.121528
0 0.596083 0.689596 0.141751 0.121528
0 0.457722 0.565640 0.141751 0.121528
0 0.528210 0.512629 0.141751 0.121528
0 0.587397 0.476247 0.141751 0.121528
0 0.751665 0.495213 0.141751 0.121528
0 0.762365 0.583056 0.141751 0.121528