0 0.975515 0.930323 0.116319 0.177951
0 0.857285 0.982760 0.116319 0.177951
0 0.679931 0.934353 0.116319 0.177951
0 0.776669 0.857714 0.116319 0.177951
0 0.599315 0.978730 0.116319 0.177951
0 0.513323 0.950485 0.116319 0.177951
0 0.427338 0.922252 0.116319 0.177951
0 0.333285 0.942425 0.116319 0.177951
0 0.174738 0.954527 0.116319 0.177951
0 0.024262 0.982760 0.116319 0.177951
0 0.040385 0.865774 0.116319 0.177951
0 0.067254 0.692321 0.116319 0.177951
0 0.196238 0.680219 0.116319 0.177951
0 0.190862 0.817367 0.116319 0.177951
0 0.322538 0.785104 0.116319 0.177951
0 0.459585 0.756859 0.116319 0.177951
0 0.599315 0.805266 0.116319 0.177951
0 0.636931 0.631813 0.116319 0.177951
0 0.755169 0.672148 0.116319 0.177951
0 0.862654 0.599550 0.116319 0.177951
0 0.954023 0.748799 0.116319 0.177951
0 0.972831 0.587448 0.116319 0.177951
0 0.868031 0.771386 0.116319 0.177951
0 0.715131 0.771386 0.116319 0.177951
0 0.886838 0.418418 0.116319 0.177951
0 0.941931 0.520889 0.116319 0.177951
0 0.024531 0.441016 0.116319 0.177951
0 0.060808 0.262309 0.116319 0.177951
0 0.190323 0.130000 0.116319 0.177951
0 0.107562 0.071513 0.116319 0.177951
0 0.130938 0.386559 0.116319 0.177951
0 0.205915 0.438995 0.116319 0.177951
0 0.283838 0.262309 0.116319 0.177951
0 0.301846 0.495473 0.116319 0.177951
0 0.353708 0.372841 0.116319 0.177951
0 0.362846 0.592691 0.116319 0.177951
0 0.495054 0.522898 0.116319 0.177951
0 0.522192 0.666905 0.116319 0.177951
0 0.580500 0.495473 0.116319 0.177951
0 0.535092 0.312737 0.116319 0.177951
0 0.441846 0.215520 0.116319 0.177951
0 0.685569 0.404307 0.116319 0.177951
0 0.760546 0.394619 0.116319 0.177951
0 0.811062 0.260300 0.116319 0.177951
0 0.947300 0.269977 0.116319 0.177951
0 0.711369 0.110242 0.116319 0.177951
0 0.620808 0.230855 0.116319 0.177951
0 0.603885 0.055785 0.116319 0.177951
0 0.478123 0.063845 0.116319 0.177951
0 0.353708 0.106605 0.116319 0.177951
0 0.009477 0.028753 0.116319 0.177951
0 0.283838 0.053360 0.116319 0.177951
0 0.894100 0.081594 0.116319 0.177951
0 0.991638 0.129192 0.116319 0.177951
0 0.982508 0.027945 0.116319 0.177951
0 0.984923 0.423672 0.116319 0.177951
0 0.926077 0.893614 0.116319 0.177951
0 0.690138 0.533788 0.116319 0.177951