0 0.115015 0.097021 0.134576 0.162326
0 0.277708 0.053085 0.134576 0.162326
0 0.447631 0.074294 0.134576 0.162326
0 0.629600 0.074294 0.134576 0.162326
0 0.795908 0.071267 0.134576 0.162326
0 0.947754 0.081876 0.134576 0.162326
0 0.936908 0.293994 0.134576 0.162326
0 0.936908 0.459149 0.134576 0.162326
0 0.929677 0.681876 0.134576 0.162326
0 0.038969 0.275203 0.134576 0.162326
0 0.058131 0.482476 0.134576 0.162326
0 0.059815 0.731112 0.134576 0.162326
0 0.042462 0.877331 0.134576 0.162326
0 0.170931 0.883839 0.134576 0.162326
0 0.373992 0.866422 0.134576 0.162326
0 0.946669 0.866721 0.134576 0.162326
0 0.823508 0.879903 0.134576 0.162326
0 0.719385 0.838385 0.134576 0.162326
0 0.556208 0.853694 0.134576 0.162326