0 0.192350 0.079850 0.172754 0.245660
0 0.159100 0.250824 0.172754 0.245660
0 0.159100 0.436704 0.172754 0.245660
0 0.144700 0.675693 0.172754 0.245660
0 0.189025 0.962846 0.172754 0.245660
0 0.356300 0.861610 0.172754 0.245660
0 0.344125 0.605993 0.172754 0.245660
0 0.344125 0.378614 0.172754 0.245660
0 0.436075 0.245843 0.172754 0.245660
0 0.477075 0.064906 0.172754 0.245660
0 0.667625 0.347079 0.172754 0.245660
0 0.801675 0.345431 0.172754 0.245660
0 0.728550 0.121348 0.172754 0.245660
0 0.921325 0.186067 0.172754 0.245660
0 0.916900 0.380262 0.172754 0.245660
0 0.899175 0.610974 0.172754 0.245660
0 0.848225 0.818464 0.172754 0.245660
0 0.686450 0.615955 0.172754 0.245660
0 0.495900 0.536292 0.172754 0.245660
0 0.583425 0.757041 0.172754 0.245660
0 0.668725 0.944607 0.172754 0.245660
0 0.801675 0.982772 0.172754 0.245660
0 0.964550 0.957865 0.172754 0.245660
0 0.474400 0.955243 0.172754 0.245660