0 0.799279 0.883303 0.130435 0.156250
0 0.860962 0.722703 0.130435 0.156250
0 0.911503 0.562102 0.130435 0.156250
0 0.962064 0.415135 0.130435 0.156250
0 0.801303 0.365135 0.130435 0.156250
0 0.728497 0.503003 0.130435 0.156250
0 0.597054 0.451502 0.130435 0.156250
0 0.652665 0.328769 0.130435 0.156250
0 0.681984 0.642402 0.130435 0.156250
0 0.604128 0.809069 0.130435 0.156250
0 0.439319 0.740901 0.130435 0.156250
0 0.525271 0.580300 0.130435 0.156250
0 0.284569 0.675676 0.130435 0.156250
0 0.362465 0.537868 0.130435 0.156250
0 0.442345 0.403003 0.130435 0.156250
0 0.498978 0.281802 0.130435 0.156250
0 0.364489 0.234835 0.130435 0.156250
0 0.304850 0.346967 0.130435 0.156250
0 0.220922 0.477267 0.130435 0.156250
0 0.148116 0.606036 0.130435 0.156250
0 0.030822 0.557568 0.130435 0.156250
0 0.090481 0.427267 0.130435 0.156250
0 0.174409 0.295435 0.130435 0.156250
0 0.260361 0.190901 0.130435 0.156250