0 0.158035 0.020503 0.192383 0.264323
0 0.082695 0.225587 0.192383 0.264323
0 0.235000 0.147047 0.192383 0.264323
0 0.424987 0.105587 0.192383 0.264323
0 0.698489 0.051040 0.192383 0.264323
0 0.624786 0.258322 0.192383 0.264323
0 0.544534 0.018322 0.192383 0.264323
0 0.880277 0.081594 0.192383 0.264323
0 0.865529 0.317232 0.192383 0.264323
0 0.598589 0.627047 0.192383 0.264323
0 0.503589 0.419765 0.192383 0.264323
0 0.277582 0.452500 0.192383 0.264323
0 0.102355 0.480856 0.192383 0.264323
0 0.221902 0.699044 0.192383 0.264323
0 0.413514 0.631409 0.192383 0.264323
0 0.487217 0.853943 0.192383 0.264323
0 0.778741 0.829950 0.192383 0.264323