0 0.854417 0.242430 0.221532 0.256076
0 0.803800 0.062151 0.221532 0.256076
0 0.613033 0.098492 0.221532 0.256076
0 0.395167 0.074246 0.221532 0.256076
0 0.192667 0.050028 0.221532 0.256076
0 0.163733 0.222737 0.221532 0.256076
0 0.395167 0.236369 0.221532 0.256076
0 0.617567 0.281844 0.221532 0.256076
0 0.920417 0.478799 0.221532 0.256076
0 0.648300 0.481844 0.221532 0.256076
0 0.398783 0.440922 0.221532 0.256076
0 0.142033 0.459106 0.221532 0.256076
0 0.146550 0.804553 0.221532 0.256076
0 0.386133 0.771229 0.221532 0.256076
0 0.648300 0.790922 0.221532 0.256076
0 0.895100 0.766676 0.221532 0.256076