0 0.108333 0.275750 0.157118 0.145833
0 0.261367 0.272733 0.157118 0.145833
0 0.421967 0.271217 0.157118 0.145833
0 0.584083 0.269700 0.157118 0.145833
0 0.740150 0.274250 0.157118 0.145833
0 0.891667 0.271217 0.157118 0.145833
0 0.894700 0.412117 0.157118 0.145833
0 0.728033 0.422733 0.157118 0.145833
0 0.573483 0.415150 0.157118 0.145833
0 0.409850 0.416667 0.157118 0.145833
0 0.252267 0.425750 0.157118 0.145833
0 0.106817 0.431817 0.157118 0.145833
0 0.105300 0.581817 0.157118 0.145833
0 0.106817 0.722733 0.157118 0.145833
0 0.259850 0.572733 0.157118 0.145833
0 0.267417 0.725750 0.157118 0.145833
0 0.417417 0.569700 0.157118 0.145833
0 0.411367 0.731817 0.157118 0.145833
0 0.573483 0.569700 0.157118 0.145833
0 0.576517 0.724250 0.157118 0.145833
0 0.732583 0.727267 0.157118 0.145833
0 0.729550 0.571217 0.157118 0.145833
0 0.890150 0.572733 0.157118 0.145833
0 0.890150 0.727267 0.157118 0.145833