0 0.220240 0.497488 0.119082 0.139757
0 0.370755 0.541270 0.119082 0.139757
0 0.330229 0.706080 0.119082 0.139757
0 0.417068 0.811668 0.119082 0.139757
0 0.498109 0.863170 0.119082 0.139757
0 0.490875 0.708656 0.119082 0.139757
0 0.505349 0.585042 0.119082 0.139757
0 0.432984 0.615950 0.119082 0.139757
0 0.485083 0.412502 0.119082 0.139757
0 0.377990 0.384180 0.119082 0.139757
0 0.427198 0.286321 0.119082 0.139757
0 0.569026 0.299194 0.119082 0.139757
0 0.482193 0.015913 0.119082 0.139757
0 0.492323 0.139527 0.119082 0.139757
0 0.502453 0.278591 0.119082 0.139757
0 0.570474 0.193605 0.119082 0.139757
0 0.576260 0.131798 0.119082 0.139757
0 0.537188 0.234810 0.119082 0.139757
0 0.638495 0.281168 0.119082 0.139757
0 0.644281 0.152400 0.119082 0.139757
0 0.713750 0.113772 0.119082 0.139757
0 0.593630 0.399629 0.119082 0.139757
0 0.652964 0.520667 0.119082 0.139757
0 0.566130 0.520667 0.119082 0.139757
0 0.612443 0.791066 0.119082 0.139757
0 0.663094 0.829694 0.119082 0.139757
0 0.861365 0.940426 0.119082 0.139757
0 0.813609 0.845144 0.119082 0.139757
0 0.729667 0.791066 0.119082 0.139757
0 0.668885 0.700936 0.119082 0.139757
0 0.696380 0.554143 0.119082 0.139757
0 0.748484 0.587618 0.119082 0.139757
0 0.781771 0.512938 0.119082 0.139757
0 0.809266 0.688054 0.119082 0.139757
0 0.880182 0.703503 0.119082 0.139757
0 0.936625 0.785913 0.119082 0.139757
0 0.997406 0.487183 0.119082 0.139757
0 0.935177 0.528387 0.119082 0.139757
0 0.859922 0.564449 0.119082 0.139757
0 0.657307 0.420232 0.119082 0.139757
0 0.748484 0.358424 0.119082 0.139757
0 0.768745 0.263142 0.119082 0.139757
0 0.851234 0.324949 0.119082 0.139757
0 0.952542 0.131798 0.119082 0.139757
0 0.993068 0.085449 0.119082 0.139757
0 0.793349 0.129231 0.119082 0.139757
0 0.789005 0.013336 0.119082 0.139757
0 0.637047 0.010769 0.119082 0.139757