0 0.316398 0.407341 0.104383 0.163194
0 0.670609 0.514676 0.104383 0.163194
0 0.012941 0.065835 0.104383 0.163194
0 0.062617 0.008918 0.104383 0.163194
0 0.123094 0.060959 0.104383 0.163194
0 0.222445 0.073971 0.104383 0.163194
0 0.346637 0.078847 0.104383 0.163194
0 0.434109 0.020300 0.104383 0.163194
0 0.541020 0.030059 0.104383 0.163194
0 0.652250 0.017047 0.104383 0.163194
0 0.739723 0.013800 0.104383 0.163194
0 0.800199 0.012171 0.104383 0.163194
0 0.885512 0.013800 0.104383 0.163194
0 0.972984 0.023553 0.104383 0.163194
0 0.929789 0.088606 0.104383 0.163194
0 0.829355 0.101612 0.104383 0.163194
0 0.733246 0.088606 0.104383 0.163194
0 0.609055 0.114624 0.104383 0.163194
0 0.492422 0.124382 0.104383 0.163194
0 0.386594 0.179671 0.104383 0.163194
0 0.292641 0.230082 0.104383 0.163194
0 0.206246 0.208947 0.104383 0.163194
0 0.065859 0.166665 0.104383 0.163194
0 0.024820 0.277247 0.104383 0.163194
0 0.020500 0.397588 0.104383 0.163194
0 0.116613 0.293506 0.104383 0.163194
0 0.227844 0.355306 0.104383 0.163194
0 0.373633 0.293506 0.104383 0.163194
0 0.464348 0.298388 0.104383 0.163194
0 0.571258 0.238218 0.104383 0.163194
0 0.672770 0.207318 0.104383 0.163194
0 0.764563 0.212194 0.104383 0.163194
0 0.834758 0.238218 0.104383 0.163194
0 0.913590 0.212194 0.104383 0.163194
0 0.991344 0.260982 0.104383 0.163194
0 0.951387 0.313024 0.104383 0.163194
0 0.874715 0.353676 0.104383 0.163194
0 0.751602 0.327659 0.104383 0.163194
0 0.636051 0.352053 0.104383 0.163194
0 0.523742 0.343924 0.104383 0.163194
0 0.445988 0.439871 0.104383 0.163194
0 0.111215 0.426859 0.104383 0.163194
0 0.214887 0.501665 0.104383 0.163194
0 0.073418 0.519553 0.104383 0.163194
0 0.147930 0.527682 0.104383 0.163194
0 0.011863 0.565088 0.104383 0.163194
0 0.193289 0.589482 0.104383 0.163194
0 0.366074 0.561835 0.104383 0.163194
0 0.487023 0.589482 0.104383 0.163194
0 0.560457 0.478900 0.104383 0.163194
0 0.799121 0.436618 0.104383 0.163194
0 0.906031 0.508171 0.104383 0.163194
0 0.977305 0.417100 0.104383 0.163194
0 0.994582 0.519553 0.104383 0.163194
0 0.979465 0.635012 0.104383 0.163194
0 0.869313 0.687053 0.104383 0.163194
0 0.920070 0.579724 0.104383 0.163194
0 0.789398 0.599235 0.104383 0.163194
0 0.705168 0.638265 0.104383 0.163194
0 0.577738 0.648024 0.104383 0.163194
0 0.669531 0.750476 0.104383 0.163194
0 0.397391 0.683800 0.104383 0.163194
0 0.309918 0.667541 0.104383 0.163194
0 0.144691 0.727712 0.104383 0.163194
0 0.016184 0.683800 0.104383 0.163194
0 0.221367 0.773241 0.104383 0.163194
0 0.350953 0.796012 0.104383 0.163194
0 0.474066 0.771618 0.104383 0.163194
0 0.542102 0.742347 0.104383 0.163194
0 0.603656 0.804141 0.104383 0.163194
0 0.597176 0.934241 0.104383 0.163194
0 0.705168 0.916353 0.104383 0.163194
0 0.761320 0.800888 0.104383 0.163194
0 0.799121 0.709824 0.104383 0.163194
0 0.827195 0.813900 0.104383 0.163194
0 0.761969 0.942047 0.104383 0.163194
0 0.804734 0.934241 0.104383 0.163194
0 0.885082 0.871794 0.104383 0.163194
0 0.952469 0.957659 0.104383 0.163194
0 0.984863 0.819106 0.104383 0.163194
0 0.844906 0.979124 0.104383 0.163194
0 0.492422 0.961559 0.104383 0.163194
0 0.406895 0.869841 0.104383 0.163194
0 0.331734 0.965465 0.104383 0.163194
0 0.256570 0.840571 0.104383 0.163194
0 0.103656 0.885453 0.104383 0.163194
0 0.010352 0.840571 0.104383 0.163194
0 0.033676 0.977171 0.104383 0.163194
0 0.173633 0.979124 0.104383 0.163194
0 0.190258 0.009824 0.104383 0.163194
0 0.284000 0.031276 0.104383 0.163194
0 0.314746 0.010953 0.104383 0.163194