0 0.731038 0.977977 0.123217 0.130208
0 0.644150 0.949699 0.123217 0.130208
0 0.493837 0.937140 0.123217 0.130208
0 0.451562 0.984264 0.123217 0.130208
0 0.383462 0.924565 0.123217 0.130208
0 0.338837 0.984264 0.123217 0.130208
0 0.298912 0.871154 0.123217 0.130208
0 0.251938 0.943411 0.123217 0.130208
0 0.202625 0.811455 0.123217 0.130208
0 0.155650 0.893144 0.123217 0.130208
0 0.132175 0.971689 0.123217 0.130208
0 0.057012 0.830318 0.123217 0.130208
0 0.059362 0.754916 0.123217 0.130208
0 0.024137 0.616672 0.123217 0.130208
0 0.136862 0.632375 0.123217 0.130208
0 0.162700 0.742341 0.123217 0.130208
0 0.068763 0.600953 0.123217 0.130208
0 0.106337 0.522408 0.123217 0.130208
0 0.183837 0.560117 0.123217 0.130208
0 0.235500 0.670084 0.123217 0.130208
0 0.261338 0.575819 0.123217 0.130208
0 0.331787 0.509849 0.123217 0.130208
0 0.277775 0.415585 0.123217 0.130208
0 0.235500 0.478428 0.123217 0.130208
0 0.200275 0.381037 0.123217 0.130208
0 0.251938 0.289916 0.123217 0.130208
0 0.336487 0.311906 0.123217 0.130208
0 0.343537 0.233361 0.123217 0.130208
0 0.418687 0.327625 0.123217 0.130208
0 0.371713 0.384181 0.123217 0.130208
0 0.406950 0.484716 0.123217 0.130208
0 0.519675 0.318194 0.123217 0.130208
0 0.456262 0.195669 0.123217 0.130208
0 0.599525 0.377893 0.123217 0.130208
0 0.547850 0.431304 0.123217 0.130208
0 0.475050 0.522408 0.123217 0.130208
0 0.385812 0.591538 0.123217 0.130208
0 0.289525 0.729783 0.123217 0.130208
0 0.383462 0.761187 0.123217 0.130208
0 0.475050 0.767475 0.123217 0.130208
0 0.472700 0.648094 0.123217 0.130208
0 0.571337 0.688930 0.123217 0.130208
0 0.573687 0.556973 0.123217 0.130208
0 0.684075 0.597826 0.123217 0.130208
0 0.742788 0.503562 0.123217 0.130208
0 0.705200 0.406171 0.123217 0.130208
0 0.756875 0.280502 0.123217 0.130208
0 0.641800 0.255368 0.123217 0.130208
0 0.832025 0.789465 0.123217 0.130208
0 0.778012 0.644950 0.123217 0.130208
0 0.740437 0.761187 0.123217 0.130208
0 0.641800 0.732910 0.123217 0.130208
0 0.674675 0.842876 0.123217 0.130208
0 0.566637 0.849164 0.123217 0.130208
0 0.735738 0.893144 0.123217 0.130208
0 0.794450 0.899431 0.123217 0.130208
0 0.468012 0.849164 0.123217 0.130208
0 0.881350 0.723495 0.123217 0.130208
0 0.897787 0.594682 0.123217 0.130208
0 0.843762 0.541271 0.123217 0.130208
0 0.890737 0.456438 0.123217 0.130208
0 0.864900 0.337040 0.123217 0.130208
0 0.660587 0.503562 0.123217 0.130208
0 0.911875 0.255368 0.123217 0.130208
0 0.984675 0.437592 0.123217 0.130208
0 0.965887 0.635518 0.123217 0.130208
0 0.991725 0.566405 0.123217 0.130208
0 0.979988 0.308779 0.123217 0.130208
0 0.977638 0.135970 0.123217 0.130208
0 0.918925 0.035435 0.123217 0.130208
0 0.911875 0.154816 0.123217 0.130208
0 0.834375 0.198813 0.123217 0.130208
0 0.810887 0.091990 0.123217 0.130208
0 0.752175 0.164247 0.123217 0.130208
0 0.655887 0.113980 0.123217 0.130208
0 0.587775 0.151689 0.123217 0.130208
0 0.526725 0.051137 0.123217 0.130208
0 0.404600 0.073127 0.123217 0.130208
0 0.724000 0.038579 0.123217 0.130208