0 0.085435 0.171467 0.198529 0.157118
0 0.190657 0.239859 0.198529 0.157118
0 0.319546 0.144111 0.198529 0.157118
0 0.495787 0.030474 0.198529 0.157118
0 0.065713 0.045200 0.198529 0.157118
0 0.209074 0.017844 0.198529 0.157118
0 0.314287 0.017844 0.198529 0.157118
0 0.706231 0.107281 0.198529 0.157118
0 0.541824 0.161993 0.198529 0.157118
0 0.689130 0.252481 0.198529 0.157118
0 0.418194 0.354548 0.198529 0.157118
0 0.511574 0.280889 0.198529 0.157118
0 0.789093 0.021000 0.198529 0.157118
0 0.874583 0.140948 0.198529 0.157118
0 0.917981 0.068348 0.198529 0.157118
0 0.948231 0.266163 0.198529 0.157118
0 0.977167 0.176726 0.198529 0.157118
0 0.715435 0.397689 0.198529 0.157118
0 0.547083 0.530259 0.198529 0.157118
0 0.341907 0.482911 0.198529 0.157118
0 0.160407 0.471341 0.198529 0.157118
0 0.044667 0.344022 0.198529 0.157118
0 0.081491 0.652319 0.198529 0.157118
0 0.327444 0.633378 0.198529 0.157118
0 0.745685 0.548148 0.198529 0.157118
0 0.931139 0.493437 0.198529 0.157118
0 0.957435 0.387163 0.198529 0.157118
0 0.476065 0.843815 0.198529 0.157118
0 0.281407 0.884852 0.198529 0.157118
0 0.285352 0.738593 0.198529 0.157118
0 0.141991 0.763844 0.198529 0.157118
0 0.017046 0.806985 0.198529 0.157118
0 0.094648 0.883800 0.198529 0.157118
0 0.064398 0.972178 0.198529 0.157118
0 0.545769 0.959556 0.198529 0.157118
0 0.444500 0.953244 0.198529 0.157118
0 0.645731 0.845919 0.198529 0.157118
0 0.206435 0.982704 0.198529 0.157118
0 0.728593 0.751222 0.198529 0.157118
0 0.515519 0.696504 0.198529 0.157118
0 0.982426 0.643896 0.198529 0.157118
0 0.945602 0.770163 0.198529 0.157118
0 0.866685 0.917467 0.198529 0.157118
0 0.973222 0.902733 0.198529 0.157118
0 0.725954 0.943770 0.198529 0.157118
0 0.775935 0.855385 0.198529 0.157118
0 0.840380 0.667044 0.198529 0.157118
0 0.039407 0.510267 0.198529 0.157118
0 0.011787 0.580763 0.198529 0.157118
0 0.577333 0.393474 0.198529 0.157118
0 0.645731 0.031526 0.198529 0.157118
0 0.220907 0.143059 0.198529 0.157118