0 0.034193 0.641475 0.192725 0.332465
0 0.266349 0.485500 0.192725 0.332465
0 0.340724 0.853742 0.192725 0.332465
0 0.073385 0.922883 0.192725 0.332465
0 0.568865 0.934142 0.192725 0.332465
0 0.651276 0.842483 0.192725 0.332465
0 0.838208 0.879467 0.192725 0.332465
0 0.974896 0.572333 0.192725 0.332465
0 0.950776 0.377758 0.192725 0.332465
0 0.968865 0.130125 0.192725 0.332465
0 0.837208 0.223392 0.192725 0.332465
0 0.806052 0.599667 0.192725 0.332465
0 0.511578 0.581983 0.192725 0.332465
0 0.622130 0.202483 0.192725 0.332465
0 0.324641 0.229817 0.192725 0.332465
0 0.102531 0.223392 0.192725 0.332465
0 0.233187 0.741175 0.192725 0.332465
0 0.218109 0.963083 0.192725 0.332465
0 0.210068 0.035250 0.192725 0.332465
0 0.403740 0.034767 0.192725 0.332465
0 0.712182 0.024633 0.192725 0.332465