0 0.448775 0.662003 0.117839 0.139757
0 0.352182 0.666546 0.117839 0.139757
0 0.266954 0.678670 0.117839 0.139757
0 0.313547 0.502909 0.117839 0.139757
0 0.199910 0.525640 0.117839 0.139757
0 0.188547 0.630183 0.117839 0.139757
0 0.423775 0.384730 0.117839 0.139757
0 0.336275 0.307456 0.117839 0.139757
0 0.263547 0.399879 0.117839 0.139757
0 0.396502 0.180183 0.117839 0.139757
0 0.434002 0.286243 0.117839 0.139757
0 0.464682 0.519576 0.117839 0.139757
0 0.615820 0.498366 0.117839 0.139757
0 0.634002 0.383213 0.117839 0.139757
0 0.682865 0.295336 0.117839 0.139757
0 0.601047 0.299879 0.117839 0.139757
0 0.512410 0.330183 0.117839 0.139757
0 0.497637 0.205939 0.117839 0.139757
0 0.566954 0.130183 0.117839 0.139757
0 0.657865 0.166546 0.117839 0.139757
0 0.734002 0.192306 0.117839 0.139757
0 0.603320 0.208973 0.117839 0.139757
0 0.773775 0.360486 0.117839 0.139757
0 0.785137 0.475640 0.117839 0.139757
0 0.732865 0.551396 0.117839 0.139757
0 0.774910 0.683213 0.117839 0.139757
0 0.798775 0.586243 0.117839 0.139757
0 0.671502 0.649879 0.117839 0.139757
0 0.610137 0.596849 0.117839 0.139757
0 0.539682 0.555939 0.117839 0.139757
0 0.560137 0.433213 0.117839 0.139757
0 0.698775 0.401396 0.117839 0.139757
0 0.491160 0.452909 0.117839 0.139757