0 0.950293 0.863640 0.360294 0.256076
0 0.567280 0.852720 0.360294 0.256076
0 0.167280 0.769100 0.360294 0.256076
0 0.576960 0.547280 0.360294 0.256076
0 0.901813 0.572720 0.360294 0.256076
0 0.240000 0.478180 0.360294 0.256076
0 0.012133 0.669100 0.360294 0.256076
0 0.024240 0.461820 0.360294 0.256076
0 0.918800 0.309100 0.360294 0.256076
0 0.620613 0.332720 0.360294 0.256076
0 0.353947 0.310900 0.360294 0.256076
0 0.075147 0.316360 0.360294 0.256076
0 0.116373 0.205460 0.360294 0.256076
0 0.344240 0.198180 0.360294 0.256076
0 0.603627 0.209100 0.360294 0.256076
0 0.858187 0.187280 0.360294 0.256076
0 0.829093 0.060000 0.360294 0.256076
0 0.586667 0.089100 0.360294 0.256076
0 0.373333 0.038180 0.360294 0.256076
0 0.176960 0.054540 0.360294 0.256076
0 0.564853 0.009100 0.360294 0.256076
0 0.717573 0.014540 0.360294 0.256076