0 0.170686 0.111963 0.237745 0.178819
0 0.462356 0.101035 0.237745 0.178819
0 0.676677 0.123164 0.237745 0.178819
0 0.815881 0.120264 0.237745 0.178819
0 0.331981 0.257188 0.237745 0.178819
0 0.623651 0.284854 0.237745 0.178819
0 0.784945 0.334785 0.237745 0.178819
0 0.597129 0.421787 0.237745 0.178819
0 0.396069 0.424687 0.237745 0.178819
0 0.210452 0.435615 0.237745 0.178819
0 0.351872 0.562861 0.237745 0.178819
0 0.267910 0.683193 0.237745 0.178819
0 0.183947 0.828428 0.237745 0.178819
0 0.411529 0.815977 0.237745 0.178819
0 0.630281 0.811826 0.237745 0.178819
0 0.818081 0.809199 0.237745 0.178819
0 0.641326 0.620957 0.237745 0.178819
0 0.837972 0.574063 0.237745 0.178819