0 0.437317 0.644637 0.127894 0.156250
0 0.236453 0.694853 0.127894 0.156250
0 0.588504 0.602519 0.127894 0.156250
0 0.678137 0.591181 0.127894 0.156250
0 0.735372 0.579842 0.127894 0.156250
0 0.787208 0.571741 0.127894 0.156250
0 0.820686 0.560403 0.127894 0.156250
0 0.861939 0.568988 0.127894 0.156250
0 0.872521 0.553114 0.127894 0.156250
0 0.894229 0.552142 0.127894 0.156250
0 0.907835 0.547607 0.127894 0.156250
0 0.921334 0.543555 0.127894 0.156250
0 0.941852 0.540478 0.127894 0.156250
0 0.964423 0.546795 0.127894 0.156250
0 0.973170 0.539992 0.127894 0.156250