0 0.038783 0.653952 0.078556 0.140625
0 0.074967 0.715588 0.078556 0.140625
0 0.103108 0.565605 0.078556 0.140625
0 0.105117 0.390971 0.078556 0.140625
0 0.063908 0.294395 0.078556 0.140625
0 0.027733 0.351925 0.078556 0.140625
0 0.069942 0.152641 0.078556 0.140625
0 0.042808 0.037581 0.078556 0.140625
0 0.130242 0.088944 0.078556 0.140625
0 0.165417 0.010869 0.078556 0.140625
0 0.193558 0.204003 0.078556 0.140625
0 0.126225 0.234821 0.078556 0.140625
0 0.195567 0.343714 0.078556 0.140625
0 0.167425 0.473152 0.078556 0.140625
0 0.202608 0.623135 0.078556 0.140625
0 0.137275 0.789557 0.078556 0.140625
0 0.217683 0.799830 0.078556 0.140625
0 0.317175 0.781329 0.078556 0.140625
0 0.371450 0.793663 0.078556 0.140625
0 0.348333 0.575877 0.078556 0.140625
0 0.261900 0.508075 0.078556 0.140625
0 0.306125 0.446440 0.078556 0.140625
0 0.263908 0.240988 0.078556 0.140625
0 0.241800 0.111550 0.078556 0.140625
0 0.282000 0.021141 0.078556 0.140625
0 0.311150 0.107445 0.078556 0.140625
0 0.363408 0.080733 0.078556 0.140625
0 0.334267 0.238927 0.078556 0.140625
0 0.407633 0.037581 0.078556 0.140625
0 0.449842 0.025247 0.078556 0.140625
0 0.440792 0.195775 0.078556 0.140625
0 0.368433 0.329336 0.078556 0.140625
0 0.409642 0.380698 0.078556 0.140625
0 0.363408 0.454651 0.078556 0.140625
0 0.408633 0.471090 0.078556 0.140625
0 0.437783 0.526576 0.078556 0.140625
0 0.494058 0.386865 0.078556 0.140625
0 0.483008 0.534787 0.078556 0.140625
0 0.481000 0.752572 0.078556 0.140625
0 0.531250 0.645741 0.078556 0.140625
0 0.559392 0.752572 0.078556 0.140625
0 0.552350 0.512181 0.078556 0.140625
0 0.567425 0.403288 0.078556 0.140625
0 0.553358 0.288245 0.078556 0.140625
0 0.477983 0.282078 0.078556 0.140625
0 0.518183 0.191670 0.078556 0.140625
0 0.500092 0.068399 0.078556 0.140625
0 0.560392 0.004702 0.078556 0.140625
0 0.555367 0.142368 0.078556 0.140625
0 0.588533 0.088944 0.078556 0.140625
0 0.640792 0.027308 0.078556 0.140625
0 0.612658 0.175230 0.078556 0.140625
0 0.609642 0.253305 0.078556 0.140625
0 0.655875 0.134140 0.078556 0.140625
0 0.725217 0.117717 0.078556 0.140625
0 0.697075 0.181397 0.078556 0.140625
0 0.690042 0.054020 0.078556 0.140625
0 0.740292 0.027308 0.078556 0.140625
0 0.802608 0.074566 0.078556 0.140625
0 0.848833 0.076610 0.078556 0.140625
0 0.848833 0.076610 0.078556 0.140625
0 0.823708 0.138262 0.078556 0.140625
0 0.853858 0.208109 0.078556 0.140625
0 0.887025 0.267700 0.078556 0.140625
0 0.888033 0.177291 0.078556 0.140625
0 0.896075 0.368365 0.078556 0.140625
0 0.851850 0.419727 0.078556 0.140625
0 0.889033 0.493697 0.078556 0.140625
0 0.859892 0.569710 0.078556 0.140625
0 0.918183 0.586150 0.078556 0.140625
0 0.899083 0.688876 0.078556 0.140625
0 0.835767 0.717649 0.078556 0.140625
0 0.802608 0.596422 0.078556 0.140625
0 0.746325 0.729966 0.078556 0.140625
0 0.735267 0.619029 0.078556 0.140625
0 0.683008 0.633407 0.078556 0.140625
0 0.635767 0.734072 0.078556 0.140625
0 0.685017 0.734072 0.078556 0.140625
0 0.602608 0.582044 0.078556 0.140625
0 0.610642 0.471090 0.078556 0.140625
0 0.665925 0.436167 0.078556 0.140625
0 0.700092 0.512181 0.078556 0.140625
0 0.740292 0.380698 0.078556 0.140625
0 0.769442 0.499864 0.078556 0.140625
0 0.808633 0.302624 0.078556 0.140625
0 0.754367 0.208109 0.078556 0.140625
0 0.667933 0.284123 0.078556 0.140625
0 0.609642 0.360153 0.078556 0.140625
0 0.814667 0.499864 0.078556 0.140625
0 0.776375 0.021550 0.078556 0.140625
0 0.791850 0.413986 0.078556 0.140625