0 0.108914 0.306018 0.139807 0.177083
0 0.096900 0.522685 0.139807 0.177083
0 0.184600 0.690865 0.139807 0.177083
0 0.296314 0.456018 0.139807 0.177083
0 0.280700 0.240865 0.139807 0.177083
0 0.462100 0.245405 0.139807 0.177083
0 0.657914 0.225712 0.139807 0.177083
0 0.854929 0.277225 0.139807 0.177083
0 0.871743 0.519640 0.139807 0.177083
0 0.692743 0.424198 0.139807 0.177083
0 0.500543 0.521171 0.139807 0.177083
0 0.705957 0.599946 0.139807 0.177083
0 0.754014 0.787838 0.139807 0.177083
0 0.590643 0.765099 0.139807 0.177083
0 0.438071 0.790865 0.139807 0.177083
0 0.335957 0.642378 0.139807 0.177083