0 0.443517 0.634850 0.283497 0.137153
0 0.459663 0.557580 0.283497 0.137153
0 0.747620 0.578790 0.283497 0.137153
0 0.755684 0.680300 0.283497 0.137153
0 0.596909 0.740910 0.283497 0.137153
0 0.510799 0.815150 0.283497 0.137153
0 0.295488 0.850000 0.283497 0.137153
0 0.128632 0.771210 0.283497 0.137153
0 0.136714 0.592420 0.283497 0.137153
0 0.284725 0.633330 0.283497 0.137153
0 0.050586 0.501520 0.283497 0.137153
0 0.973677 0.562120 0.283497 0.137153
0 0.925240 0.619700 0.283497 0.137153
0 0.970995 0.706060 0.283497 0.137153
0 0.876803 0.824240 0.283497 0.137153
0 0.650728 0.890910 0.283497 0.137153
0 0.155560 0.365150 0.283497 0.137153
0 0.047904 0.215150 0.283497 0.137153
0 0.147478 0.086360 0.283497 0.137153
0 0.306252 0.207580 0.283497 0.137153
0 0.459663 0.065150 0.283497 0.137153
0 0.510799 0.346970 0.283497 0.137153
0 0.621137 0.186360 0.283497 0.137153
0 0.839112 0.307580 0.283497 0.137153
0 0.919858 0.136360 0.283497 0.137153