0 0.303390 0.239379 0.139706 0.240451
0 0.505678 0.203023 0.139706 0.240451
0 0.655678 0.190904 0.139706 0.240451
0 0.821568 0.177260 0.139706 0.240451
0 0.880678 0.165141 0.139706 0.240451
0 0.873856 0.356045 0.139706 0.240451
0 0.776102 0.410593 0.139706 0.240451
0 0.630678 0.462119 0.139706 0.240451
0 0.501102 0.495452 0.139706 0.240451
0 0.276102 0.525734 0.139706 0.240451
0 0.762500 0.606045 0.139706 0.240451
0 0.632924 0.663616 0.139706 0.240451
0 0.464746 0.715141 0.139706 0.240451
0 0.246568 0.733333 0.139706 0.240451