0 0.352074 0.218295 0.335069 0.134549
0 0.651307 0.624176 0.335069 0.134549
0 0.368707 0.242443 0.335069 0.134549
0 0.638977 0.608310 0.335069 0.134549
0 0.258366 0.094730 0.335069 0.134549
0 0.452372 0.349375 0.335069 0.134549
0 0.588040 0.534687 0.335069 0.134549
0 0.314176 0.169233 0.335069 0.134549
0 0.335398 0.191733 0.335069 0.134549
0 0.761179 0.761065 0.335069 0.134549
0 0.434687 0.322884 0.335069 0.134549
0 0.599020 0.548963 0.335069 0.134549
0 0.558423 0.485682 0.335069 0.134549
0 0.407131 0.295795 0.335069 0.134549
0 0.576818 0.518352 0.335069 0.134549
0 0.389446 0.272344 0.335069 0.134549
0 0.694787 0.665298 0.335069 0.134549
0 0.524759 0.448324 0.335069 0.134549
0 0.630156 0.592443 0.335069 0.134549
0 0.750014 0.743437 0.335069 0.134549
0 0.342557 0.203665 0.335069 0.134549
0 0.739446 0.728168 0.335069 0.134549
0 0.289560 0.144034 0.335069 0.134549
0 0.251023 0.083395 0.335069 0.134549
0 0.276818 0.118537 0.335069 0.134549
0 0.536690 0.460540 0.335069 0.134549
0 0.283864 0.128750 0.335069 0.134549
0 0.545497 0.475526 0.335069 0.134549
0 0.610767 0.562472 0.335069 0.134549
0 0.377869 0.256009 0.335069 0.134549
0 0.362599 0.231520 0.335069 0.134549
0 0.493494 0.406832 0.335069 0.134549
0 0.483281 0.393210 0.335069 0.134549
0 0.619006 0.575398 0.335069 0.134549
0 0.306250 0.157074 0.335069 0.134549
0 0.513537 0.433040 0.335069 0.134549
0 0.669531 0.635327 0.335069 0.134549
0 0.564886 0.505781 0.335069 0.134549
0 0.720639 0.696435 0.335069 0.134549
0 0.322472 0.179517 0.335069 0.134549
0 0.705952 0.682926 0.335069 0.134549
0 0.502017 0.421463 0.335069 0.134549
0 0.265710 0.108594 0.335069 0.134549
0 0.725938 0.715241 0.335069 0.134549
0 0.397614 0.282571 0.335069 0.134549
0 0.685398 0.651790 0.335069 0.134549
0 0.422756 0.312656 0.335069 0.134549
0 0.445199 0.337443 0.335069 0.134549
0 0.463892 0.362656 0.335069 0.134549
0 0.471406 0.377230 0.335069 0.134549