0 0.906750 0.691700 0.166016 0.288194
0 0.799600 0.483700 0.166016 0.288194
0 0.210325 0.511267 0.166016 0.288194
0 0.343775 0.521267 0.166016 0.288194
0 0.153000 0.270667 0.166016 0.288194
0 0.497925 0.494967 0.166016 0.288194
0 0.325925 0.250600 0.166016 0.288194
0 0.762950 0.699233 0.166016 0.288194
0 0.659575 0.486200 0.166016 0.288194
0 0.481000 0.250600 0.166016 0.288194
0 0.496975 0.713000 0.166016 0.288194
0 0.224425 0.729300 0.166016 0.288194
0 0.080625 0.740567 0.166016 0.288194
0 0.636075 0.704233 0.166016 0.288194
0 0.363525 0.724300 0.166016 0.288194
0 0.959375 0.484933 0.166016 0.288194