0 0.467821 0.169205 0.862745 0.085938
0 0.505554 0.771963 0.862745 0.085938
0 0.541285 0.884746 0.862745 0.085938
0 0.471801 0.354674 0.862745 0.085938
0 0.477758 0.656677 0.862745 0.085938
0 0.461877 0.404801 0.862745 0.085938
0 0.549232 0.929857 0.862745 0.085938
0 0.461877 0.473720 0.862745 0.085938
0 0.463854 0.117830 0.862745 0.085938
0 0.461877 0.256932 0.862745 0.085938
0 0.505554 0.838378 0.862745 0.085938
0 0.471801 0.037631 0.862745 0.085938
0 0.481725 0.701789 0.862745 0.085938
0 0.485693 0.596526 0.862745 0.085938
0 0.481725 0.532615 0.862745 0.085938