0 0.748916 0.115264 0.133015 0.216146
0 0.730713 0.341584 0.133015 0.216146
0 0.433027 0.876672 0.133015 0.216146
0 0.912744 0.888944 0.133015 0.216146
0 0.732852 0.581936 0.133015 0.216146
0 0.117148 0.594208 0.133015 0.216146
0 0.025059 0.338064 0.133015 0.216146
0 0.578652 0.866144 0.133015 0.216146
0 0.289541 0.124032 0.133015 0.216146
0 0.106436 0.853856 0.133015 0.216146
0 0.902031 0.632800 0.133015 0.216146
0 0.269199 0.597712 0.133015 0.216146
0 0.422324 0.595968 0.133015 0.216146
0 0.132139 0.336320 0.133015 0.216146
0 0.738203 0.866144 0.133015 0.216146
0 0.429814 0.339824 0.133015 0.216146
0 0.277764 0.352112 0.133015 0.216146
0 0.577588 0.104736 0.133015 0.216146
0 0.259561 0.860880 0.133015 0.216146
0 0.892402 0.345088 0.133015 0.216146
0 0.575439 0.339824 0.133015 0.216146
0 0.584014 0.594208 0.133015 0.216146
0 0.022910 0.599472 0.133015 0.216146
0 0.874199 0.108240 0.133015 0.216146
0 0.030410 0.120528 0.133015 0.216146
0 0.157832 0.115264 0.133015 0.216146
0 0.429814 0.117024 0.133015 0.216146