0 0.267633 0.368200 0.187908 0.147569
0 0.520217 0.298525 0.187908 0.147569
0 0.962950 0.221862 0.187908 0.147569
0 0.761633 0.988412 0.187908 0.147569
0 0.433483 0.969838 0.187908 0.147569
0 0.430383 0.022100 0.187908 0.147569
0 0.273733 0.575763 0.187908 0.147569
0 0.077783 0.043937 0.187908 0.147569
0 0.061617 0.204550 0.187908 0.147569
0 0.037367 0.325763 0.187908 0.147569
0 0.300000 0.063637 0.187908 0.147569
0 0.267683 0.213638 0.187908 0.147569
0 0.390917 0.310600 0.187908 0.147569
0 0.164650 0.422725 0.187908 0.147569
0 0.033333 0.504550 0.187908 0.147569
0 0.148483 0.609087 0.187908 0.147569
0 0.037367 0.737875 0.187908 0.147569
0 0.366667 0.490913 0.187908 0.147569
0 0.558583 0.404550 0.187908 0.147569
0 0.522217 0.151512 0.187908 0.147569
0 0.732317 0.024237 0.187908 0.147569
0 0.683833 0.286363 0.187908 0.147569
0 0.801017 0.201513 0.187908 0.147569
0 0.778783 0.089400 0.187908 0.147569
0 0.932317 0.103025 0.187908 0.147569
0 0.930300 0.296975 0.187908 0.147569
0 0.782833 0.431812 0.187908 0.147569
0 0.655550 0.507575 0.187908 0.147569
0 0.514133 0.604550 0.187908 0.147569
0 0.326267 0.639400 0.187908 0.147569
0 0.201017 0.725762 0.187908 0.147569
0 0.160600 0.848487 0.187908 0.147569
0 0.374750 0.750000 0.187908 0.147569
0 0.045450 0.948487 0.187908 0.147569
0 0.160600 0.968187 0.187908 0.147569
0 0.306067 0.946975 0.187908 0.147569
0 0.297983 0.842425 0.187908 0.147569
0 0.568683 0.739400 0.187908 0.147569
0 0.485867 0.883337 0.187908 0.147569
0 0.572733 0.974237 0.187908 0.147569
0 0.691917 0.907575 0.187908 0.147569
0 0.667683 0.819700 0.187908 0.147569
0 0.766667 0.759088 0.187908 0.147569
0 0.712117 0.622725 0.187908 0.147569
0 0.825250 0.928787 0.187908 0.147569
0 0.942417 0.968187 0.187908 0.147569
0 0.926267 0.833337 0.187908 0.147569
0 0.881817 0.665150 0.187908 0.147569
0 0.924250 0.515150 0.187908 0.147569
0 0.944450 0.413638 0.187908 0.147569
0 0.798983 0.550000 0.187908 0.147569
0 0.594000 0.053750 0.187908 0.147569