0 0.810413 0.412283 0.212500 0.253472
0 0.636147 0.404967 0.212500 0.253472
0 0.789360 0.605267 0.212500 0.253472
0 0.460667 0.829000 0.212500 0.253472
0 0.549587 0.605267 0.212500 0.253472
0 0.295787 0.299700 0.212500 0.253472
0 0.704000 0.783667 0.212500 0.253472
0 0.700467 0.252917 0.212500 0.253472
0 0.128533 0.729500 0.212500 0.253472
0 0.341400 0.665200 0.212500 0.253472
0 0.203333 0.495667 0.212500 0.253472
0 0.089947 0.419583 0.212500 0.253472
0 0.402267 0.472167 0.212500 0.253472
0 0.502813 0.339183 0.212500 0.253472
0 0.896960 0.309933 0.212500 0.253472
0 0.500467 0.203217 0.212500 0.253472
0 0.403387 0.296783 0.212500 0.253472
0 0.354267 0.153517 0.212500 0.253472
0 0.201053 0.209067 0.212500 0.253472