0 0.496443 0.509541 0.115435 0.177951
0 0.291957 0.700765 0.115435 0.177951
0 0.090100 0.911300 0.115435 0.177951
0 0.391571 0.706023 0.115435 0.177951
0 0.301129 0.523576 0.115435 0.177951
0 0.880500 0.100765 0.115435 0.177951
0 0.277543 0.320057 0.115435 0.177951
0 0.597371 0.320057 0.115435 0.177951
0 0.383714 0.318317 0.115435 0.177951
0 0.605229 0.509541 0.115435 0.177951
0 0.080929 0.527075 0.115435 0.177951
0 0.388957 0.520057 0.115435 0.177951
0 0.679943 0.113040 0.115435 0.177951
0 0.285400 0.121816 0.115435 0.177951
0 0.710100 0.514799 0.115435 0.177951
0 0.485957 0.128834 0.115435 0.177951
0 0.721900 0.895507 0.115435 0.177951
0 0.075686 0.123576 0.115435 0.177951
0 0.180543 0.327075 0.115435 0.177951
0 0.176614 0.706023 0.115435 0.177951
0 0.586886 0.113040 0.115435 0.177951
0 0.503000 0.904283 0.115435 0.177951
0 0.078300 0.711300 0.115435 0.177951
0 0.766457 0.104283 0.115435 0.177951
0 0.184471 0.909541 0.115435 0.177951
0 0.390271 0.906023 0.115435 0.177951
0 0.184471 0.520057 0.115435 0.177951
0 0.602614 0.704283 0.115435 0.177951
0 0.073057 0.334092 0.115435 0.177951
0 0.499057 0.697266 0.115435 0.177951
0 0.289343 0.900765 0.115435 0.177951
0 0.383714 0.130593 0.115435 0.177951
0 0.704857 0.697266 0.115435 0.177951
0 0.491200 0.321816 0.115435 0.177951
0 0.181857 0.118317 0.115435 0.177951
0 0.613100 0.897266 0.115435 0.177951