0 0.401020 0.890771 0.114020 0.166667
0 0.692091 0.425000 0.114020 0.166667
0 0.554635 0.408102 0.114020 0.166667
0 0.795579 0.251241 0.114020 0.166667
0 0.012935 0.202970 0.114020 0.166667
0 0.392935 0.236748 0.114020 0.166667
0 0.260340 0.398440 0.114020 0.166667
0 0.973451 0.408102 0.114020 0.166667
0 0.926196 0.253759 0.114020 0.166667
0 0.832771 0.427406 0.114020 0.166667
0 0.986385 0.101598 0.114020 0.166667
0 0.751914 0.878703 0.114020 0.166667
0 0.048514 0.900432 0.114020 0.166667
0 0.535239 0.222274 0.114020 0.166667
0 0.895831 0.087124 0.114020 0.166667
0 0.397783 0.070226 0.114020 0.166667
0 0.574043 0.893195 0.114020 0.166667
0 0.391322 0.613233 0.114020 0.166667
0 0.270038 0.055752 0.114020 0.166667
0 0.578892 0.630132 0.114020 0.166667
0 0.218300 0.890771 0.114020 0.166667
0 0.394559 0.412932 0.114020 0.166667
0 0.051738 0.610827 0.114020 0.166667
0 0.916851 0.878703 0.114020 0.166667
0 0.147154 0.070226 0.114020 0.166667
0 0.886134 0.625301 0.114020 0.166667
0 0.650038 0.079887 0.114020 0.166667
0 0.016171 0.046090 0.114020 0.166667
0 0.223149 0.620470 0.114020 0.166667
0 0.763237 0.089530 0.114020 0.166667
0 0.111574 0.408102 0.114020 0.166667
0 0.525529 0.077462 0.114020 0.166667
0 0.669446 0.227105 0.114020 0.166667
0 0.119660 0.190902 0.114020 0.166667
0 0.265189 0.219850 0.114020 0.166667
0 0.734131 0.642199 0.114020 0.166667