0 0.818093 0.862725 0.127566 0.295139
0 0.712467 0.857464 0.127566 0.295139
0 0.157693 0.853957 0.127566 0.295139
0 0.479507 0.859218 0.127566 0.295139
0 0.870413 0.131137 0.127566 0.295139
0 0.404480 0.131137 0.127566 0.295139
0 0.270227 0.864479 0.127566 0.295139
0 0.983933 0.860972 0.127566 0.295139
0 0.981960 0.136398 0.127566 0.295139
0 0.285040 0.441659 0.127566 0.295139
0 0.267267 0.132891 0.127566 0.295139
0 0.930627 0.453957 0.127566 0.295139
0 0.637440 0.131137 0.127566 0.295139
0 0.379800 0.441659 0.127566 0.295139
0 0.147827 0.136398 0.127566 0.295139
0 0.363027 0.859218 0.127566 0.295139
0 0.048120 0.146943 0.127566 0.295139
0 0.894107 0.845190 0.127566 0.295139
0 0.521947 0.127630 0.127566 0.295139
0 0.157693 0.438152 0.127566 0.295139
0 0.048120 0.436398 0.127566 0.295139
0 0.612773 0.460972 0.127566 0.295139
0 0.488387 0.443436 0.127566 0.295139
0 0.743067 0.118863 0.127566 0.295139
0 0.718387 0.473246 0.127566 0.295139
0 0.595000 0.860972 0.127566 0.295139
0 0.052067 0.852204 0.127566 0.295139