0 0.511240 0.184380 0.915033 0.071181
0 0.518910 0.409649 0.915033 0.071181
0 0.518910 0.818068 0.915033 0.071181
0 0.499350 0.135960 0.915033 0.071181
0 0.515080 0.354907 0.915033 0.071181
0 0.518910 0.304380 0.915033 0.071181
0 0.511240 0.243332 0.915033 0.071181
0 0.499350 0.039116 0.915033 0.071181
0 0.495510 0.969649 0.915033 0.071181
0 0.511240 0.919122 0.915033 0.071181
0 0.503570 0.091751 0.915033 0.071181
0 0.522750 0.754912 0.915033 0.071181
0 0.515080 0.622278 0.915033 0.071181
0 0.518910 0.460170 0.915033 0.071181
0 0.511240 0.868595 0.915033 0.071181
0 0.511240 0.584385 0.915033 0.071181
0 0.522750 0.693858 0.915033 0.071181
0 0.515080 0.527541 0.915033 0.071181