0 0.834064 0.746224 0.108568 0.161458
0 0.525872 0.072543 0.108568 0.161458
0 0.824577 0.595351 0.108568 0.161458
0 0.148936 0.269032 0.108568 0.161458
0 0.798500 0.077818 0.108568 0.161458
0 0.156051 0.119924 0.108568 0.161458
0 0.936000 0.242732 0.108568 0.161458
0 0.125231 0.405882 0.108568 0.161458
0 0.468987 0.323435 0.108568 0.161458
0 0.447641 0.869032 0.108568 0.161458
0 0.196359 0.856755 0.108568 0.161458
0 0.242577 0.305882 0.108568 0.161458
0 0.434603 0.046224 0.108568 0.161458
0 0.947859 0.535712 0.108568 0.161458
0 0.941936 0.374307 0.108568 0.161458
0 0.340962 0.425180 0.108568 0.161458
0 0.709603 0.639222 0.108568 0.161458
0 0.701308 0.121670 0.108568 0.161458
0 0.339782 0.595351 0.108568 0.161458
0 0.344526 0.260266 0.108568 0.161458
0 0.082564 0.793605 0.108568 0.161458
0 0.215321 0.633947 0.108568 0.161458
0 0.573295 0.902372 0.108568 0.161458
0 0.038705 0.135712 0.108568 0.161458
0 0.099154 0.584820 0.108568 0.161458
0 0.482026 0.183074 0.108568 0.161458
0 0.707231 0.462030 0.108568 0.161458
0 0.672859 0.984820 0.108568 0.161458
0 0.578026 0.181328 0.108568 0.161458
0 0.338590 0.767287 0.108568 0.161458
0 0.259179 0.144478 0.108568 0.161458
0 0.585141 0.335712 0.108568 0.161458
0 0.030410 0.319924 0.108568 0.161458
0 0.354000 0.105882 0.108568 0.161458
0 0.222436 0.484820 0.108568 0.161458
0 0.815103 0.214649 0.108568 0.161458
0 0.926526 0.090095 0.108568 0.161458
0 0.815103 0.411139 0.108568 0.161458