0 0.396045 0.095160 0.078575 0.366319
0 0.271045 0.836389 0.078575 0.366319
0 0.280090 0.473816 0.078575 0.366319
0 0.095057 0.084927 0.078575 0.366319
0 0.275979 0.089313 0.078575 0.366319
0 0.095057 0.829080 0.078575 0.366319
0 0.169893 0.470892 0.078575 0.366319
0 0.802297 0.843701 0.078575 0.366319
0 0.452789 0.098083 0.078575 0.366319
0 0.046537 0.459194 0.078575 0.366319
0 0.149334 0.839313 0.078575 0.366319
0 0.950322 0.848087 0.078575 0.366319
0 0.799008 0.469431 0.078575 0.366319
0 0.606572 0.833465 0.078575 0.366319
0 0.824500 0.077615 0.078575 0.366319
0 0.729105 0.837851 0.078575 0.366319
0 0.715947 0.080538 0.078575 0.366319
0 0.877133 0.470892 0.078575 0.366319
0 0.608217 0.090774 0.078575 0.366319
0 0.775158 0.073229 0.078575 0.366319
0 0.733217 0.472354 0.078575 0.366319
0 0.958547 0.479663 0.078575 0.366319
0 0.221703 0.096622 0.078575 0.366319
0 0.535025 0.839313 0.078575 0.366319
0 0.909205 0.076153 0.078575 0.366319
0 0.211012 0.481125 0.078575 0.366319
0 0.533381 0.470892 0.078575 0.366319
0 0.390289 0.466507 0.078575 0.366319
0 0.036668 0.823233 0.078575 0.366319
0 0.386998 0.842240 0.078575 0.366319
0 0.541605 0.083462 0.078575 0.366319
0 0.037490 0.083462 0.078575 0.366319
0 0.111504 0.472354 0.078575 0.366319
0 0.226637 0.805688 0.078575 0.366319
0 0.878777 0.846625 0.078575 0.366319
0 0.463479 0.465045 0.078575 0.366319
0 0.604105 0.469431 0.078575 0.366319
0 0.160846 0.099545 0.078575 0.366319
0 0.461012 0.836389 0.078575 0.366319