0 0.782357 0.585833 0.100760 0.205729
0 0.778441 0.833073 0.100760 0.205729
0 0.917757 0.591198 0.100760 0.205729
0 0.631293 0.575052 0.100760 0.205729
0 0.629354 0.830365 0.100760 0.205729
0 0.009392 0.830365 0.100760 0.205729
0 0.150646 0.825000 0.100760 0.205729
0 0.792167 0.059062 0.100760 0.205729
0 0.476312 0.833073 0.100760 0.205729
0 0.599924 0.311719 0.100760 0.205729
0 0.307605 0.575052 0.100760 0.205729
0 0.937376 0.830365 0.100760 0.205729
0 0.150646 0.553542 0.100760 0.205729
0 0.937376 0.303646 0.100760 0.205729
0 0.307605 0.067135 0.100760 0.205729
0 0.009392 0.558958 0.100760 0.205729
0 0.009392 0.309010 0.100760 0.205729
0 0.309544 0.835729 0.100760 0.205729
0 0.001559 0.059062 0.100760 0.205729
0 0.625437 0.069844 0.100760 0.205729
0 0.488099 0.585833 0.100760 0.205729
0 0.941293 0.064479 0.100760 0.205729
0 0.156540 0.059062 0.100760 0.205729
0 0.468479 0.069844 0.100760 0.205729
0 0.454753 0.292865 0.100760 0.205729
0 0.150646 0.292865 0.100760 0.205729
0 0.313498 0.303646 0.100760 0.205729
0 0.772548 0.317083 0.100760 0.205729