0 0.344585 0.212000 0.159167 0.197049
0 0.822140 0.218091 0.159167 0.197049
0 0.653581 0.592136 0.159167 0.197049
0 0.824498 0.397182 0.159167 0.197049
0 0.501441 0.780955 0.159167 0.197049
0 0.502620 0.219318 0.159167 0.197049
0 0.496769 0.599409 0.159167 0.197049
0 0.345764 0.604318 0.159167 0.197049
0 0.818603 0.784636 0.159167 0.197049
0 0.661790 0.216864 0.159167 0.197049
0 0.662969 0.780955 0.159167 0.197049
0 0.369170 0.394773 0.159167 0.197049
0 0.355109 0.783409 0.159167 0.197049
0 0.653581 0.405727 0.159167 0.197049
0 0.187773 0.783409 0.159167 0.197049
0 0.183057 0.598227 0.159167 0.197049
0 0.200611 0.216864 0.159167 0.197049
0 0.823319 0.592136 0.159167 0.197049
0 0.201790 0.408136 0.159167 0.197049
0 0.500262 0.413045 0.159167 0.197049