0 0.467992 0.167844 0.620711 0.039714
0 0.453792 0.229922 0.620711 0.039714
0 0.526392 0.283583 0.620711 0.039714
0 0.417483 0.321467 0.620711 0.039714
0 0.404858 0.353028 0.620711 0.039714
0 0.438008 0.386700 0.620711 0.039714
0 0.455367 0.434050 0.620711 0.039714
0 0.403283 0.469822 0.620711 0.039714
0 0.409600 0.510861 0.620711 0.039714
0 0.385925 0.537161 0.620711 0.039714
0 0.400125 0.569783 0.620711 0.039714
0 0.363825 0.609767 0.620711 0.039714
0 0.379608 0.632911 0.620711 0.039714
0 0.398550 0.656061 0.620711 0.039714
0 0.398550 0.672894 0.620711 0.039714
0 0.420642 0.722350 0.620711 0.039714
0 0.382767 0.781272 0.620711 0.039714
0 0.403283 0.817044 0.620711 0.039714
0 0.404858 0.862289 0.620711 0.039714
0 0.311742 0.907533 0.620711 0.039714
0 0.349625 0.928578 0.620711 0.039714