0 0.412267 0.229375 0.310764 0.047743
0 0.466950 0.249700 0.310764 0.047743
0 0.562267 0.268450 0.310764 0.047743
0 0.535700 0.287200 0.310764 0.047743
0 0.519550 0.324675 0.310764 0.047743
0 0.610700 0.346550 0.310764 0.047743
0 0.506017 0.377025 0.310764 0.047743
0 0.508617 0.404375 0.310764 0.047743
0 0.443517 0.448900 0.310764 0.047743
0 0.441433 0.463725 0.310764 0.047743
0 0.498200 0.488725 0.310764 0.047743
0 0.361750 0.522325 0.310764 0.047743
0 0.466433 0.566075 0.310764 0.047743
0 0.457583 0.586375 0.310764 0.047743
0 0.401700 0.683275 0.310764 0.047743
0 0.425067 0.750300 0.310764 0.047743
0 0.611917 0.651025 0.310764 0.047743
0 0.481517 0.621825 0.310764 0.047743