0 0.659462 0.831180 0.306462 0.134549
0 0.828285 0.591180 0.306462 0.134549
0 0.471346 0.527902 0.306462 0.134549
0 0.215700 0.726451 0.306462 0.134549
0 0.169077 0.506086 0.306462 0.134549
0 0.009900 0.652265 0.306462 0.134549
0 0.058131 0.375177 0.306462 0.134549
0 0.154600 0.261722 0.306462 0.134549
0 0.308954 0.375177 0.306462 0.134549
0 0.633738 0.386086 0.306462 0.134549
0 0.934400 0.412265 0.306462 0.134549
0 0.969777 0.268267 0.306462 0.134549
0 0.767185 0.224635 0.306462 0.134549
0 0.858831 0.141722 0.306462 0.134549
0 0.882954 0.056628 0.306462 0.134549
0 0.726992 0.041357 0.306462 0.134549
0 0.619269 0.132996 0.306462 0.134549
0 0.497069 0.233361 0.306462 0.134549
0 0.368446 0.146086 0.306462 0.134549
0 0.431154 0.069729 0.306462 0.134549
0 0.984246 0.176628 0.306462 0.134549