0 0.606875 0.318442 0.159774 0.207465
0 0.367875 0.416277 0.159774 0.207465
0 0.515313 0.724312 0.159774 0.207465
0 0.820500 0.565195 0.159774 0.207465
0 0.989375 0.404848 0.159774 0.207465
0 0.979250 0.173420 0.159774 0.207465
0 0.968688 0.019481 0.159774 0.207465
0 0.819375 0.081887 0.159774 0.207465
0 0.794500 0.236190 0.159774 0.207465
0 0.664062 0.144009 0.159774 0.207465
0 0.688125 0.022797 0.159774 0.207465
0 0.841250 0.010675 0.159774 0.207465
0 0.565937 0.030563 0.159774 0.207465
0 0.406750 0.065368 0.159774 0.207465
0 0.484687 0.168831 0.159774 0.207465
0 0.280000 0.237229 0.159774 0.207465
0 0.209750 0.111515 0.159774 0.207465