0 0.073892 0.330827 0.068046 0.396701
0 0.075408 0.762235 0.068046 0.396701
0 0.145054 0.810798 0.068046 0.396701
0 0.237423 0.805094 0.068046 0.396701
0 0.317677 0.807954 0.068046 0.396701
0 0.384300 0.816517 0.068046 0.396701
0 0.482723 0.805094 0.068046 0.396701
0 0.570546 0.813657 0.068046 0.396701
0 0.661400 0.816517 0.068046 0.396701
0 0.726508 0.813657 0.068046 0.396701
0 0.817362 0.833657 0.068046 0.396701
0 0.906700 0.816517 0.068046 0.396701
0 0.903669 0.330827 0.068046 0.396701
0 0.832500 0.330827 0.068046 0.396701
0 0.758308 0.359405 0.068046 0.396701
0 0.655338 0.359405 0.068046 0.396701
0 0.535723 0.336546 0.068046 0.396701
0 0.472123 0.345123 0.068046 0.396701
0 0.387331 0.356546 0.068046 0.396701
0 0.305562 0.347968 0.068046 0.396701
0 0.217738 0.330827 0.068046 0.396701
0 0.149600 0.322264 0.068046 0.396701