0 0.092983 0.069688 0.174804 0.118056
0 0.211967 0.068177 0.174804 0.118056
0 0.363617 0.060600 0.174804 0.118056
0 0.513133 0.059089 0.174804 0.118056
0 0.648983 0.066667 0.174804 0.118056
0 0.774283 0.065156 0.174804 0.118056
0 0.908033 0.100000 0.174804 0.118056
0 0.958567 0.253022 0.174804 0.118056
0 0.761650 0.237866 0.174804 0.118056
0 0.556317 0.239400 0.174804 0.118056
0 0.329917 0.257578 0.174804 0.118056
0 0.111933 0.251511 0.174804 0.118056
0 0.046650 0.428777 0.174804 0.118056
0 0.238300 0.413645 0.174804 0.118056
0 0.462600 0.415156 0.174804 0.118056
0 0.685833 0.412110 0.174804 0.118056
0 0.915400 0.406067 0.174804 0.118056
0 0.965950 0.528777 0.174804 0.118056
0 0.769033 0.530312 0.174804 0.118056
0 0.574217 0.528777 0.174804 0.118056
0 0.369933 0.528777 0.174804 0.118056
0 0.160367 0.540911 0.174804 0.118056
0 0.097200 0.654532 0.174804 0.118056
0 0.287783 0.648489 0.174804 0.118056
0 0.493133 0.648489 0.174804 0.118056
0 0.719533 0.648489 0.174804 0.118056
0 0.923817 0.627266 0.174804 0.118056
0 0.949100 0.750000 0.174804 0.118056
0 0.765233 0.759688 0.174804 0.118056
0 0.569367 0.765156 0.174804 0.118056
0 0.360867 0.765156 0.174804 0.118056
0 0.168800 0.763333 0.174804 0.118056
0 0.189017 0.165156 0.174804 0.118056
0 0.311583 0.163333 0.174804 0.118056
0 0.454383 0.145156 0.174804 0.118056
0 0.595900 0.150600 0.174804 0.118056
0 0.722267 0.154245 0.174804 0.118056
0 0.032533 0.750743 0.174804 0.118056
0 0.023767 0.525012 0.174804 0.118056
0 0.012467 0.220719 0.174804 0.118056
0 0.007617 0.037218 0.174804 0.118056
0 0.879400 0.034892 0.174804 0.118056
0 0.053633 0.155683 0.174804 0.118056
0 0.800300 0.145228 0.174804 0.118056
0 0.985950 0.026763 0.174804 0.118056
0 0.993217 0.125492 0.174804 0.118056