0 0.085117 0.103405 0.175407 0.096354
0 0.230467 0.070192 0.175407 0.096354
0 0.350433 0.058585 0.175407 0.096354
0 0.278917 0.134940 0.175407 0.096354
0 0.361967 0.158177 0.175407 0.096354
0 0.488867 0.063549 0.175407 0.096354
0 0.627283 0.051942 0.175407 0.096354
0 0.788783 0.063549 0.175407 0.096354
0 0.911050 0.056930 0.175407 0.096354
0 0.563833 0.154844 0.175407 0.096354
0 0.669967 0.149856 0.175407 0.096354
0 0.798000 0.154844 0.175407 0.096354
0 0.872983 0.251103 0.175407 0.096354
0 0.682650 0.276019 0.175407 0.096354
0 0.456567 0.264388 0.175407 0.096354
0 0.236233 0.261079 0.175407 0.096354
0 0.036683 0.247794 0.175407 0.096354
0 0.085117 0.417098 0.175407 0.096354
0 0.052833 0.523309 0.175407 0.096354
0 0.052833 0.642806 0.175407 0.096354
0 0.042450 0.747386 0.175407 0.096354
0 0.254700 0.740743 0.175407 0.096354
0 0.417333 0.765635 0.175407 0.096354
0 0.291600 0.641151 0.175407 0.096354
0 0.228167 0.548201 0.175407 0.096354
0 0.292767 0.423717 0.175407 0.096354
0 0.509617 0.390528 0.175407 0.096354
0 0.426567 0.520000 0.175407 0.096354
0 0.471550 0.629544 0.175407 0.096354
0 0.631900 0.752350 0.175407 0.096354
0 0.749550 0.417098 0.175407 0.096354
0 0.937583 0.408777 0.175407 0.096354
0 0.992950 0.242806 0.175407 0.096354
0 0.634200 0.534940 0.175407 0.096354
0 0.808383 0.533261 0.175407 0.096354
0 0.974500 0.520000 0.175407 0.096354
0 0.710333 0.649448 0.175407 0.096354
0 0.872983 0.652782 0.175407 0.096354
0 0.828000 0.754005 0.175407 0.096354
0 0.966417 0.735755 0.175407 0.096354
0 0.110500 0.030360 0.175407 0.096354
0 0.023983 0.023717 0.175407 0.096354