0 0.076185 0.258626 0.164352 0.243056
0 0.238346 0.236501 0.164352 0.243056
0 0.418938 0.244792 0.164352 0.243056
0 0.342462 0.062229 0.164352 0.243056
0 0.167400 0.056697 0.164352 0.243056
0 0.021823 0.056697 0.164352 0.243056
0 0.009846 0.456420 0.164352 0.243056
0 0.142523 0.467483 0.164352 0.243056
0 0.094615 0.651432 0.164352 0.243056
0 0.042100 0.784215 0.164352 0.243056
0 0.088162 0.965404 0.164352 0.243056
0 0.185831 0.810497 0.164352 0.243056
0 0.289946 0.661120 0.164352 0.243056
0 0.371023 0.767621 0.164352 0.243056
0 0.419862 0.633453 0.164352 0.243056
0 0.336938 0.456420 0.164352 0.243056
0 0.480669 0.463326 0.164352 0.243056
0 0.584785 0.286293 0.164352 0.243056
0 0.500938 0.058072 0.164352 0.243056
0 0.674162 0.052540 0.164352 0.243056
0 0.816969 0.059457 0.164352 0.243056
0 0.974531 0.041478 0.164352 0.243056
0 0.768138 0.284908 0.164352 0.243056
0 0.928462 0.258626 0.164352 0.243056
0 0.858431 0.495139 0.164352 0.243056
0 0.967154 0.485462 0.164352 0.243056
0 0.676000 0.511744 0.164352 0.243056
0 0.563592 0.640370 0.164352 0.243056
0 0.551615 0.793903 0.164352 0.243056
0 0.728523 0.762090 0.164352 0.243056
0 0.766300 0.638984 0.164352 0.243056
0 0.928462 0.738568 0.164352 0.243056
0 0.911877 0.629307 0.164352 0.243056
0 0.669554 0.958487 0.164352 0.243056
0 0.846454 0.958487 0.164352 0.243056
0 0.480669 0.965404 0.164352 0.243056
0 0.294554 0.980624 0.164352 0.243056
0 0.978215 0.965404 0.164352 0.243056