0 0.344612 0.466998 0.204282 0.300347
0 0.617162 0.573058 0.204282 0.300347
0 0.575100 0.807880 0.204282 0.300347
0 0.374900 0.843246 0.204282 0.300347
0 0.198250 0.689212 0.204282 0.300347
0 0.723150 0.936660 0.204282 0.300347
0 0.864463 0.497298 0.204282 0.300347
0 0.761837 0.714465 0.204282 0.300347
0 0.916612 0.868499 0.204282 0.300347
0 0.847300 0.192270 0.204282 0.300347
0 0.354200 0.213227 0.204282 0.300347
0 0.496700 0.397805 0.204282 0.300347
0 0.638188 0.326604 0.204282 0.300347
0 0.683612 0.090000 0.204282 0.300347
0 0.072250 0.415985 0.204282 0.300347
0 0.065513 0.116773 0.204282 0.300347
0 0.222312 0.358931 0.204282 0.300347
0 0.012812 0.076060 0.204282 0.300347
0 0.019125 0.284390 0.204282 0.300347
0 0.055713 0.682101 0.204282 0.300347
0 0.142787 0.536285 0.204282 0.300347
0 0.015337 0.723771 0.204282 0.300347
0 0.814075 0.220000 0.204282 0.300347
0 0.771175 0.399906 0.204282 0.300347
0 0.821650 0.534390 0.204282 0.300347
0 0.414075 0.636660 0.204282 0.300347
0 0.253825 0.939681 0.204282 0.300347
0 0.019125 0.966191 0.204282 0.300347
0 0.742150 0.220000 0.204282 0.300347
0 0.762338 0.547636 0.204282 0.300347
0 0.562975 0.208630 0.204282 0.300347
0 0.121587 0.877561 0.204282 0.300347