0 0.044193 0.606098 0.141782 0.258681
0 0.182666 0.334897 0.141782 0.258681
0 0.358536 0.089437 0.141782 0.258681
0 0.517222 0.171257 0.141782 0.258681
0 0.348423 0.456098 0.141782 0.258681
0 0.192778 0.707617 0.141782 0.258681
0 0.336295 0.825797 0.141782 0.258681
0 0.555632 0.509137 0.141782 0.258681
0 0.671865 0.253077 0.141782 0.258681
0 0.831552 0.348518 0.141782 0.258681
0 0.729474 0.583377 0.141782 0.258681
0 0.816395 0.736398 0.141782 0.258681
0 0.733542 0.965103 0.141782 0.258681
0 0.521264 0.931857 0.141782 0.258681