0 0.237175 0.291236 0.218137 0.141493
0 0.168137 0.146322 0.218137 0.141493
0 0.320363 0.129108 0.218137 0.141493
0 0.490288 0.131976 0.218137 0.141493
0 0.723950 0.131976 0.218137 0.141493
0 0.869088 0.121935 0.218137 0.141493
0 0.541625 0.296971 0.218137 0.141493
0 0.807138 0.308450 0.218137 0.141493
0 0.803600 0.449048 0.218137 0.141493
0 0.522150 0.469139 0.218137 0.141493
0 0.228325 0.453354 0.218137 0.141493
0 0.217700 0.601135 0.218137 0.141493
0 0.187613 0.751773 0.218137 0.141493
0 0.389400 0.767558 0.218137 0.141493
0 0.523925 0.598257 0.218137 0.141493
0 0.826612 0.596829 0.218137 0.141493
0 0.877938 0.741733 0.218137 0.141493
0 0.653138 0.761824 0.218137 0.141493
0 0.490288 0.902421 0.218137 0.141493
0 0.676150 0.895248 0.218137 0.141493
0 0.897412 0.870861 0.218137 0.141493
0 0.329213 0.913901 0.218137 0.141493
0 0.175212 0.922513 0.218137 0.141493