0 0.652164 0.956495 0.210784 0.119792
0 0.467117 0.941220 0.210784 0.119792
0 0.304727 0.954313 0.210784 0.119792
0 0.108358 0.958676 0.210784 0.119792
0 0.123463 0.771039 0.210784 0.119792
0 0.346270 0.773221 0.210784 0.119792
0 0.504878 0.775402 0.210784 0.119792
0 0.720133 0.775402 0.210784 0.119792
0 0.671044 0.607403 0.210784 0.119792
0 0.478445 0.603040 0.210784 0.119792
0 0.319838 0.609584 0.210784 0.119792
0 0.104582 0.620493 0.210784 0.119792
0 0.081920 0.448130 0.210784 0.119792
0 0.285847 0.445948 0.210784 0.119792
0 0.470893 0.448130 0.210784 0.119792
0 0.637053 0.448130 0.210784 0.119792
0 0.829652 0.439403 0.210784 0.119792
0 0.871195 0.277949 0.210784 0.119792
0 0.644606 0.280131 0.210784 0.119792
0 0.368927 0.280131 0.210784 0.119792
0 0.089472 0.280131 0.210784 0.119792
0 0.070592 0.099038 0.210784 0.119792
0 0.331166 0.123040 0.210784 0.119792
0 0.621949 0.114313 0.210784 0.119792
0 0.871195 0.114313 0.210784 0.119792