0 0.138175 0.417491 0.114203 0.264757
0 0.239800 0.388371 0.114203 0.264757
0 0.373600 0.356011 0.114203 0.264757
0 0.453512 0.283202 0.114203 0.264757
0 0.571325 0.237903 0.114203 0.264757
0 0.657613 0.166723 0.114203 0.264757
0 0.772188 0.102004 0.114203 0.264757
0 0.894225 0.056704 0.114203 0.264757
0 0.146713 0.781816 0.114203 0.264757
0 0.271225 0.752547 0.114203 0.264757
0 0.394225 0.675056 0.114203 0.264757
0 0.529212 0.548052 0.114203 0.264757
0 0.238825 0.973539 0.114203 0.264757
0 0.367550 0.968034 0.114203 0.264757
0 0.500050 0.934382 0.114203 0.264757
0 0.595200 0.895243 0.114203 0.264757
0 0.714638 0.797509 0.114203 0.264757
0 0.796713 0.789101 0.114203 0.264757
0 0.908688 0.705131 0.114203 0.264757
0 0.994550 0.601760 0.114203 0.264757
0 0.908688 0.364101 0.114203 0.264757
0 0.796713 0.392079 0.114203 0.264757
0 0.988925 0.243895 0.114203 0.264757
0 0.677262 0.481554 0.114203 0.264757