0 0.060517 0.078222 0.108983 0.243056
0 0.207383 0.074127 0.108983 0.243056
0 0.130700 0.092635 0.108983 0.243056
0 0.273250 0.082349 0.108983 0.243056
0 0.356400 0.074127 0.108983 0.243056
0 0.484917 0.074127 0.108983 0.243056
0 0.640417 0.078222 0.108983 0.243056
0 0.779733 0.072063 0.108983 0.243056
0 0.909317 0.078222 0.108983 0.243056
0 0.901767 0.308603 0.108983 0.243056
0 0.764617 0.312730 0.108983 0.243056
0 0.633950 0.308603 0.108983 0.243056
0 0.484917 0.310667 0.108983 0.243056
0 0.351000 0.316857 0.108983 0.243056
0 0.201983 0.300381 0.108983 0.243056
0 0.056183 0.306571 0.108983 0.243056
0 0.057267 0.715905 0.108983 0.243056
0 0.184700 0.707683 0.108983 0.243056
0 0.316450 0.699429 0.108983 0.243056
0 0.443883 0.699429 0.108983 0.243056
0 0.590750 0.703556 0.108983 0.243056
0 0.707383 0.695333 0.108983 0.243056
0 0.845617 0.699429 0.108983 0.243056
0 0.974117 0.689143 0.108983 0.243056
0 0.979517 0.283937 0.108983 0.243056
0 0.978433 0.082349 0.108983 0.243056
0 0.055650 0.935175 0.108983 0.243056
0 0.191500 0.928381 0.108983 0.243056
0 0.326500 0.926730 0.108983 0.243056
0 0.451650 0.926730 0.108983 0.243056
0 0.587517 0.924889 0.108983 0.243056
0 0.713533 0.924889 0.108983 0.243056