0 0.090689 0.481375 0.035185 0.552083
0 0.124156 0.490469 0.035185 0.552083
0 0.158733 0.502625 0.035185 0.552083
0 0.195444 0.490469 0.035185 0.552083
0 0.237556 0.484406 0.035185 0.552083
0 0.279667 0.475312 0.035185 0.552083
0 0.320711 0.496563 0.035185 0.552083
0 0.353111 0.488969 0.035185 0.552083
0 0.388756 0.484406 0.035185 0.552083
0 0.433022 0.490469 0.035185 0.552083
0 0.471889 0.490469 0.035185 0.552083
0 0.509689 0.496563 0.035185 0.552083
0 0.546422 0.505656 0.035185 0.552083
0 0.582044 0.511750 0.035185 0.552083
0 0.620933 0.501125 0.035185 0.552083
0 0.665200 0.508719 0.035185 0.552083
0 0.700844 0.520844 0.035185 0.552083
0 0.733244 0.523906 0.035185 0.552083
0 0.775356 0.514781 0.035185 0.552083
0 0.816400 0.514781 0.035185 0.552083
0 0.852022 0.517812 0.035185 0.552083
0 0.887667 0.508719 0.035185 0.552083
0 0.928711 0.513250 0.035185 0.552083