0 0.033022 0.110387 0.210283 0.335069
0 0.069361 0.415330 0.210283 0.335069
0 0.031506 0.708883 0.210283 0.335069
0 0.237445 0.715702 0.210283 0.335069
0 0.322240 0.460831 0.210283 0.335069
0 0.219266 0.137693 0.210283 0.335069
0 0.476683 0.130874 0.210283 0.335069
0 0.765891 0.037564 0.210283 0.335069
0 0.720467 0.322020 0.210283 0.335069
0 0.572078 0.428983 0.210283 0.335069
0 0.472145 0.713438 0.210283 0.335069
0 0.744700 0.715702 0.210283 0.335069
0 0.949113 0.706605 0.210283 0.335069
0 0.983937 0.381189 0.210283 0.335069
0 0.858265 0.306089 0.210283 0.335069
0 0.974852 0.071705 0.210283 0.335069