0 0.042195 0.446500 0.117791 0.202257
0 0.028134 0.603479 0.117791 0.202257
0 0.028134 0.703375 0.117791 0.202257
0 0.075364 0.896042 0.117791 0.202257
0 0.168838 0.842521 0.117791 0.202257
0 0.145716 0.655208 0.117791 0.202257
0 0.103509 0.756896 0.117791 0.202257
0 0.132653 0.526771 0.117791 0.202257
0 0.123603 0.298438 0.117791 0.202257
0 0.054261 0.241333 0.117791 0.202257
0 0.008028 0.293083 0.117791 0.202257
0 0.071350 0.091500 0.117791 0.202257
0 0.175869 0.034417 0.117791 0.202257
0 0.221092 0.130750 0.117791 0.202257
0 0.146725 0.423313 0.117791 0.202257
0 0.195962 0.398333 0.117791 0.202257
0 0.285411 0.289500 0.117791 0.202257
0 0.277371 0.503583 0.117791 0.202257
0 0.254261 0.696250 0.117791 0.202257
0 0.260293 0.913875 0.117791 0.202257
0 0.341702 0.771167 0.117791 0.202257
0 0.411045 0.901396 0.117791 0.202257
0 0.476373 0.742625 0.117791 0.202257
0 0.526620 0.913875 0.117791 0.202257
0 0.587923 0.970958 0.117791 0.202257
0 0.594965 0.706937 0.117791 0.202257
0 0.383908 0.594562 0.117791 0.202257
0 0.365822 0.410813 0.117791 0.202257
0 0.390939 0.253833 0.117791 0.202257
0 0.343709 0.145021 0.117791 0.202257
0 0.318580 0.025479 0.117791 0.202257
0 0.377876 0.014792 0.117791 0.202257
0 0.410035 0.082583 0.117791 0.202257
0 0.490446 0.193188 0.117791 0.202257
0 0.549742 0.321625 0.117791 0.202257
0 0.463310 0.401896 0.117791 0.202257
0 0.518580 0.537479 0.117791 0.202257
0 0.551749 0.822896 0.117791 0.202257
0 0.650235 0.922792 0.117791 0.202257
0 0.742700 0.992375 0.117791 0.202257
0 0.747723 0.922792 0.117791 0.202257
0 0.735669 0.803271 0.117791 0.202257
0 0.677371 0.653438 0.117791 0.202257
0 0.699484 0.526771 0.117791 0.202257
0 0.608028 0.480396 0.117791 0.202257
0 0.625117 0.328750 0.117791 0.202257
0 0.617077 0.166417 0.117791 0.202257
0 0.563803 0.093271 0.117791 0.202257
0 0.501491 0.121813 0.117791 0.202257
0 0.523603 0.023708 0.117791 0.202257
0 0.670340 0.036188 0.117791 0.202257
0 0.791948 0.064729 0.117791 0.202257
0 0.728028 0.225292 0.117791 0.202257
0 0.807629 0.195312 0.117791 0.202257
0 0.753357 0.332333 0.117791 0.202257
0 0.807629 0.387979 0.117791 0.202257
0 0.791948 0.505729 0.117791 0.202257
0 0.878779 0.488604 0.117791 0.202257
0 0.829331 0.659854 0.117791 0.202257
0 0.750939 0.668417 0.117791 0.202257
0 0.831749 0.880333 0.117791 0.202257
0 0.949941 0.963833 0.117791 0.202257
0 0.934261 0.805417 0.117791 0.202257
0 0.920998 0.614896 0.117791 0.202257
0 0.978885 0.524979 0.117791 0.202257
0 0.893251 0.289500 0.117791 0.202257
0 0.984918 0.353729 0.117791 0.202257
0 0.965622 0.156792 0.117791 0.202257
0 0.917371 0.036896 0.117791 0.202257
0 0.855869 0.056167 0.117791 0.202257
0 0.883603 0.143938 0.117791 0.202257
0 0.987324 0.910312 0.117791 0.202257