0 0.034770 0.898907 0.276144 0.174479
0 0.304810 0.924460 0.276144 0.174479
0 0.609690 0.919813 0.276144 0.174479
0 0.829200 0.924460 0.276144 0.174479
0 0.057950 0.721213 0.276144 0.174479
0 0.346590 0.731820 0.276144 0.174479
0 0.669320 0.721213 0.276144 0.174479
0 0.919320 0.719700 0.276144 0.174479
0 0.928410 0.559093 0.276144 0.174479
0 0.639770 0.530300 0.276144 0.174479
0 0.364770 0.531820 0.276144 0.174479
0 0.085230 0.536367 0.276144 0.174479
0 0.062500 0.345453 0.276144 0.174479
0 0.314770 0.345453 0.276144 0.174479
0 0.603410 0.351513 0.276144 0.174479
0 0.937500 0.353033 0.276144 0.174479
0 0.930680 0.150000 0.276144 0.174479
0 0.628410 0.175760 0.276144 0.174479
0 0.323860 0.180300 0.276144 0.174479
0 0.057950 0.183333 0.276144 0.174479
0 0.046590 0.027273 0.276144 0.174479
0 0.326140 0.024240 0.276144 0.174479
0 0.632950 0.021213 0.276144 0.174479