0 0.042047 0.409396 0.201172 0.265625
0 0.089766 0.226063 0.201172 0.265625
0 0.261359 0.151813 0.201172 0.265625
0 0.423859 0.063938 0.201172 0.265625
0 0.588641 0.098792 0.201172 0.265625
0 0.409094 0.270000 0.201172 0.265625
0 0.500000 0.216979 0.201172 0.265625
0 0.197734 0.276062 0.201172 0.265625
0 0.254547 0.335146 0.201172 0.265625
0 0.182953 0.436667 0.201172 0.265625
0 0.182953 0.682125 0.201172 0.265625
0 0.059094 0.595750 0.201172 0.265625
0 0.022734 0.688188 0.201172 0.265625
0 0.021594 0.912417 0.201172 0.265625
0 0.077266 0.832125 0.201172 0.265625
0 0.131812 0.920000 0.201172 0.265625
0 0.286359 0.942729 0.201172 0.265625
0 0.237500 0.823021 0.201172 0.265625
0 0.386359 0.726062 0.201172 0.265625
0 0.506812 0.939688 0.201172 0.265625
0 0.745453 0.979083 0.201172 0.265625
0 0.950000 0.947271 0.201172 0.265625
0 0.663641 0.870000 0.201172 0.265625
0 0.922734 0.744250 0.201172 0.265625
0 0.795453 0.765458 0.201172 0.265625
0 0.900000 0.513938 0.201172 0.265625
0 0.989766 0.573021 0.201172 0.265625
0 0.518188 0.803333 0.201172 0.265625
0 0.648859 0.298792 0.201172 0.265625
0 0.845453 0.256354 0.201172 0.265625
0 0.965906 0.092729 0.201172 0.265625
0 0.750000 0.154854 0.201172 0.265625
0 0.971594 0.270000 0.201172 0.265625
0 0.986359 0.373021 0.201172 0.265625
0 0.543188 0.310917 0.201172 0.265625
0 0.322734 0.474542 0.201172 0.265625
0 0.550000 0.433646 0.201172 0.265625
0 0.438641 0.533646 0.201172 0.265625
0 0.598859 0.644250 0.201172 0.265625
0 0.736359 0.468479 0.201172 0.265625