0 0.176994 0.774181 0.108796 0.282118
0 0.011472 0.522684 0.108796 0.282118
0 0.167911 0.413587 0.108796 0.282118
0 0.378861 0.233278 0.108796 0.282118
0 0.395000 0.507530 0.108796 0.282118
0 0.426297 0.409050 0.108796 0.282118
0 0.497959 0.325701 0.108796 0.282118
0 0.639256 0.495392 0.108796 0.282118
0 0.694763 0.372684 0.108796 0.282118
0 0.726060 0.222684 0.108796 0.282118
0 0.812864 0.469644 0.108796 0.282118
0 0.848180 0.598432 0.108796 0.282118
0 0.737152 0.727221 0.108796 0.282118
0 0.992516 0.778741 0.108796 0.282118