0 0.152762 0.109423 0.139706 0.138889
0 0.305489 0.112453 0.139706 0.138889
0 0.463671 0.124574 0.139706 0.138889
0 0.612762 0.120029 0.139706 0.138889
0 0.783671 0.100332 0.139706 0.138889
0 0.905489 0.103362 0.139706 0.138889
0 0.869126 0.235180 0.139706 0.138889
0 0.721853 0.221544 0.139706 0.138889
0 0.560035 0.238211 0.139706 0.138889
0 0.390944 0.248817 0.139706 0.138889
0 0.260035 0.250332 0.139706 0.138889
0 0.121853 0.248817 0.139706 0.138889
0 0.190944 0.353362 0.139706 0.138889
0 0.107307 0.465483 0.139706 0.138889
0 0.245489 0.473059 0.139706 0.138889
0 0.354580 0.380635 0.139706 0.138889
0 0.416398 0.460938 0.139706 0.138889
0 0.494580 0.350332 0.139706 0.138889
0 0.576398 0.480635 0.139706 0.138889
0 0.649126 0.341241 0.139706 0.138889
0 0.734580 0.473059 0.139706 0.138889
0 0.807307 0.351847 0.139706 0.138889
0 0.874580 0.470029 0.139706 0.138889
0 0.923671 0.354877 0.139706 0.138889
0 0.812762 0.591241 0.139706 0.138889
0 0.898216 0.715483 0.139706 0.138889
0 0.745489 0.745786 0.139706 0.138889
0 0.645489 0.615483 0.139706 0.138889
0 0.594580 0.733665 0.139706 0.138889
0 0.489126 0.598817 0.139706 0.138889
0 0.449126 0.724574 0.139706 0.138889
0 0.303671 0.606392 0.139706 0.138889
0 0.276398 0.747302 0.139706 0.138889
0 0.130944 0.712453 0.139706 0.138889
0 0.121853 0.592756 0.139706 0.138889