0 0.502473 0.163662 0.143791 0.166667
0 0.362670 0.221230 0.143791 0.166667
0 0.221154 0.398506 0.143791 0.166667
0 0.081352 0.436387 0.143791 0.166667
0 0.345615 0.369717 0.143791 0.166667
0 0.551923 0.290928 0.143791 0.166667
0 0.621824 0.234873 0.143791 0.166667
0 0.546802 0.398506 0.143791 0.166667
0 0.700253 0.322744 0.143791 0.166667
0 0.437692 0.257598 0.143791 0.166667
0 0.727527 0.440928 0.143791 0.166667
0 0.814484 0.433359 0.143791 0.166667
0 0.662747 0.568203 0.143791 0.166667
0 0.548505 0.493965 0.143791 0.166667
0 0.403593 0.480322 0.143791 0.166667
0 0.253549 0.471230 0.143791 0.166667
0 0.272308 0.557598 0.143791 0.166667
0 0.113747 0.540928 0.143791 0.166667
0 0.156374 0.681836 0.143791 0.166667
0 0.255253 0.668203 0.143791 0.166667
0 0.446209 0.556084 0.143791 0.166667
0 0.360967 0.693965 0.143791 0.166667
0 0.516121 0.727295 0.143791 0.166667
0 0.570670 0.645479 0.143791 0.166667
0 0.707077 0.733359 0.143791 0.166667
0 0.771857 0.637900 0.143791 0.166667
0 0.928714 0.543965 0.143791 0.166667
0 0.314934 0.622744 0.143791 0.166667
0 0.470077 0.660625 0.143791 0.166667
0 0.828121 0.771230 0.143791 0.166667