0 0.199844 0.350692 0.166360 0.183160
0 0.168778 0.498333 0.166360 0.183160
0 0.146578 0.646006 0.166360 0.183160
0 0.106600 0.834528 0.166360 0.183160
0 0.353044 0.353805 0.166360 0.183160
0 0.324178 0.492044 0.166360 0.183160
0 0.344178 0.642862 0.166360 0.183160
0 0.299756 0.818805 0.166360 0.183160
0 0.479600 0.375818 0.166360 0.183160
0 0.495133 0.517201 0.166360 0.183160
0 0.484044 0.658585 0.166360 0.183160
0 0.497356 0.815660 0.166360 0.183160
0 0.692733 0.843931 0.166360 0.183160
0 0.668311 0.636572 0.166360 0.183160
0 0.666111 0.492044 0.166360 0.183160
0 0.659444 0.372673 0.166360 0.183160
0 0.772667 0.388365 0.166360 0.183160
0 0.805978 0.479497 0.166360 0.183160
0 0.812644 0.608302 0.166360 0.183160
0 0.868133 0.818805 0.166360 0.183160