0 0.883123 0.722055 0.182870 0.141493
0 0.862238 0.959746 0.182870 0.141493
0 0.969792 0.887771 0.182870 0.141493
0 0.524008 0.946132 0.182870 0.141493
0 0.190962 0.948083 0.182870 0.141493
0 0.100246 0.776894 0.182870 0.141493
0 0.365908 0.790508 0.182870 0.141493
0 0.292038 0.646547 0.182870 0.141493
0 0.574546 0.691293 0.182870 0.141493
0 0.684700 0.806074 0.182870 0.141493
0 0.455323 0.601813 0.182870 0.141493
0 0.728762 0.617367 0.182870 0.141493
0 0.644523 0.488984 0.182870 0.141493
0 0.864831 0.498707 0.182870 0.141493
0 0.976277 0.607644 0.182870 0.141493
0 0.752085 0.393661 0.182870 0.141493
0 0.977569 0.395600 0.182870 0.141493
0 0.871308 0.319734 0.182870 0.141493
0 0.014723 0.619319 0.182870 0.141493
0 0.140423 0.533718 0.182870 0.141493
0 0.321846 0.452021 0.182870 0.141493
0 0.482538 0.391709 0.182870 0.141493
0 0.631569 0.288614 0.182870 0.141493
0 0.070446 0.432564 0.182870 0.141493
0 0.238908 0.345023 0.182870 0.141493
0 0.367208 0.298337 0.182870 0.141493
0 0.285562 0.173834 0.182870 0.141493
0 0.146900 0.222471 0.182870 0.141493
0 0.030269 0.294446 0.182870 0.141493
0 0.065262 0.185508 0.182870 0.141493
0 0.066554 0.043499 0.182870 0.141493
0 0.180592 0.131039 0.182870 0.141493
0 0.294631 0.057113 0.182870 0.141493
0 0.413854 0.142714 0.182870 0.141493
0 0.425515 0.027933 0.182870 0.141493
0 0.529192 0.078510 0.182870 0.141493
0 0.625085 0.138822 0.182870 0.141493
0 0.512346 0.224411 0.182870 0.141493
0 0.754677 0.212737 0.182870 0.141493
0 0.757269 0.105751 0.182870 0.141493
0 0.661369 0.025993 0.182870 0.141493
0 0.860938 0.027933 0.182870 0.141493
0 0.871308 0.144654 0.182870 0.141493
0 0.959431 0.080462 0.182870 0.141493
0 0.971092 0.228303 0.182870 0.141493