0 0.017215 0.552422 0.199346 0.155382
0 0.020726 0.338478 0.199346 0.155382
0 0.140889 0.020811 0.199346 0.155382
0 0.075822 0.443989 0.199346 0.155382
0 0.233407 0.260656 0.199346 0.155382
0 0.285926 0.424289 0.199346 0.155382
0 0.207141 0.480356 0.199346 0.155382
0 0.235422 0.597022 0.199346 0.155382
0 0.112193 0.674289 0.199346 0.155382
0 0.051585 0.607622 0.199346 0.155382
0 0.043496 0.780356 0.199346 0.155382
0 0.190978 0.798533 0.199346 0.155382
0 0.352593 0.772778 0.199346 0.155382
0 0.388963 0.642478 0.199346 0.155382
0 0.710163 0.634900 0.199346 0.155382
0 0.665719 0.500056 0.199346 0.155382
0 0.526326 0.563689 0.199346 0.155382
0 0.417244 0.489444 0.199346 0.155382
0 0.459659 0.363689 0.199346 0.155382
0 0.419259 0.259144 0.199346 0.155382
0 0.360667 0.083389 0.199346 0.155382
0 0.126326 0.151567 0.199346 0.155382
0 0.067748 0.245500 0.199346 0.155382
0 0.055630 0.037933 0.199346 0.155382
0 0.192993 0.053078 0.199346 0.155382
0 0.023304 0.143989 0.199346 0.155382
0 0.063304 0.888078 0.199346 0.155382
0 0.158859 0.939600 0.199346 0.155382
0 0.039467 0.988989 0.199346 0.155382
0 0.325719 0.890056 0.199346 0.155382
0 0.492593 0.868078 0.199346 0.155382
0 0.418252 0.990056 0.199346 0.155382
0 0.530578 0.962778 0.199346 0.155382
0 0.686326 0.905956 0.199346 0.155382
0 0.637244 0.763833 0.199346 0.155382
0 0.825111 0.794289 0.199346 0.155382
0 0.875630 0.947933 0.199346 0.155382
0 0.721274 0.988989 0.199346 0.155382
0 0.961081 0.866867 0.199346 0.155382
0 0.975215 0.738833 0.199346 0.155382
0 0.900267 0.654744 0.199346 0.155382
0 0.522889 0.673233 0.199346 0.155382
0 0.479052 0.753533 0.199346 0.155382
0 0.589556 0.426722 0.199346 0.155382
0 0.825719 0.531111 0.199346 0.155382
0 0.802296 0.392478 0.199346 0.155382
0 0.655022 0.298689 0.199346 0.155382
0 0.576637 0.169744 0.199346 0.155382
0 0.526933 0.023533 0.199346 0.155382
0 0.522889 0.298233 0.199346 0.155382
0 0.724711 0.079144 0.199346 0.155382
0 0.748756 0.205500 0.199346 0.155382
0 0.908963 0.278233 0.199346 0.155382
0 0.920474 0.113689 0.199346 0.155382
0 0.843304 0.016867 0.199346 0.155382
0 0.978859 0.021267 0.199346 0.155382
0 0.973807 0.470356 0.199346 0.155382
0 0.924711 0.547478 0.199346 0.155382
0 0.990163 0.591267 0.199346 0.155382