0 0.200563 0.206892 0.165963 0.171875
0 0.225078 0.178089 0.165963 0.171875
0 0.238578 0.123552 0.165963 0.171875
0 0.362438 0.126583 0.165963 0.171875
0 0.342812 0.255367 0.165963 0.171875
0 0.313375 0.347799 0.165963 0.171875
0 0.194422 0.343243 0.165963 0.171875
0 0.174813 0.435676 0.165963 0.171875
0 0.489969 0.140212 0.165963 0.171875
0 0.543937 0.181120 0.165963 0.171875
0 0.486297 0.244768 0.165963 0.171875
0 0.539031 0.315985 0.165963 0.171875
0 0.434781 0.359923 0.165963 0.171875
0 0.394313 0.462954 0.165963 0.171875
0 0.442141 0.506892 0.165963 0.171875
0 0.493656 0.455367 0.165963 0.171875
0 0.597891 0.394768 0.165963 0.171875
0 0.622422 0.275058 0.165963 0.171875
0 0.651844 0.153861 0.165963 0.171875
0 0.745047 0.232645 0.165963 0.171875
0 0.823531 0.202336 0.165963 0.171875
0 0.772031 0.340212 0.165963 0.171875
0 0.860328 0.341737 0.165963 0.171875
0 0.747500 0.432645 0.165963 0.171875
0 0.691094 0.505367 0.165963 0.171875
0 0.855422 0.522046 0.165963 0.171875
0 0.849281 0.440212 0.165963 0.171875
0 0.297438 0.514459 0.165963 0.171875
0 0.168672 0.615985 0.165963 0.171875
0 0.081609 0.843243 0.165963 0.171875
0 0.483844 0.694768 0.165963 0.171875
0 0.488750 0.567490 0.165963 0.171875
0 0.562328 0.534151 0.165963 0.171875
0 0.633453 0.622046 0.165963 0.171875
0 0.753625 0.596274 0.165963 0.171875
0 0.762219 0.684151 0.165963 0.171875
0 0.895891 0.779614 0.165963 0.171875
0 0.930219 0.675058 0.165963 0.171875
0 0.554969 0.864459 0.165963 0.171875
0 0.617516 0.779614 0.165963 0.171875
0 0.299891 0.808398 0.165963 0.171875
0 0.341594 0.662954 0.165963 0.171875
0 0.243484 0.961429 0.165963 0.171875
0 0.418844 0.985676 0.165963 0.171875
0 0.734016 0.881120 0.165963 0.171875
0 0.862781 0.975058 0.165963 0.171875
0 0.745047 0.990212 0.165963 0.171875
0 0.973141 0.925058 0.165963 0.171875
0 0.623641 0.984151 0.165963 0.171875
0 0.196875 0.823552 0.165963 0.171875
0 0.440812 0.853359 0.165963 0.171875