0 0.062646 0.775781 0.147876 0.176215
0 0.406083 0.772750 0.147876 0.176215
0 0.781833 0.783359 0.147876 0.176215
0 0.973771 0.759109 0.147876 0.176215
0 0.880833 0.524266 0.147876 0.176215
0 0.705083 0.556078 0.147876 0.176215
0 0.480833 0.527297 0.147876 0.176215
0 0.337396 0.553047 0.147876 0.176215
0 0.214167 0.537891 0.147876 0.176215
0 0.072750 0.519719 0.147876 0.176215
0 0.119208 0.340922 0.147876 0.176215
0 0.276792 0.351531 0.147876 0.176215
0 0.373771 0.327297 0.147876 0.176215
0 0.501042 0.353047 0.147876 0.176215
0 0.630333 0.336375 0.147876 0.176215
0 0.765687 0.339406 0.147876 0.176215
0 0.899021 0.342437 0.147876 0.176215
0 0.848500 0.192438 0.147876 0.176215
0 0.707104 0.165172 0.147876 0.176215
0 0.595979 0.203047 0.147876 0.176215
0 0.387896 0.206078 0.147876 0.176215
0 0.268708 0.196984 0.147876 0.176215
0 0.092958 0.196984 0.147876 0.176215
0 0.212146 0.062141 0.147876 0.176215
0 0.323250 0.057594 0.147876 0.176215
0 0.422250 0.068203 0.147876 0.176215
0 0.533354 0.086375 0.147876 0.176215
0 0.658604 0.071234 0.147876 0.176215
0 0.757604 0.040922 0.147876 0.176215
0 0.846500 0.072750 0.147876 0.176215