0 0.286363 0.451517 0.180990 0.222222
0 0.506819 0.316667 0.180990 0.222222
0 0.684094 0.571208 0.180990 0.222222
0 0.775000 0.246967 0.180990 0.222222
0 0.601137 0.201517 0.180990 0.222222
0 0.513638 0.154542 0.180990 0.222222
0 0.345456 0.074242 0.180990 0.222222
0 0.115906 0.095458 0.180990 0.222222
0 0.602275 0.062125 0.180990 0.222222
0 0.709094 0.046967 0.180990 0.222222
0 0.865906 0.057575 0.180990 0.222222
0 0.922725 0.510608 0.180990 0.222222
0 0.923863 0.810608 0.180990 0.222222
0 0.819887 0.953183 0.180990 0.222222
0 0.582612 0.933183 0.180990 0.222222
0 0.397156 0.827725 0.180990 0.222222
0 0.140794 0.825908 0.180990 0.222222