0 0.061973 0.813978 0.118490 0.180556
0 0.233789 0.923066 0.118490 0.180556
0 0.269790 0.683066 0.118490 0.180556
0 0.079971 0.495430 0.118490 0.180556
0 0.279609 0.447428 0.118490 0.180556
0 0.155244 0.246706 0.118490 0.180556
0 0.088154 0.017611 0.118490 0.180556
0 0.304155 0.098340 0.118490 0.180556
0 0.408882 0.019792 0.118490 0.180556
0 0.502153 0.039427 0.118490 0.180556
0 0.606880 0.015430 0.118490 0.180556
0 0.705063 0.015430 0.118490 0.180556
0 0.660884 0.111432 0.118490 0.180556
0 0.757427 0.168158 0.118490 0.180556
0 0.574155 0.131068 0.118490 0.180556
0 0.543062 0.257611 0.118490 0.180556
0 0.428516 0.165977 0.118490 0.180556
0 0.322153 0.264160 0.118490 0.180556
0 0.430156 0.351432 0.118490 0.180556
0 0.382700 0.573978 0.118490 0.180556
0 0.562700 0.432155 0.118490 0.180556
0 0.651064 0.251068 0.118490 0.180556
0 0.719790 0.320885 0.118490 0.180556
0 0.806519 0.379792 0.118490 0.180556
0 0.675610 0.510703 0.118490 0.180556
0 0.783608 0.560885 0.118490 0.180556
0 0.659243 0.650339 0.118490 0.180556
0 0.525063 0.582702 0.118490 0.180556
0 0.413789 0.761615 0.118490 0.180556
0 0.559429 0.733249 0.118490 0.180556
0 0.665791 0.800885 0.118490 0.180556
0 0.798335 0.794342 0.118490 0.180556
0 0.858882 0.667793 0.118490 0.180556
0 0.876880 0.499792 0.118490 0.180556
0 0.889971 0.242337 0.118490 0.180556
0 0.970156 0.224883 0.118490 0.180556
0 0.947246 0.083066 0.118490 0.180556
0 0.981611 0.056882 0.118490 0.180556
0 0.948882 0.353613 0.118490 0.180556
0 0.927607 0.438704 0.118490 0.180556
0 0.971792 0.504160 0.118490 0.180556
0 0.979971 0.611068 0.118490 0.180556
0 0.925972 0.667793 0.118490 0.180556
0 0.983247 0.715794 0.118490 0.180556
0 0.909609 0.816159 0.118490 0.180556
0 0.991426 0.831432 0.118490 0.180556
0 0.968516 0.927428 0.118490 0.180556
0 0.803247 0.951432 0.118490 0.180556
0 0.691973 0.964518 0.118490 0.180556
0 0.565972 0.933978 0.118490 0.180556
0 0.433428 0.953613 0.118490 0.180556