0 0.009262 0.035722 0.217593 0.266493
0 0.144450 0.016079 0.217593 0.266493
0 0.310162 0.020450 0.217593 0.266493
0 0.134275 0.293171 0.217593 0.266493
0 0.042700 0.576811 0.217593 0.266493
0 0.047050 0.914991 0.217593 0.266493
0 0.227312 0.862627 0.217593 0.266493
0 0.411912 0.816811 0.217593 0.266493
0 0.586350 0.779719 0.217593 0.266493
0 0.763700 0.744803 0.217593 0.266493
0 0.935225 0.703358 0.217593 0.266493
0 0.859638 0.989174 0.217593 0.266493
0 0.677938 0.995722 0.217593 0.266493
0 0.401737 0.520075 0.217593 0.266493
0 0.228763 0.557167 0.217593 0.266493
0 0.584900 0.487355 0.217593 0.266493
0 0.746250 0.456811 0.217593 0.266493
0 0.909062 0.437167 0.217593 0.266493
0 0.968662 0.170994 0.217593 0.266493
0 0.804400 0.194991 0.217593 0.266493
0 0.648863 0.221182 0.217593 0.266493
0 0.477337 0.240807 0.217593 0.266493
0 0.313075 0.260450 0.217593 0.266493
0 0.481687 0.007355 0.217593 0.266493
0 0.644500 0.016079 0.217593 0.266493
0 0.811663 0.009531 0.217593 0.266493
0 0.961387 0.018255 0.217593 0.266493
0 0.997738 0.371726 0.217593 0.266493
0 0.994825 0.976079 0.217593 0.266493
0 0.004900 0.314991 0.217593 0.266493