0 0.055312 0.074245 0.141379 0.210938
0 0.195837 0.077264 0.141379 0.210938
0 0.334363 0.075755 0.141379 0.210938
0 0.483925 0.034849 0.141379 0.210938
0 0.642525 0.034849 0.141379 0.210938
0 0.797113 0.036358 0.141379 0.210938
0 0.942662 0.034849 0.141379 0.210938
0 0.929613 0.198491 0.141379 0.210938
0 0.769000 0.210604 0.141379 0.210938
0 0.617425 0.209094 0.141379 0.210938
0 0.478913 0.216660 0.141379 0.210938
0 0.339375 0.250000 0.141379 0.210938
0 0.182787 0.257585 0.141379 0.210938
0 0.054300 0.256057 0.141379 0.210938
0 0.030213 0.451509 0.141379 0.210938
0 0.174763 0.483340 0.141379 0.210938
0 0.317300 0.451509 0.141379 0.210938
0 0.467863 0.431811 0.141379 0.210938
0 0.609400 0.430302 0.141379 0.210938
0 0.761975 0.410604 0.141379 0.210938
0 0.911537 0.404547 0.141379 0.210938
0 0.930613 0.606057 0.141379 0.210938
0 0.773012 0.616660 0.141379 0.210938
0 0.587313 0.637887 0.141379 0.210938
0 0.452812 0.633340 0.141379 0.210938
0 0.287187 0.651509 0.141379 0.210938
0 0.131600 0.674245 0.141379 0.210938
0 0.018162 0.646962 0.141379 0.210938
0 0.018162 0.883340 0.141379 0.210938
0 0.147663 0.900000 0.141379 0.210938
0 0.308262 0.878792 0.141379 0.210938
0 0.466863 0.877264 0.141379 0.210938
0 0.624462 0.869698 0.141379 0.210938
0 0.797113 0.833340 0.141379 0.210938
0 0.956712 0.846962 0.141379 0.210938
0 0.830238 0.971208 0.141379 0.210938