0 0.416092 0.196313 0.098958 0.164062
0 0.325183 0.330863 0.098958 0.164062
0 0.285183 0.467225 0.098958 0.164062
0 0.299725 0.623587 0.098958 0.164062
0 0.359125 0.769050 0.098958 0.164062
0 0.463367 0.843587 0.098958 0.164062
0 0.585792 0.843587 0.098958 0.164062
0 0.691242 0.776312 0.098958 0.164062
0 0.742150 0.656312 0.098958 0.164062
0 0.768817 0.523587 0.098958 0.164062
0 0.742150 0.392687 0.098958 0.164062
0 0.688817 0.267225 0.098958 0.164062
0 0.614875 0.178137 0.098958 0.164062
0 0.522758 0.141775 0.098958 0.164062