0 0.060508 0.014566 0.180715 0.192708
0 0.009115 0.180376 0.180715 0.192708
0 0.148846 0.173835 0.180715 0.192708
0 0.233977 0.027649 0.180715 0.192708
0 0.413862 0.023292 0.180715 0.192708
0 0.606600 0.018924 0.180715 0.192708
0 0.791308 0.018924 0.180715 0.192708
0 0.961562 0.016740 0.180715 0.192708
0 0.898923 0.149833 0.180715 0.192708
0 0.706185 0.156385 0.180715 0.192708
0 0.516662 0.165110 0.180715 0.192708
0 0.333554 0.182560 0.180715 0.192708
0 0.100662 0.874201 0.180715 0.192708
0 0.295008 0.874201 0.180715 0.192708
0 0.498992 0.863292 0.180715 0.192708
0 0.691731 0.872017 0.180715 0.192708
0 0.884469 0.863292 0.180715 0.192708
0 0.984046 0.680021 0.180715 0.192708
0 0.047662 0.350564 0.180715 0.192708
0 0.005900 0.518558 0.180715 0.192708
0 0.026785 0.693103 0.180715 0.192708
0 0.129577 0.527294 0.180715 0.192708
0 0.232369 0.352748 0.180715 0.192708
0 0.209885 0.701839 0.180715 0.192708
0 0.315892 0.525110 0.180715 0.192708
0 0.418685 0.348380 0.180715 0.192708
0 0.402623 0.690930 0.180715 0.192708
0 0.497385 0.505475 0.180715 0.192708
0 0.590538 0.684378 0.180715 0.192708
0 0.688515 0.516385 0.180715 0.192708
0 0.595362 0.335287 0.180715 0.192708
0 0.781677 0.328746 0.180715 0.192708
0 0.988869 0.339655 0.180715 0.192708
0 0.878046 0.503292 0.180715 0.192708
0 0.784885 0.682194 0.180715 0.192708