0 0.126271 0.550689 0.074503 0.591146
0 0.559021 0.203475 0.074503 0.591146
0 0.339937 0.587246 0.074503 0.591146
0 0.597729 0.589672 0.074503 0.591146
0 0.187438 0.197377 0.074503 0.591146
0 0.180458 0.561672 0.074503 0.591146
0 0.499417 0.594557 0.074503 0.591146
0 0.792042 0.615279 0.074503 0.591146
0 0.292708 0.199836 0.074503 0.591146
0 0.285750 0.577508 0.074503 0.591146
0 0.458375 0.596984 0.074503 0.591146
0 0.234646 0.190066 0.074503 0.591146
0 0.395667 0.600656 0.074503 0.591146
0 0.627917 0.207115 0.074503 0.591146
0 0.883396 0.626230 0.074503 0.591146
0 0.715396 0.600656 0.074503 0.591146
0 0.746354 0.615279 0.074503 0.591146
0 0.363938 0.213213 0.074503 0.591146
0 0.470000 0.204689 0.074503 0.591146
0 0.641083 0.587246 0.074503 0.591146
0 0.233875 0.567770 0.074503 0.591146
0 0.086792 0.560459 0.074503 0.591146
0 0.991771 0.617705 0.074503 0.591146
0 0.957708 0.622590 0.074503 0.591146
0 0.838479 0.627443 0.074503 0.591146
0 0.925187 0.626230 0.074503 0.591146
0 0.552063 0.584820 0.074503 0.591146