0 0.504733 0.467814 0.186441 0.204861
0 0.502467 0.801613 0.186441 0.204861
0 0.781200 0.631075 0.186441 0.204861
0 0.678100 0.460502 0.186441 0.204861
0 0.220333 0.637168 0.186441 0.204861
0 0.581800 0.302115 0.186441 0.204861
0 0.679233 0.142509 0.186441 0.204861
0 0.767600 0.305771 0.186441 0.204861
0 0.235067 0.310645 0.186441 0.204861
0 0.703033 0.794301 0.186441 0.204861
0 0.415233 0.308208 0.186441 0.204861
0 0.599900 0.632294 0.186441 0.204861
0 0.857100 0.447097 0.186441 0.204861
0 0.418633 0.635950 0.186441 0.204861
0 0.130833 0.470251 0.186441 0.204861
0 0.324600 0.482437 0.186441 0.204861
0 0.325733 0.148602 0.186441 0.204861
0 0.482067 0.151039 0.186441 0.204861
0 0.311000 0.822330 0.186441 0.204861