0 0.139306 0.146008 0.060193 0.230903
0 0.454542 0.765308 0.060193 0.230903
0 0.068153 0.715011 0.060193 0.230903
0 0.293292 0.143079 0.060193 0.230903
0 0.171444 0.731826 0.060193 0.230903
0 0.075236 0.151847 0.060193 0.230903
0 0.242500 0.738259 0.060193 0.230903
0 0.284681 0.412081 0.060193 0.230903
0 0.718875 0.398917 0.060193 0.230903
0 0.661500 0.102144 0.060193 0.230903
0 0.253125 0.147452 0.060193 0.230903
0 0.171833 0.148917 0.060193 0.230903
0 0.922597 0.096285 0.060193 0.230903
0 0.719833 0.096285 0.060193 0.230903
0 0.820639 0.818068 0.060193 0.230903
0 0.355931 0.743800 0.060193 0.230903
0 0.596458 0.398917 0.060193 0.230903
0 0.431014 0.126985 0.060193 0.230903
0 0.471181 0.116752 0.060193 0.230903
0 0.105833 0.154777 0.060193 0.230903
0 0.118264 0.407686 0.060193 0.230903
0 0.782000 0.396008 0.060193 0.230903
0 0.136444 0.721295 0.060193 0.230903
0 0.511347 0.110913 0.060193 0.230903
0 0.448222 0.410616 0.060193 0.230903
0 0.358319 0.406242 0.060193 0.230903
0 0.855639 0.091911 0.060193 0.230903
0 0.555333 0.112378 0.060193 0.230903
0 0.647347 0.789851 0.060193 0.230903
0 0.522819 0.400382 0.060193 0.230903
0 0.221556 0.148917 0.060193 0.230903
0 0.225389 0.417919 0.060193 0.230903
0 0.306583 0.744544 0.060193 0.230903
0 0.325806 0.410616 0.060193 0.230903
0 0.373625 0.129915 0.060193 0.230903
0 0.492403 0.772463 0.060193 0.230903
0 0.399347 0.752293 0.060193 0.230903
0 0.552083 0.775817 0.060193 0.230903
0 0.789653 0.091911 0.060193 0.230903
0 0.030764 0.718514 0.060193 0.230903
0 0.161306 0.412081 0.060193 0.230903
0 0.277986 0.733291 0.060193 0.230903
0 0.558208 0.400382 0.060193 0.230903
0 0.899639 0.394544 0.060193 0.230903
0 0.053236 0.403312 0.060193 0.230903
0 0.841306 0.391614 0.060193 0.230903
0 0.967542 0.824947 0.060193 0.230903
0 0.890653 0.809151 0.060193 0.230903
0 0.481694 0.406242 0.060193 0.230903
0 0.336319 0.132845 0.060193 0.230903
0 0.618458 0.103609 0.060193 0.230903
0 0.763264 0.804034 0.060193 0.230903
0 0.395625 0.404777 0.060193 0.230903
0 0.990500 0.068514 0.060193 0.230903
0 0.095417 0.707261 0.060193 0.230903
0 0.652889 0.397452 0.060193 0.230903
0 0.209319 0.734735 0.060193 0.230903
0 0.087667 0.403312 0.060193 0.230903
0 0.969458 0.391614 0.060193 0.230903
0 0.602583 0.779342 0.060193 0.230903
0 0.701278 0.797028 0.060193 0.230903