0 0.690733 0.843057 0.117791 0.295139
0 0.058347 0.116635 0.117791 0.295139
0 0.376253 0.448626 0.117791 0.295139
0 0.977787 0.844597 0.117791 0.295139
0 0.893467 0.838626 0.117791 0.295139
0 0.478213 0.832393 0.117791 0.295139
0 0.150893 0.479076 0.117791 0.295139
0 0.257147 0.853720 0.117791 0.295139
0 0.171453 0.124242 0.117791 0.295139
0 0.158600 0.858294 0.117791 0.295139
0 0.379680 0.116635 0.117791 0.295139
0 0.305133 0.465379 0.117791 0.295139
0 0.808973 0.861327 0.117791 0.295139
0 0.703587 0.460806 0.117791 0.295139
0 0.848400 0.098365 0.117791 0.295139
0 0.493640 0.459289 0.117791 0.295139
0 0.592187 0.841540 0.117791 0.295139
0 0.504787 0.099882 0.117791 0.295139
0 0.044627 0.511066 0.117791 0.295139
0 0.592187 0.457773 0.117791 0.295139
0 0.377960 0.843057 0.117791 0.295139
0 0.768707 0.418175 0.117791 0.295139
0 0.284560 0.113578 0.117791 0.295139
0 0.732720 0.081611 0.117791 0.295139
0 0.973507 0.099882 0.117791 0.295139
0 0.841547 0.419692 0.117791 0.295139
0 0.638453 0.101398 0.117791 0.295139
0 0.051493 0.838483 0.117791 0.295139
0 0.918667 0.448626 0.117791 0.295139