0 0.874248 0.468799 0.122899 0.195312
0 0.140882 0.082282 0.122899 0.195312
0 0.818617 0.195976 0.122899 0.195312
0 0.199900 0.837658 0.122899 0.195312
0 0.651723 0.597658 0.122899 0.195312
0 0.499980 0.092402 0.122899 0.195312
0 0.139198 0.521862 0.122899 0.195312
0 0.828737 0.569850 0.122899 0.195312
0 0.334770 0.377868 0.122899 0.195312
0 0.508417 0.898288 0.122899 0.195312
0 0.317916 0.064595 0.122899 0.195312
0 0.734329 0.809850 0.122899 0.195312
0 0.144269 0.655766 0.122899 0.195312
0 0.469639 0.592613 0.122899 0.195312
0 0.336453 0.195976 0.122899 0.195312
0 0.720842 0.420811 0.122899 0.195312
0 0.387034 0.567327 0.122899 0.195312
0 0.926513 0.963964 0.122899 0.195312
0 0.076834 0.562282 0.122899 0.195312
0 0.599459 0.643123 0.122899 0.195312
0 0.289259 0.590060 0.122899 0.195312
0 0.043106 0.696186 0.122899 0.195312
0 0.535391 0.140390 0.122899 0.195312
0 0.439299 0.324805 0.122899 0.195312
0 0.742766 0.506697 0.122899 0.195312
0 0.284188 0.759339 0.122899 0.195312
0 0.100421 0.350060 0.122899 0.195312
0 0.434228 0.415766 0.122899 0.195312
0 0.665210 0.132823 0.122899 0.195312
0 0.007695 0.807327 0.122899 0.195312
0 0.368497 0.761862 0.122899 0.195312
0 0.899539 0.180811 0.122899 0.195312
0 0.360060 0.658288 0.122899 0.195312
0 0.668577 0.731532 0.122899 0.195312
0 0.521904 0.466276 0.122899 0.195312
0 0.186413 0.372823 0.122899 0.195312
0 0.975411 0.675976 0.122899 0.195312
0 0.553928 0.342492 0.122899 0.195312
0 0.923146 0.249009 0.122899 0.195312
0 0.026253 0.569850 0.122899 0.195312
0 0.088637 0.208589 0.122899 0.195312
0 0.245411 0.332402 0.122899 0.195312
0 0.555631 0.246486 0.122899 0.195312
0 0.881002 0.655766 0.122899 0.195312
0 0.725892 0.607748 0.122899 0.195312
0 0.225190 0.471321 0.122899 0.195312
0 0.009399 0.122703 0.122899 0.195312
0 0.638236 0.441021 0.122899 0.195312
0 0.375230 0.468799 0.122899 0.195312
0 0.945070 0.456186 0.122899 0.195312
0 0.398838 0.259129 0.122899 0.195312
0 0.088637 0.900811 0.122899 0.195312
0 0.221824 0.228799 0.122899 0.195312
0 0.688818 0.291952 0.122899 0.195312
0 0.594389 0.850270 0.122899 0.195312
0 0.818617 0.852823 0.122899 0.195312
0 0.420741 0.650691 0.122899 0.195312
0 0.609579 0.529429 0.122899 0.195312
0 0.029619 0.398078 0.122899 0.195312
0 0.548878 0.597658 0.122899 0.195312
0 0.110541 0.761862 0.122899 0.195312
0 0.317916 0.486486 0.122899 0.195312
0 0.741062 0.915976 0.122899 0.195312
0 0.837174 0.352613 0.122899 0.195312
0 0.419058 0.135345 0.122899 0.195312
0 0.791643 0.673453 0.122899 0.195312
0 0.982144 0.370270 0.122899 0.195312
0 0.326333 0.883123 0.122899 0.195312
0 0.754549 0.145435 0.122899 0.195312
0 0.478076 0.731532 0.122899 0.195312
0 0.945070 0.564805 0.122899 0.195312
0 0.412325 0.918498 0.122899 0.195312
0 0.943387 0.817447 0.122899 0.195312
0 0.435932 0.491532 0.122899 0.195312