0 0.081137 0.039475 0.210938 0.135417
0 0.079625 0.160525 0.210938 0.135417
0 0.084012 0.286287 0.210938 0.135417
0 0.081137 0.427350 0.210938 0.135417
0 0.085525 0.574163 0.210938 0.135417
0 0.085525 0.674162 0.210938 0.135417
0 0.081137 0.810525 0.210938 0.135417
0 0.303712 0.813712 0.210938 0.135417
0 0.291587 0.680225 0.210938 0.135417
0 0.299162 0.549925 0.210938 0.135417
0 0.284013 0.425838 0.210938 0.135417
0 0.285525 0.295375 0.210938 0.135417
0 0.294775 0.186287 0.210938 0.135417
0 0.300837 0.045375 0.210938 0.135417
0 0.491588 0.042500 0.210938 0.135417
0 0.494775 0.180225 0.210938 0.135417
0 0.490075 0.268263 0.210938 0.135417
0 0.505225 0.434925 0.210938 0.135417
0 0.496287 0.551437 0.210938 0.135417
0 0.505225 0.681737 0.210938 0.135417
0 0.505225 0.807500 0.210938 0.135417
0 0.726437 0.819775 0.210938 0.135417
0 0.726437 0.687800 0.210938 0.135417
0 0.714475 0.560525 0.210938 0.135417
0 0.714475 0.427350 0.210938 0.135417
0 0.712800 0.287800 0.210938 0.135417
0 0.696287 0.187800 0.210938 0.135417
0 0.696287 0.060525 0.210938 0.135417
0 0.897650 0.054625 0.210938 0.135417
0 0.906737 0.175837 0.210938 0.135417
0 0.911287 0.307500 0.210938 0.135417
0 0.922050 0.436287 0.210938 0.135417
0 0.922050 0.563712 0.210938 0.135417
0 0.917500 0.678713 0.210938 0.135417
0 0.920375 0.809013 0.210938 0.135417
0 0.932500 0.962200 0.210938 0.135417
0 0.729625 0.959013 0.210938 0.135417
0 0.496287 0.956137 0.210938 0.135417
0 0.290075 0.965075 0.210938 0.135417
0 0.065987 0.959013 0.210938 0.135417