0 0.336365 0.248735 0.180851 0.203993
0 0.530896 0.831490 0.180851 0.203993
0 0.456219 0.162673 0.180851 0.203993
0 0.771854 0.393816 0.180851 0.203993
0 0.188896 0.537653 0.180851 0.203993
0 0.484458 0.452816 0.180851 0.203993
0 0.194542 0.371694 0.180851 0.203993
0 0.793198 0.595429 0.180851 0.203993
0 0.468146 0.300388 0.180851 0.203993
0 0.194542 0.723306 0.180851 0.203993
0 0.641958 0.513061 0.180851 0.203993
0 0.675844 0.709776 0.180851 0.203993
0 0.349542 0.578224 0.180851 0.203993
0 0.600552 0.209408 0.180851 0.203993
0 0.360208 0.770020 0.180851 0.203993
0 0.346406 0.382755 0.180851 0.203993
0 0.493875 0.607735 0.180851 0.203993
0 0.634437 0.353245 0.180851 0.203993
0 0.749896 0.251204 0.180851 0.203993