0 0.951839 0.246814 0.213235 0.175347
0 0.847668 0.065133 0.213235 0.175347
0 0.436188 0.753097 0.213235 0.175347
0 0.636861 0.408496 0.213235 0.175347
0 0.069193 0.281903 0.213235 0.175347
0 0.942915 0.573894 0.213235 0.175347
0 0.179641 0.130265 0.213235 0.175347
0 0.084395 0.592699 0.213235 0.175347
0 0.309193 0.582655 0.213235 0.175347
0 0.419686 0.129027 0.213235 0.175347
0 0.551749 0.919779 0.213235 0.175347
0 0.511121 0.023761 0.213235 0.175347
0 0.532735 0.585177 0.213235 0.175347
0 0.396816 0.418496 0.213235 0.175347
0 0.871794 0.739292 0.213235 0.175347
0 0.019641 0.769381 0.213235 0.175347
0 0.201256 0.025044 0.213235 0.175347
0 0.634305 0.100221 0.213235 0.175347
0 0.326996 0.932301 0.213235 0.175347
0 0.297758 0.273142 0.213235 0.175347
0 0.108565 0.932301 0.213235 0.175347
0 0.182197 0.419779 0.213235 0.175347
0 0.855291 0.410973 0.213235 0.175347
0 0.664798 0.736814 0.213235 0.175347
0 0.718161 0.565133 0.213235 0.175347
0 0.201256 0.763097 0.213235 0.175347
0 0.553049 0.270619 0.213235 0.175347
0 0.348565 0.027522 0.213235 0.175347
0 0.738475 0.246814 0.213235 0.175347
0 0.775291 0.918496 0.213235 0.175347
0 0.961973 0.918496 0.213235 0.175347