0 0.113120 0.533968 0.111728 0.151910
0 0.204135 0.125185 0.111728 0.151910
0 0.175451 0.684815 0.111728 0.151910
0 0.811203 0.519947 0.111728 0.151910
0 0.727669 0.256772 0.111728 0.151910
0 0.377406 0.526931 0.111728 0.151910
0 0.579323 0.667302 0.111728 0.151910
0 0.448459 0.119947 0.111728 0.151910
0 0.545677 0.393598 0.111728 0.151910
0 0.720188 0.676085 0.111728 0.151910
0 0.922143 0.107619 0.111728 0.151910
0 0.733910 0.114656 0.111728 0.151910
0 0.914662 0.240952 0.111728 0.151910
0 0.712707 0.516402 0.111728 0.151910
0 0.343722 0.121693 0.111728 0.151910
0 0.068271 0.265556 0.111728 0.151910
0 0.449699 0.270794 0.111728 0.151910
0 0.166729 0.272540 0.111728 0.151910
0 0.250263 0.405873 0.111728 0.151910
0 0.534474 0.118148 0.111728 0.151910
0 0.637932 0.109418 0.111728 0.151910
0 0.649135 0.397090 0.111728 0.151910
0 0.748872 0.386614 0.111728 0.151910
0 0.160489 0.411164 0.111728 0.151910
0 0.032105 0.542751 0.111728 0.151910
0 0.543195 0.516402 0.111728 0.151910
0 0.255226 0.274286 0.111728 0.151910
0 0.060789 0.669048 0.111728 0.151910
0 0.540677 0.260265 0.111728 0.151910
0 0.968271 0.500635 0.111728 0.151910
0 0.349962 0.414656 0.111728 0.151910
0 0.209098 0.530423 0.111728 0.151910
0 0.296353 0.526931 0.111728 0.151910
0 0.125602 0.123439 0.111728 0.151910
0 0.854812 0.390106 0.111728 0.151910
0 0.955789 0.381323 0.111728 0.151910
0 0.297632 0.674286 0.111728 0.151910
0 0.831128 0.112910 0.111728 0.151910
0 0.353722 0.276085 0.111728 0.151910
0 0.888496 0.677831 0.111728 0.151910
0 0.464662 0.530423 0.111728 0.151910
0 0.631692 0.260265 0.111728 0.151910
0 0.818684 0.255026 0.111728 0.151910
0 0.442218 0.672540 0.111728 0.151910
0 0.069511 0.398889 0.111728 0.151910
0 0.445940 0.393598 0.111728 0.151910