0 0.450008 0.095275 0.207516 0.104167
0 0.179585 0.671712 0.207516 0.104167
0 0.161979 0.557681 0.207516 0.104167
0 0.209984 0.324594 0.207516 0.104167
0 0.171580 0.902288 0.207516 0.104167
0 0.442011 0.439881 0.207516 0.104167
0 0.363599 0.788256 0.207516 0.104167
0 0.368404 0.670463 0.207516 0.104167
0 0.835650 0.669206 0.207516 0.104167
0 0.163583 0.214319 0.207516 0.104167
0 0.608428 0.674219 0.207516 0.104167
0 0.168380 0.794519 0.207516 0.104167
0 0.296393 0.091512 0.207516 0.104167
0 0.579625 0.438631 0.207516 0.104167
0 0.330000 0.906050 0.207516 0.104167
0 0.296393 0.436125 0.207516 0.104167
0 0.771644 0.441138 0.207516 0.104167
0 0.310798 0.215575 0.207516 0.104167
0 0.493216 0.211812 0.207516 0.104167
0 0.160383 0.441138 0.207516 0.104167
0 0.299593 0.560187 0.207516 0.104167
0 0.171580 0.087756 0.207516 0.104167
0 0.658037 0.099031 0.207516 0.104167