0 0.064088 0.921301 0.200000 0.309028
0 0.062200 0.550149 0.200000 0.309028
0 0.062200 0.146759 0.200000 0.309028
0 0.302475 0.130618 0.200000 0.309028
0 0.283550 0.543710 0.200000 0.309028
0 0.510588 0.537249 0.200000 0.309028
0 0.493562 0.940661 0.200000 0.309028
0 0.291125 0.908380 0.200000 0.309028
0 0.707363 0.892239 0.200000 0.309028
0 0.934400 0.911620 0.200000 0.309028
0 0.940075 0.559851 0.200000 0.309028
0 0.713037 0.521109 0.200000 0.309028
0 0.722487 0.130618 0.200000 0.309028
0 0.919262 0.137079 0.200000 0.309028
0 0.510588 0.108017 0.200000 0.309028