0 0.038737 0.037828 0.156250 0.208333
0 0.008437 0.171156 0.156250 0.208333
0 0.139350 0.234797 0.156250 0.208333
0 0.022988 0.413578 0.156250 0.208333
0 0.010862 0.619641 0.156250 0.208333
0 0.053288 0.636312 0.156250 0.208333
0 0.099350 0.733281 0.156250 0.208333
0 0.055587 0.952672 0.156250 0.208333
0 0.184687 0.858875 0.156250 0.208333
0 0.282500 0.719187 0.156250 0.208333
0 0.169050 0.546906 0.156250 0.208333
0 0.146263 0.383281 0.156250 0.208333
0 0.247587 0.346156 0.156250 0.208333
0 0.254500 0.045094 0.156250 0.208333
0 0.135837 0.029797 0.156250 0.208333
0 0.392437 0.012375 0.156250 0.208333
0 0.490138 0.016609 0.156250 0.208333
0 0.415100 0.097375 0.156250 0.208333
0 0.331350 0.169344 0.156250 0.208333
0 0.495350 0.176000 0.156250 0.208333
0 0.415100 0.324344 0.156250 0.208333
0 0.340075 0.507516 0.156250 0.208333
0 0.415100 0.699641 0.156250 0.208333
0 0.364438 0.917828 0.156250 0.208333
0 0.486625 0.911156 0.156250 0.208333
0 0.430862 0.987516 0.156250 0.208333
0 0.594862 0.935250 0.156250 0.208333
0 0.573900 0.738875 0.156250 0.208333
0 0.495350 0.529344 0.156250 0.208333
0 0.636800 0.557828 0.156250 0.208333
0 0.751950 0.597062 0.156250 0.208333
0 0.704800 0.837063 0.156250 0.208333
0 0.800800 0.978875 0.156250 0.208333
0 0.683950 0.970094 0.156250 0.208333
0 0.837525 0.786906 0.156250 0.208333
0 0.933525 0.891609 0.156250 0.208333
0 0.961412 0.671156 0.156250 0.208333
0 0.902138 0.483578 0.156250 0.208333
0 0.806137 0.503281 0.156250 0.208333
0 0.724075 0.446453 0.156250 0.208333
0 0.601900 0.346156 0.156250 0.208333
0 0.610625 0.134484 0.156250 0.208333
0 0.687350 0.014484 0.156250 0.208333
0 0.828800 0.014484 0.156250 0.208333
0 0.977163 0.112672 0.156250 0.208333
0 0.868925 0.145391 0.156250 0.208333
0 0.902138 0.285094 0.156250 0.208333
0 0.758988 0.311156 0.156250 0.208333
0 0.725775 0.145391 0.156250 0.208333
0 0.982375 0.431156 0.156250 0.208333