0 0.401477 0.185848 0.229167 0.118056
0 0.645477 0.901476 0.229167 0.118056
0 0.904162 0.671176 0.229167 0.118056
0 0.883954 0.416632 0.229167 0.118056
0 0.640423 0.498443 0.229167 0.118056
0 0.298877 0.610565 0.229167 0.118056
0 0.165492 0.425721 0.229167 0.118056
0 0.080615 0.306021 0.229167 0.118056
0 0.051308 0.237843 0.229167 0.118056
0 0.031100 0.184810 0.229167 0.118056
0 0.128108 0.175721 0.229167 0.118056
0 0.212985 0.215110 0.229167 0.118056
0 0.271592 0.284810 0.229167 0.118056
0 0.429231 0.368143 0.229167 0.118056
0 0.641431 0.319654 0.229167 0.118056
0 0.471669 0.245421 0.229167 0.118056
0 0.279677 0.140877 0.229167 0.118056